376701872
321820208
765709043
819408880
639261805
521201354
7172464
780360907
240853384
151457742
298466126
416189734
124742738
161566750
493291429
481038778
409158325
951979430
783007793
438976523
440485591
163247072
78098984
275527515
308024444
168349368
423889166
168234582
827159852
914298923
465210963
368826477
661182399
257562137
254246394
611355081
185786333
97688108
183198908
834987450
360064045
61865035
421314098
401486951
129419516
732557492
448268556
797111700
264507167
446788298
823680336
263318728
222961428
861550271
875912861
947089017
570545518
971421539
184136543
316763183
749331827
100883830
666501368
866632311
996370727
117679516
545380396
270260331
230049477
421497910
449303803
722450960
91051030
225985249
760081798
491341114
881753271
89659323
786139209
280819939
116151879
85443212
551983644
509788657
783618446
472240385
746430237
546028049
84434206
418164703
926796715
2564715
583646836
604972399
703591960
819681991
125430904
205613380
635551560
837178774
951325052
628328005
241960404
955640423
612027454
915148791
368413463
708991913
899890332
50531001
673104484
211755785
747109252
85546102
630180722
106405396
377643581
245305806
557949319
675901009
656716448
73799010
304502074
548565165
677734058
181401108
565436709
227902709
62838794
239470927
268149669
168711801
779494967
895149259
241131162
772832294
882906097
850016667
870450430
971327636
919687007
478114910
616743582
652336788
566223669
49379215
984603959
368960524
231047223
230412445
324256933
214740846
898279392
906342980
100181054
53368070
274863667
292669246
790201445
397832259
869914181
739668947
390763045
238522033
177716516
264108559
69510889
275550666
542259659
534289143
821524663
791086593
661287555
371516161
224769383
703678416
42279491
718846015
235089183
474401286
789906818
551244424
857943492
684797776
639525696
313505289
250524658
623443202
469775540
430887418
480926938
171528347
594656295
162973302
864250274
121889963
303120996
49797227
822803375
406670633
615360968
140118034
323287400
368383727
498621216
500837677
651191584
407202491
408233302
445157247
693161857
338364084
718888182
682927280
188176303
13777522
2907726
714304420
358129909
570309106
604531410
103667973
712854327
76873863
460850934
723308269
526938577
955198103
565696979
584779429
793700294
671204798
137885493
94476584
315718310
159103237
195912264
313819714
942067996
170360270
445066656
691275112
202353824
480735880
832981422
351208110
348132371
591535108
48785245
14157727
242644031
901929921
522498391
185835825
253951298
187943418
361117195
753059154
277705895
33690890
764605880
991026799
867428695
737212193
418638574
468832470
62343300
605399104
196338272
710083902
585799511
412930104
261181865
810565198
256185306
197188066
292454008
867257312
118922547
6446730
442759920
231723590
112807423
478472036
860319529
504125489
349935079
131679871
161401855
555162169
901950643
362821452
264092545
317152542
701393317
661266710
537659632
913607593
938008396
916582038
811115030
520011163
597906773
468358067
633481384
16504070
805698636
467261904
140394871
441444009
254726666
837657506
236228022
343909434
387153685
742276909
237553195
230108887
751041751
218622023
773140484
71356882
356932713
798828744
531513764
144260364
258029975
164585413
227483125
363356478
102828656
244117361
607310564
480244549
6105458
718471145
349088858
605573311
970314761
907823302
89620745
318468901
956529189
985113715
948477325
320044336
520053867
988637572
736459786
868934934
286012747
910172584
757706722
220744462
67209811
931723078
797206226
442156586
354267876
147142974
116931566
517403516
997421851
648870870
628023497
462241904
397932499
49938864
928930741
156178928
475574008
361793823
780167902
969067287
841899997
497071308
912115390
45684555
688477573
144724869
86030193
486708997
549650470
659272221
122316197
2152939
635377666
146859661
435321369
834016662
250706485
993909979
905998170
251796260
282912257
234313099
64373334
179657043
515400528
369480877
526928401
396123251
692507513
689255016
920520483
447222168
666920686
444802880
958473023
235773953
398743691
457967435
154040406
917762209
567554854
54714650
234052205
879796410
258908395
687456711
641290547
657029732
308096836
398359669
516720400
76263363
908616768
311458408
316623004
324372351
177932957
771169375
845999930
258311083
693187228
9812061
736095335
424537537
423298895
173268326
833226117
219856688
835311148
111516806
571385625
246105924
512762758
506171090
799495175
283152845
392988529
579570111
986278556
279261029
46281015
87125494
648007234
605467852
730384931
922626903
75267311
478141673
544474154
375655612
955099087
60360010
293739206
497483353
853625700
221305520
988463948
908824172
949710435
59651466
868180774
370751738
268886604
249772876
232189282
956655895
730824203
246015798
824024541
220640364
665135846
459468726
917133905
59574558
807009248
98660768
179027107
939484216
500658412
46750830
14190264
196397212
934981937
646224729
969674063
455081752
917881882
532456878
337971941
888346451
530749426
310907990
56943082
735539751
812471683
440347850
794010474
893806357
222200908
972470738
501751557
170534889
622635914
897184284
9706381
305147425
322821194
174110891
132811453
774058165
518661983
991058
159345183
992937395
883218224
144902872
366767664
261160236
398025882
975179692
766789456
323487927
386887456
697010862
437835672
693729895
45392315
900086762
917135136
512664738
473680169
65420689
650313055
273972571
809319324
590527845
92020449
66554842
30491502
609858837
751372234
924400959
22154270
394457836
233436631
404576167
712062592
101463952
980844820
651942539
290052811
297364361
558233278
577512734
299937037
99001638
240740041
667706794
633661403
108590994
695901615
575099745
170629200
947775020
208769454
211770271
840781452
550959137
727312619
723734497
694099186
357026351
942963764
305511901
3116052
447561371
23926442
216101654
244326101
817041662
762234189
883927465
823401291
116294994
672094373
993761730
456595835
364879024
738351570
673992505
84171716
995211860
533043040
250210771
541602146
901974552
330328994
356206018
75079040
544613993
621658494
444121556
987503255
150873808
43318507
89243645
273538927
310941353
199653013
660887285
505143604
962112720
995498066
916066585
341270527
674107435
663360842
914853682
736735575
861911980
852317274
118076226
306007069
520371270
69008275
787888290
106798534
285720006
316235232
33931972
104212899
692296300
600729727
299473956
768941039
918626066
154990798
809684246
257606414
498476184
768970570
75868640
49874319
981586502
173635372
552257145
15451595
61039751
77378635
27744054
876986137
458226351
574226340
793579602
298231316
677690468
788968522
980595250
826341818
448652187
459262079
955763396
462926819
730484827
675633971
815047376
993036652
8009983
461169048
827196715
601641869
802073068
731283437
16585143
27823785
84492134
262099635
831393012
23756373
184515990
761329984
264044852
164623930
938324795
332029089
596592897
819455252
87717138
857011058
226842464
853430916
73446646
867951895
871732676
846164937
172458005
825470751
547104923
869859882
251939212
914253097
858792100
141446410
140535867
333512583
852649679
480233218
565034650
572391755
163600436
266457355
656447610
186995390
476463820
167749503
359367658
538475753
483614099
52750280
584054917
326136874
849764566
702364114
409722634
354113592
590579880
35946937
120223604
6060124
227401974
337478620
853962292
502550841
905216673
810660489
952830179
738070634
607241106
361012861
964744063
439200661
220042523
408018496
53035608
20488140
333298605
374137116
968845171
655347656
142038782
20934094
830228820
628210896
49140502
113849426
340613339
842417345
15981867
75851302
900298598
39482631
258776835
982965632
161610137
382076399
315162881
242257901
427070982
570883552
722851192
850256483
414891474
788423414
626212895
927670719
292698864
523876986
813833136
388974895
778949430
70205253
334563690
9276957
618271715
210361914
860061061
631828322
838423536
602098417
349162527
955075836
717137440
967467417
730470956
346797496
783459965
751849009
701704973
491329915
139544395
746833307
505512464
89983108
515337297
244278803
260224050
8530687
630626503
438331425
512348021
862850844
445357295
608522049
502814038
546815877
26204570
308567544
350230159
158412827
736405429
403807789
93886799
997362769
533845144
428948316
972887636
14550641
929406863
431358466
877233135
585307985
888616256
210244879
170541415
510112668
96377481
822340723
702945321
965957167
673011131
858909297
531803575
628720507
740171992
26881653
921195836
845929482
439469973
300105401
420116838
225433416
643485799
220586668
573206126
418960425
150234389
489703416
776070498
328125997
164021154
669529418
365530487
99901786
490776977
362440413
173630444
118510987
61642513
76340732
340095256
805172422
936972449
779605953
753545960
303197881
946091955
575406431
727841325
75912017
942980997
47596705
682504963
59443236
60805463
247126580
606357612
773435217
951525335
17121897
290785628
792488433
354285975
496343129
839350877
331618930
864075640
291247880
137821412
75505816
387001428
587589380
435193705
835943110
378504633
252682471
248872542
819249721
199674537
697762429
403197404
322362564
779082068
483462112
1199455
81548753
924881892
176399250
723564890
67603043
441148482
704345727
708262908
183240107
537991794
944155734
33952570
178293195
788641575
897382471
470783123
982670051
410861969
351269061
659697956
735923208
644171478
996763059
517455001
367599573
76633657
15144976
882544251
933341956
722907154
222543443
692422490
846577488
572113556
563844
372684100
54387411
468758183
103800999
44560647
593744800
388224247
326626241
279849036
511520117
776411872
19179571
641598082
987726086
462982073
823860915
418047511
548785835
630213351
310707083
592830197
367959852
482496730
80472770
539761347
42795136
763229552
715787191
59562587
387362572
53181445
161952508
983207936
700109436
379407847
84992694
728051866
