1000
22 80 50 23 35 71 81 70 96
40 33 36 2 51 52 96 5 32
56 35 85 13 58 80 26 14 31
60 21 8 19 79 5 94 44 33
85 55 10 59 76 98 28 22 69
14 72 40 14 100 68 5 18 69
95 42 51 0 32 97 37 34 85
54 33 18 40 34 10 72 72 68
81 47 80 23 23 68 40 3 71
58 7 36 79 89 83 5 68 16
30 3 82 79 35 28 30 55 88
17 86 26 26 17 30 54 38 22
42 10 76 18 4 93 57 23 39
34 76 51 46 36 33 77 78 66
100 39 18 48 1 30 88 28 39
19 64 30 15 37 87 16 33 83
97 6 91 48 69 59 33 75 44
68 18 69 9 17 93 36 94 84
24 84 85 47 50 43 89 82 47
44 79 15 77 86 44 91 21 60
28 26 31 10 27 41 9 21 44
88 57 22 72 65 62 73 62 18
67 35 94 97 49 53 46 78 17
70 73 1 18 50 66 67 77 36
22 5 36 5 15 74 67 81 80
15 0 82 81 67 38 74 4 14
90 36 13 31 51 88 7 94 16
15 95 47 44 63 53 19 20 100
69 33 49 24 90 45 20 68 43
16 3 42 49 29 88 75 13 83
77 21 60 77 84 69 65 57 15
44 16 4 100 81 25 67 23 45
14 14 74 49 15 63 71 78 96
66 24 77 75 14 89 63 3 59
82 34 63 98 85 40 53 68 5
82 76 63 39 22 43 50 94 0
10 92 63 75 69 96 89 27 89
16 99 54 82 75 84 82 56 4
93 92 52 95 17 24 23 41 64
78 34 0 90 40 87 79 63 4
12 26 16 86 59 0 7 87 58
36 66 52 77 40 50 58 33 75
22 39 35 19 74 17 11 66 82
43 94 14 47 35 98 100 38 28
83 69 63 38 9 18 66 31 28
4 85 90 15 70 39 8 100 62
24 91 36 65 74 49 55 35 67
100 94 0 20 77 100 91 62 81
29 51 66 67 93 95 42 22 61
41 95 43 82 15 25 51 21 56
60 61 57 71 15 40 64 79 97
41 44 93 55 11 62 52 46 37
61 57 75 21 1 38 71 41 91
19 83 87 2 36 36 40 37 16
85 41 49 27 1 98 99 72 98
37 12 43 51 86 32 83 83 37
80 44 18 9 33 14 38 34 27
60 29 68 96 16 19 24 79 36
18 0 51 98 43 33 15 93 56
74 50 80 15 28 38 8 82 84
89 58 87 51 64 10 28 12 28
59 33 43 13 92 67 83 22 2
34 4 87 81 18 69 76 80 55
3 57 54 38 80 46 68 68 28
61 83 58 0 74 12 67 72 16
98 24 28 86 21 18 70 87 60
20 42 62 7 19 73 16 87 27
60 13 86 95 82 48 90 60 61
99 0 54 97 21 35 85 51 87
99 41 67 10 38 59 95 89 36
90 44 97 17 93 23 57 4 93
41 30 92 87 99 14 47 93 36
13 1 0 23 47 86 85 1 69
10 32 32 81 59 41 2 3 32
56 74 85 49 8 83 52 80 86
71 95 100 77 68 89 0 65 77
15 24 63 33 86 35 10 2 37
57 11 30 16 74 81 25 9 61
98 50 28 49 73 33 13 56 79
49 58 78 11 28 18 87 25 13
49 44 3 85 48 87 86 87 2
14 34 31 93 67 80 25 66 69
39 70 12 59 61 91 7 92 52
100 15 33 46 13 73 99 18 67
11 49 78 65 29 67 29 76 83
25 10 77 69 5 84 99 83 7
48 65 35 28 43 96 10 65 57
1 72 85 62 87 19 52 21 18
60 100 9 53 25 40 36 95 6
25 1 59 41 57 71 49 31 50
51 58 0 81 59 54 80 16 57
4 100 69 9 27 43 100 28 82
99 72 27 19 32 71 75 59 54
6 65 86 60 76 65 52 41 87
50 88 81 17 91 83 81 80 63
17 93 28 18 19 63 10 38 24
87 83 47 78 7 75 22 63 10
16 10 32 25 16 24 36 61 36
49 26 98 7 50 85 89 91 78
78 91 61 46 94 41 92 68 16
29 53 49 4 29 58 2 99 89
53 12 45 56 62 20 10 47 9
1 59 100 74 42 2 32 6 78
20 28 73 58 28 84 5 15 90
67 49 30 42 55 39 48 8 73
48 48 81 4 1 23 61 8 39
54 13 54 27 24 42 69 32 54
13 79 39 73 59 53 49 76 21
4 76 60 24 42 73 70 43 75
69 23 85 42 70 84 75 5 41
9 25 31 24 94 26 54 56 29
25 27 72 5 36 65 2 36 70
59 7 42 69 61 41 53 63 56
97 66 25 14 64 41 37 83 33
29 68 89 3 73 3 91 87 11
13 10 99 63 72 60 7 9 0
62 58 40 19 63 76 13 50 90
34 26 14 8 81 42 7 4 76
87 48 75 27 34 67 44 43 94
14 71 64 3 45 38 18 72 48
38 40 3 8 28 37 48 52 12
51 54 16 56 38 6 9 70 49
67 61 78 12 88 2 59 21 28
95 6 57 65 25 27 11 98 69
55 57 27 33 15 43 39 83 46
91 8 99 48 37 14 1 70 43
42 42 69 76 77 65 38 37 15
20 14 47 32 95 29 20 40 100
97 35 64 19 37 96 81 48 82
56 15 19 8 30 53 30 88 72
52 61 14 18 14 61 81 35 25
95 89 19 30 60 0 91 39 31
30 84 44 87 56 82 33 45 46
82 56 55 63 49 43 94 66 98
9 98 5 7 53 90 96 40 52
8 40 40 87 0 0 81 51 1
8 6 4 48 19 70 4 100 23
98 49 52 54 15 82 25 65 97
68 49 87 96 72 40 96 25 51
45 25 25 25 33 4 1 80 70
17 79 80 43 44 79 92 54 37
60 48 0 74 13 76 21 93 58
48 52 49 71 51 99 62 25 86
25 65 95 97 67 70 84 4 23
21 84 77 76 53 16 13 26 63
31 65 67 90 9 35 77 3 70
66 0 49 74 33 13 37 19 2
58 23 74 84 47 38 1 60 58
68 7 73 33 0 53 88 52 15
68 3 73 37 45 81 59 40 28
81 20 46 74 67 2 50 67 96
35 85 34 99 1 97 80 27 19
77 59 43 87 10 16 3 86 77
91 87 10 52 42 56 4 55 55
70 79 19 85 66 15 78 53 95
73 97 85 79 44 29 96 71 82
77 70 70 70 8 96 39 72 8
91 53 29 30 49 69 24 35 97
96 95 12 69 47 92 3 87 88
32 16 19 90 12 79 63 56 63
51 34 12 9 9 22 49 54 54
84 95 52 31 85 27 43 45 87
92 75 49 69 50 37 51 80 47
26 80 7 52 50 58 1 58 72
14 47 100 9 59 65 96 77 27
74 22 9 46 72 26 41 9 14
82 23 35 50 53 39 6 9 50
22 40 79 99 42 49 84 100 65
98 41 9 67 91 44 36 9 77
20 18 61 51 10 94 42 34 29
16 46 20 86 83 94 83 73 32
16 65 8 70 83 73 60 63 93
51 72 5 66 42 60 33 62 93
41 37 21 78 36 43 12 23 64
98 4 8 10 58 38 41 37 63
73 19 6 65 33 28 62 12 7
91 59 48 74 50 80 89 46 90
20 88 62 19 28 86 61 88 22
29 22 74 82 94 45 63 22 39
59 28 75 95 72 52 7 72 25
62 85 33 93 88 1 33 89 91
81 65 20 18 55 99 61 42 62
65 19 92 100 50 100 88 52 51
98 23 81 89 38 25 69 0 39
36 58 52 94 53 94 32 94 81
8 59 30 15 47 6 40 58 10
29 44 45 50 2 100 84 89 44
41 41 95 78 78 32 75 73 14
93 26 36 96 38 85 78 41 76
36 7 80 90 75 50 22 32 9
24 22 79 66 71 31 76 77 92
25 76 77 1 22 75 49 22 85
5 35 9 0 44 33 84 16 67
27 17 51 19 26 46 18 72 40
75 92 16 43 28 39 72 85 79
51 44 92 34 54 58 9 52 78
89 13 43 79 38 61 20 64 20
30 28 99 38 72 19 22 76 10
32 50 100 25 84 88 80 34 77
20 82 0 1 29 19 42 73 35
93 68 83 79 76 87 46 67 4
20 87 45 97 17 88 9 85 38
40 68 59 54 22 36 95 7 68
4 100 83 100 43 18 64 92 43
49 25 41 9 7 13 46 51 46
42 56 63 31 70 89 6 85 28
80 63 73 82 28 26 56 3 38
81 98 33 41 37 88 89 37 6
36 10 13 23 71 5 26 1 20
63 3 61 39 65 6 92 84 63
44 89 77 40 53 65 84 94 15
61 18 65 45 58 2 89 32 32
100 15 49 12 19 16 8 46 43
71 63 48 77 50 97 15 39 81
18 98 97 23 35 44 60 34 39
63 4 19 92 75 56 40 85 42
82 81 13 66 2 15 26 75 50
94 44 97 28 66 42 11 47 7
54 32 90 44 17 92 47 59 83
63 80 53 9 74 50 11 91 51
78 100 34 35 40 53 29 75 46
76 95 52 59 36 73 57 12 97
4 85 95 91 64 95 34 53 50
76 95 15 94 24 100 37 94 3
73 4 87 43 31 12 100 18 73
86 56 64 59 96 42 89 82 20
62 17 85 53 54 0 89 81 30
89 79 56 37 68 65 81 1 79
6 7 26 37 66 84 43 81 49
5 14 37 91 76 42 98 19 58
82 27 44 59 52 6 67 92 66
10 72 44 6 68 38 8 29 69
80 47 16 31 14 26 85 80 55
85 93 47 85 41 55 46 11 86
96 68 68 87 75 79 95 79 83
61 56 71 36 27 62 65 74 60
90 67 62 63 82 88 57 2 41
58 17 5 65 27 83 57 93 25
89 36 28 21 60 99 17 41 67
51 42 1 56 50 48 71 77 33
41 58 55 19 73 14 89 73 98
23 14 2 70 60 63 50 80 8
95 33 67 6 18 40 68 13 26
34 59 41 46 63 6 42 17 41
34 92 25 10 77 6 86 83 49
16 81 79 38 96 32 74 96 12
74 27 11 36 4 49 17 24 54
51 34 66 10 23 30 59 30 14
42 85 28 29 16 1 35 100 60
83 73 5 30 84 26 62 69 95
99 40 13 34 0 79 17 93 51
28 28 11 71 63 86 59 26 39
31 77 86 70 31 52 61 57 97
73 87 45 44 74 56 62 97 86
40 94 83 90 70 32 41 1 97
63 74 88 96 54 22 53 14 51
21 32 43 34 16 8 25 22 85
84 48 41 72 57 71 75 37 92
41 80 71 26 76 100 15 41 29
90 36 63 88 66 92 75 11 19
37 42 59 71 34 9 27 33 10
29 94 76 98 65 79 24 93 18
74 2 47 24 1 63 68 91 73
41 70 98 94 97 31 25 20 39
78 5 73 37 31 66 70 42 63
76 9 37 16 58 26 58 95 43
71 19 45 2 40 5 100 67 93
58 23 32 13 75 2 77 2 58
14 95 78 17 89 80 59 84 50
29 60 41 83 62 79 61 97 69
99 81 65 85 3 76 74 92 7
34 15 27 71 78 53 70 24 99
89 44 53 10 46 3 56 23 13
65 7 4 18 35 9 59 41 36
41 86 78 87 8 89 74 16 96
27 54 13 5 69 41 61 83 27
5 1 56 19 94 14 71 99 21
68 1 1 28 36 74 26 45 73
19 62 10 72 61 39 24 28 21
87 8 80 22 33 36 75 28 28
30 67 6 10 56 20 16 77 24
25 19 63 37 43 2 85 29 40
36 78 86 30 4 33 100 89 65
6 86 77 44 20 20 46 10 75
10 66 8 97 6 48 4 46 36
5 93 20 77 93 75 70 76 37
96 32 50 47 47 68 82 50 97
85 20 48 84 74 51 62 60 75
36 57 23 76 74 0 49 19 88
32 25 96 62 14 9 92 67 12
29 65 46 99 43 45 56 47 99
11 93 89 58 39 40 0 91 82
64 55 47 18 49 22 60 71 87
81 15 55 51 67 2 52 73 53
54 88 75 17 2 63 53 49 86
62 33 80 83 63 77 56 37 17
49 93 7 100 88 13 66 86 30
44 46 23 62 33 100 38 62 29
32 31 46 67 30 20 39 97 76
52 13 21 69 20 76 13 15 67
5 76 2 70 32 63 61 82 14
49 76 69 96 83 8 93 63 69
11 59 17 2 58 29 42 59 61
63 88 79 27 97 20 76 33 22
10 1 96 89 71 82 71 65 21
50 36 47 70 21 26 37 65 9
14 67 27 10 90 4 48 8 77
9 61 80 51 60 69 41 48 88
43 77 8 6 77 51 78 21 21
80 89 64 72 88 70 56 53 64
74 42 34 73 95 6 73 0 98
13 90 39 1 67 15 74 92 44
48 46 58 31 66 90 19 15 57
76 75 66 79 13 52 26 16 64
96 100 12 100 68 41 55 48 83
72 22 27 53 46 97 80 23 48
39 90 90 54 11 36 67 5 10
41 0 28 52 75 37 9 46 95
37 33 24 0 33 77 80 49 11
17 97 97 44 95 54 10 60 56
83 51 11 19 10 52 37 98 68
21 17 89 6 3 0 38 52 84
72 47 41 57 67 0 17 73 81
72 47 1 56 63 61 25 48 73
13 60 14 17 28 91 59 40 16
0 52 15 23 36 61 30 68 71
83 27 38 24 31 20 7 98 9
17 82 58 58 77 2 18 34 60
97 94 85 83 83 12 84 45 61
25 34 92 68 81 61 34 19 9
43 23 6 21 40 48 23 37 74
33 39 32 37 12 41 65 79 3
83 33 59 22 95 0 62 92 52
28 71 74 46 19 39 42 7 35
13 32 14 4 62 36 9 20 56
15 63 84 16 93 21 84 8 4
4 56 5 97 36 30 75 4 98
36 92 69 66 81 28 86 22 61
6 10 74 49 38 85 39 27 40
55 61 7 29 48 91 34 85 71
59 86 79 5 92 43 52 21 96
77 5 19 16 34 32 46 13 29
52 22 71 29 85 66 52 19 100
3 18 44 99 97 52 55 64 40
49 11 37 30 89 83 100 39 3
34 95 20 4 51 81 41 93 14
44 31 66 61 24 85 2 14 64
6 73 55 93 56 12 13 91 87
85 57 73 86 83 63 77 98 12
53 40 63 80 96 38 11 84 43
93 4 18 54 73 69 33 75 69
88 99 91 14 92 47 91 54 89
69 6 70 81 76 49 21 9 70
60 8 98 90 60 79 7 49 73
69 50 96 8 65 90 51 21 77
59 16 13 58 36 77 20 62 57
53 53 90 50 75 86 1 22 33
100 62 46 9 22 67 98 69 43
5 37 40 2 4 28 72 74 25
97 18 83 40 57 40 63 78 19
9 39 58 54 26 90 30 69 70
3 43 25 75 78 19 71 52 43
22 12 17 86 39 97 17 50 99
64 3 16 26 81 96 41 45 20
70 95 37 53 73 17 54 30 81
60 1 65 9 77 55 60 8 51
12 24 62 78 9 35 78 20 89
69 32 61 79 67 96 1 64 16
81 82 85 74 9 86 87 57 87
16 56 52 8 9 52 31 29 34
51 22 47 65 99 3 20 77 39
84 65 20 23 34 96 94 65 35
77 20 1 5 0 79 44 62 43
7 62 79 43 19 84 75 32 60
44 12 4 94 63 76 49 82 96
80 61 47 46 59 73 65 78 48
19 11 82 29 80 41 56 47 26
95 26 25 74 64 68 94 22 31
73 51 18 70 20 75 78 95 81
5 16 30 17 99 12 46 73 51
91 55 11 13 39 73 70 100 20
8 63 11 8 11 67 71 14 56
33 60 39 9 71 31 50 17 23
96 41 27 73 88 75 22 11 59
46 73 63 22 47 65 78 24 70
9 36 33 71 54 30 89 39 1
46 47 17 39 84 86 54 44 33
92 64 7 21 28 93 12 47 93
4 64 14 87 61 83 96 2 82
0 100 32 18 32 69 93 86 10
89 31 79 86 54 10 78 69 2
16 90 76 51 9 41 56 91 56
9 95 44 65 58 47 98 51 29
93 51 35 39 71 70 56 33 13
79 91 2 26 24 39 55 60 3
85 68 1 76 13 77 90 65 37
67 26 83 25 83 53 96 43 23
30 73 86 9 87 40 6 83 89
39 90 99 0 28 50 81 68 50
90 5 30 20 53 57 27 16 38
51 55 56 49 7 30 8 79 33
20 46 59 69 4 97 9 89 94
99 81 76 65 13 65 1 66 5
95 93 84 75 40 46 83 82 65
8 15 41 15 0 68 97 11 26
14 63 73 84 92 29 9 86 74
83 38 20 54 39 74 35 49 49
40 12 82 64 74 38 23 20 81
75 98 54 83 72 12 42 54 79
7 3 9 75 21 43 10 29 41
77 12 63 66 40 9 73 16 92
10 72 25 71 60 68 51 96 97
17 92 79 75 66 28 43 14 14
42 54 87 11 28 50 98 89 28
78 15 52 1 93 85 62 92 35
9 29 24 91 10 83 67 87 46
57 19 80 15 42 79 22 94 90
50 50 91 17 80 52 23 72 91
51 73 37 70 38 46 81 17 67
23 87 10 40 16 99 99 5 68
96 53 82 50 33 96 17 1 3
85 66 68 75 34 13 85 55 16
80 41 96 8 55 100 91 82 10
16 84 5 11 53 32 22 88 28
58 74 61 14 84 35 81 51 60
53 13 10 43 32 36 91 2 17
48 47 83 81 44 56 21 84 88
24 87 29 25 53 41 85 17 1
33 66 5 46 38 7 58 77 10
12 29 70 44 67 75 28 70 87
76 11 70 65 15 8 22 20 57
65 60 91 33 41 28 53 72 35
3 91 83 64 63 70 6 50 17
43 75 93 13 81 17 37 4 52
11 58 76 95 97 56 52 28 47
60 92 58 17 29 75 81 83 83
29 10 38 40 3 98 54 35 83
6 34 100 36 9 19 68 36 67
68 82 95 79 38 72 92 9 43
74 14 13 8 14 87 11 38 65
74 74 46 50 61 66 28 41 65
39 46 36 85 80 27 74 61 24
63 14 70 72 90 55 80 76 6
69 14 48 95 99 16 15 4 52
44 70 9 2 63 97 32 17 68
56 94 56 23 50 97 100 64 33
47 58 72 97 35 34 88 37 6
49 53 42 58 52 27 59 93 77
46 62 85 98 31 19 100 29 64
47 29 36 73 66 48 97 52 39
39 34 77 86 91 26 71 55 94
76 91 79 87 41 8 93 100 69
48 2 99 28 60 44 64 51 48
92 30 26 55 41 63 40 74 34
24 88 38 93 34 62 26 56 100
49 84 83 23 67 15 44 94 67
34 71 94 7 27 83 79 9 4
29 20 66 50 17 26 95 67 35
60 3 78 16 29 7 22 100 81
2 59 89 57 82 80 25 70 20
21 66 42 24 40 64 66 14 97
91 80 30 50 35 36 91 76 1
86 50 45 31 51 3 4 25 89
74 15 36 80 70 96 55 87 49
56 29 96 96 99 29 22 36 50
22 11 43 9 90 91 81 35 92
76 13 100 64 61 4 48 87 3
84 19 98 73 63 19 58 67 24
49 10 54 57 90 90 68 73 58
74 51 85 3 91 67 33 64 95
73 89 21 58 28 71 80 28 28
8 22 80 93 29 42 68 49 55
10 51 1 42 51 22 8 67 82
54 4 59 50 9 3 85 38 52
88 16 56 25 50 8 77 54 1
94 78 81 94 69 52 40 64 15
73 65 16 0 46 81 74 31 67
93 89 23 44 35 51 43 53 65
54 64 3 14 43 12 54 70 64
7 34 35 13 78 19 75 33 40
26 48 23 67 75 98 48 9 30
19 99 1 92 78 8 12 85 99
56 69 50 80 26 2 38 28 18
81 62 31 51 83 6 66 13 0
13 0 12 44 63 26 71 35 68
100 4 40 48 23 24 4 47 58
55 12 89 7 61 28 18 74 71
84 10 79 60 30 79 43 11 27
67 2 31 29 42 60 62 95 76
22 5 94 14 60 34 28 7 18
13 21 34 57 33 4 39 24 22
19 37 51 98 59 95 59 3 44
28 41 81 20 41 10 53 97 87
21 6 81 3 83 43 27 48 10
69 11 29 56 36 61 62 18 28
43 40 5 58 99 78 33 10 7
76 43 14 14 7 94 17 44 9
44 4 95 14 44 92 4 35 42
5 99 44 50 94 94 49 88 80
93 21 16 77 23 16 44 59 35
47 63 28 88 52 45 14 31 55
25 96 13 68 82 9 12 76 91
13 89 84 99 88 51 65 80 18
9 40 36 53 58 40 90 86 80
86 13 68 10 86 41 51 66 64
13 98 79 88 51 86 79 97 5
85 69 65 1 27 98 29 98 58
51 33 80 34 8 46 67 13 55
90 75 57 0 47 72 67 28 84
4 9 82 7 11 34 5 75 59
61 61 2 57 25 66 28 59 88
60 26 71 84 12 46 9 22 31
27 57 1 57 14 38 29 21 25
86 54 24 5 96 87 3 84 84
93 13 27 37 66 86 18 60 3
53 41 80 65 39 17 23 61 72
85 36 89 9 92 56 65 63 57
59 71 86 84 93 79 23 1 44
37 2 21 40 39 73 68 51 18
22 12 86 72 71 77 5 79 5
40 8 50 32 39 17 13 56 89
62 59 11 47 30 85 48 83 81
68 14 30 63 7 1 13 79 8
34 43 69 60 93 47 88 73 48
42 77 35 46 11 67 8 71 67
91 21 40 52 99 18 0 58 19
45 15 39 15 58 14 47 42 4
3 99 2 84 53 71 9 21 4
93 53 82 41 60 26 34 56 35
93 56 0 12 25 67 77 15 9
46 44 92 51 34 7 58 55 39
52 37 33 98 34 74 14 28 78
63 10 59 100 67 92 71 97 61
53 66 18 13 98 17 80 39 86
17 2 54 11 5 75 3 22 87
80 23 84 96 78 86 81 98 80
96 91 48 64 55 6 5 99 52
12 7 34 45 80 90 40 10 27
25 31 86 99 63 53 81 48 83
14 95 93 12 66 93 88 51 30
89 67 65 81 21 23 98 34 72
53 23 95 39 42 60 74 82 4
92 57 74 48 19 27 88 47 13
14 79 26 62 92 40 82 33 10
28 31 15 65 96 84 10 68 81
30 64 24 60 90 67 25 3 82
31 93 8 41 42 2 30 82 53
25 12 28 43 2 33 35 38 82
4 34 71 23 77 17 29 42 48
85 44 73 79 96 38 90 30 5
52 11 8 18 52 34 97 1 39
80 65 57 24 62 37 8 88 15
31 3 71 5 95 25 3 1 28
95 29 78 87 2 56 64 22 54
36 54 19 85 69 63 55 88 84
82 85 99 49 51 72 26 99 97
95 8 91 88 28 47 19 11 11
95 58 67 89 93 24 58 10 28
14 9 0 45 16 46 51 25 89
92 90 59 0 100 35 37 2 28
33 28 13 48 40 47 54 91 69
25 24 89 7 75 7 14 8 70
41 21 74 84 4 49 93 1 56
80 42 37 91 61 91 84 67 70
94 31 49 20 67 54 58 48 73
57 15 74 45 99 51 86 26 39
91 17 44 21 17 16 5 96 30
63 59 50 28 75 40 44 65 98
85 94 79 3 46 8 66 62 100
20 79 98 55 10 83 30 86 18
11 32 89 40 92 93 2 0 50
3 10 72 31 9 75 37 56 94
72 44 34 55 67 19 57 62 79
89 94 25 71 27 10 53 41 76
85 6 23 78 10 45 44 78 41
13 47 10 40 18 4 66 17 12
88 46 60 31 33 45 63 100 13
41 49 96 72 92 33 0 48 47
89 63 75 35 7 83 88 85 60
6 97 5 28 85 9 80 6 63
48 60 2 45 31 70 44 61 71
56 0 73 1 34 77 56 24 0
99 71 4 49 97 97 37 83 28
27 40 39 63 26 72 77 18 54
7 92 47 8 88 21 91 23 37
87 26 75 82 44 98 17 21 19
51 69 22 96 25 30 49 27 63
7 11 22 53 74 90 74 73 53
67 64 7 79 93 38 22 61 59
39 58 96 24 35 29 59 14 46
38 71 19 6 64 46 62 32 92
84 20 87 99 65 23 26 29 41
100 61 84 39 60 17 16 72 17
61 44 64 98 76 23 58 50 89
13 35 45 60 17 25 87 16 29
48 2 82 49 44 85 9 29 26
53 74 52 63 88 25 64 8 7
91 35 60 87 17 15 59 56 37
74 11 13 8 75 62 47 10 94
16 86 11 60 24 17 74 70 9
35 47 64 86 15 84 35 35 94
36 59 2 15 79 28 77 13 96
74 93 22 54 23 64 92 12 57
4 92 95 90 86 89 64 6 41
73 91 45 62 19 75 24 13 3
78 97 57 83 25 73 94 79 70
64 72 82 68 23 37 79 15 89
90 32 31 0 24 59 11 24 50
100 1 0 5 47 65 41 49 45
19 41 25 98 39 23 83 98 8
49 42 25 41 66 51 44 24 74
64 55 19 34 36 7 31 8 27
10 49 16 60 43 42 60 37 81
26 40 28 82 48 56 50 81 51
93 12 99 15 78 38 12 7 16
34 31 6 46 14 20 38 92 95
9 15 17 95 66 29 67 80 8
79 51 58 42 40 57 91 39 62
33 15 25 100 96 62 43 45 73
74 75 48 28 26 25 16 92 79
12 58 98 92 35 37 45 49 12
43 43 35 48 36 85 1 65 16
78 56 71 77 58 37 93 47 44
93 87 60 88 12 21 56 9 7
3 46 56 72 49 27 1 89 57
50 70 58 30 58 51 56 46 35
34 14 98 24 22 4 53 36 8
6 88 35 20 28 59 57 22 84
39 3 4 38 22 3 53 98 22
42 19 82 59 55 17 44 76 51
34 97 79 18 28 76 50 62 27
86 8 88 79 17 62 60 67 67
0 81 66 71 26 96 85 48 20
30 57 76 58 92 66 59 86 31
17 54 64 1 62 0 12 45 51
73 1 22 2 66 2 1 18 83
5 34 17 67 30 42 47 2 40
51 99 51 26 29 96 17 74 71
80 98 10 7 53 91 95 3 68
96 27 50 52 82 41 49 93 24
56 33 41 71 14 0 28 47 16
19 35 28 22 89 13 11 73 50
91 64 0 62 77 27 1 85 81
100 84 81 76 34 70 70 25 70
58 22 47 52 62 59 62 17 93
96 34 16 82 1 37 92 90 65
92 19 75 33 43 2 13 71 35
51 80 1 71 77 0 80 78 36
13 69 53 89 22 20 92 54 55
31 96 24 19 83 20 38 59 50
85 76 82 18 22 36 6 99 76
99 72 77 67 5 27 27 16 17
84 8 68 63 89 52 96 26 75
51 98 5 92 3 40 60 6 61
56 8 33 97 91 78 5 17 20
59 54 43 22 0 92 8 20 76
77 64 11 94 77 23 91 88 14
61 40 20 66 50 89 87 65 23
48 77 59 28 31 29 86 50 20
83 49 86 10 42 29 53 100 74
34 22 20 44 88 38 54 66 68
18 91 20 71 19 64 78 15 2
88 60 93 16 53 84 99 50 82
31 8 47 70 71 38 18 7 82
43 13 83 52 16 65 63 35 38
15 22 68 52 39 66 2 88 64
11 89 8 36 17 15 90 41 55
100 56 92 43 55 50 89 80 56
93 19 89 31 19 61 85 41 41
17 6 16 56 99 80 96 81 64
17 51 40 6 9 32 47 75 36
75 4 100 29 0 33 75 8 100
19 32 32 47 49 43 19 65 96
15 24 37 88 72 44 95 22 84
87 41 17 45 72 75 50 19 36
0 45 7 53 71 89 25 81 55
6 27 9 1 86 34 59 15 98
78 50 62 74 91 85 95 43 90
15 13 50 26 70 76 29 30 31
83 84 37 56 75 79 3 70 68
23 39 92 24 2 49 52 26 88
61 9 37 53 73 43 35 23 74
66 92 32 10 81 59 31 56 54
27 26 85 12 97 20 7 8 99
38 43 35 71 38 7 8 72 91
56 94 44 4 23 14 55 94 3
51 73 42 48 77 58 72 31 58
3 14 48 92 70 47 44 31 87
73 80 44 54 22 51 39 13 84
15 40 80 100 14 97 58 9 6
35 77 6 12 21 84 49 42 89
27 80 19 17 92 25 35 84 36
96 33 64 40 4 5 30 30 53
47 71 55 64 82 37 85 24 71
77 51 72 21 78 9 67 66 46
49 21 69 64 45 58 91 72 58
24 100 77 76 22 57 70 41 7
35 13 27 55 94 53 57 87 86
95 61 87 6 12 79 16 59 45
57 50 37 75 96 51 85 51 86
35 96 39 53 45 17 53 34 73
57 45 95 60 85 90 50 76 35
40 35 77 95 46 5 75 44 49
11 63 43 72 37 46 72 17 63
47 70 24 88 29 20 13 74 36
18 64 88 12 46 95 23 16 30
16 22 64 89 34 43 61 11 30
78 88 78 81 95 42 11 41 35
44 32 30 89 62 47 77 6 44
25 90 74 25 47 73 25 92 67
53 10 71 63 42 49 15 19 59
32 39 0 75 73 35 76 87 10
71 74 32 25 79 27 50 51 60
43 51 29 82 45 95 17 49 38
12 64 23 90 42 46 84 20 36
89 77 61 67 29 62 0 0 12
90 0 43 86 95 17 61 31 9
8 13 44 60 85 21 79 95 33
81 17 54 79 45 8 98 56 13
24 72 72 34 38 60 29 62 2
23 63 50 48 62 88 1 100 35
56 36 94 73 59 89 1 27 73
12 46 84 68 96 45 9 42 58
93 9 24 38 91 41 6 20 70
92 53 45 46 90 97 65 11 90
91 40 27 64 33 42 66 25 18
10 50 89 79 58 11 21 44 92
36 42 79 78 63 30 55 68 65
20 16 95 87 50 31 32 32 89
85 51 73 7 7 77 92 63 11
35 35 58 30 34 22 6 2 87
67 33 52 7 98 58 65 61 39
96 26 7 56 87 4 48 92 20
34 47 11 32 17 21 37 51 60
78 51 57 23 46 97 73 1 34
93 82 8 75 15 61 23 2 52
34 22 45 1 57 22 82 34 76
97 97 36 28 5 11 32 86 46
96 81 34 28 97 56 1 59 4
80 21 35 91 9 25 13 11 63
57 43 5 94 19 23 46 66 22
71 42 70 87 51 23 42 20 32
82 35 44 61 53 77 11 91 78
41 98 22 27 86 54 67 44 52
24 89 70 91 0 75 21 66 100
33 33 36 83 53 37 70 51 35
56 50 37 91 67 75 27 0 18
99 6 82 50 82 16 36 57 25
25 77 99 19 47 2 72 25 18
4 34 80 68 5 73 41 78 13
3 51 93 85 12 66 10 80 94
50 55 74 82 65 18 34 100 87
49 30 34 46 81 7 32 27 94
15 25 25 59 10 63 5 84 76
45 24 64 32 74 2 72 67 53
39 98 44 26 36 4 67 48 82
78 63 31 50 14 94 45 41 43
58 1 49 57 25 50 52 50 33
81 30 59 54 81 62 9 76 81
34 81 91 23 89 74 13 25 29
3 13 13 71 79 63 71 6 8
62 69 62 15 81 65 57 50 27
87 67 28 57 91 40 7 32 73
44 85 8 77 56 24 29 33 60
37 56 83 6 24 79 45 18 60
22 27 45 68 10 46 62 3 62
63 92 31 9 30 48 69 25 60
13 4 66 84 47 6 76 8 48
88 4 41 50 18 23 38 30 40
94 39 73 73 7 57 82 81 20
29 5 21 30 10 37 66 38 100
47 74 39 63 77 100 50 99 1
68 85 68 34 22 47 27 81 78
66 81 51 15 52 55 65 31 85
92 72 70 44 29 85 59 65 15
72 76 0 37 18 58 7 77 94
56 16 70 54 80 23 76 48 20
68 41 9 73 31 34 7 33 52
87 35 52 20 61 51 88 80 50
65 18 70 95 67 46 71 88 53
24 5 94 97 75 15 4 57 44
47 79 94 89 15 98 2 10 58
70 10 12 51 87 79 91 22 52
33 52 18 66 19 33 0 33 95
52 31 27 7 45 99 75 47 3
79 87 63 18 48 37 40 52 89
59 4 79 81 38 4 45 70 98
85 24 23 57 79 60 75 26 2
21 10 48 97 97 99 63 85 25
73 91 71 11 69 89 53 94 80
26 26 2 30 10 68 45 38 41
30 85 96 96 32 46 62 97 25
46 13 21 27 41 20 89 90 73
70 20 58 76 12 10 79 34 54
36 37 90 81 1 98 32 72 81
65 11 10 33 79 21 16 31 31
72 66 14 58 58 74 56 5 83
96 48 26 70 18 85 70 19 20
83 94 14 51 57 80 3 53 67
5 26 8 46 64 76 54 19 33
10 3 82 40 15 25 98 94 71
66 93 7 78 72 87 76 65 87
40 36 24 20 0 52 29 75 76
68 41 83 92 62 74 59 95 52
87 64 25 23 85 43 71 5 80
69 71 63 11 33 61 8 79 42
31 44 7 65 85 88 37 36 50
90 90 84 1 90 69 10 37 86
76 59 33 55 58 23 45 91 26
69 4 47 95 87 44 52 38 98
4 90 81 7 86 4 5 91 6
89 72 97 64 67 81 71 41 37
17 88 69 99 64 8 5 30 31
71 0 21 94 20 14 80 47 81
18 58 21 32 91 50 49 67 43
30 73 31 58 12 40 99 54 49
47 84 59 74 23 14 53 23 15
12 13 34 56 64 3 86 92 35
97 36 93 93 40 30 5 51 44
63 42 88 68 54 23 94 14 0
52 24 35 35 82 52 2 20 43
9 77 99 92 29 46 20 56 71
68 92 20 3 4 74 38 94 98
45 22 9 22 31 80 5 72 88
85 75 2 83 41 67 73 39 78
22 28 48 53 10 2 94 78 59
97 82 37 53 3 86 95 86 31
56 36 8 21 59 68 65 45 44
80 44 46 16 57 89 66 46 55
18 24 4 7 50 38 39 86 99
95 4 6 2 23 16 76 72 23
16 75 61 22 85 80 66 38 82
32 24 17 21 80 74 9 27 90
8 61 44 57 92 26 73 29 74
25 26 2 77 34 52 94 58 2
50 34 47 52 78 19 65 67 21
7 0 98 53 48 89 73 94 0
72 59 3 87 91 71 58 72 42
95 53 64 5 70 81 82 18 80
71 39 23 89 51 97 9 71 32
79 8 33 57 100 67 28 88 33
13 75 51 74 78 71 3 34 96
61 68 28 64 10 88 5 51 16
54 88 20 12 41 37 89 96 91
49 47 80 23 60 100 91 33 82
39 74 18 46 91 1 25 92 65
25 25 53 48 17 56 24 14 9
37 98 78 47 80 61 33 53 48
58 66 71 49 50 97 70 0 68
90 33 63 50 94 99 84 68 73
79 77 8 98 15 14 11 5 1
87 27 10 81 48 99 55 39 51
5 22 57 81 29 64 36 92 37
56 32 69 97 60 32 23 81 63
51 98 57 86 30 47 79 85 7
32 90 57 55 23 74 78 17 78
99 34 98 47 73 66 88 45 48
27 41 5 100 78 28 67 81 84
32 75 68 64 7 8 30 49 32
88 53 49 29 89 97 67 66 18
36 88 52 23 64 82 1 38 13
43 33 36 100 6 11 5 8 57
83 2 81 9 85 11 28 55 27
18 65 68 24 81 76 96 58 11
13 35 39 51 96 17 36 43 67
46 58 34 74 98 12 99 97 13
96 51 44 72 60 55 57 99 29
53 14 3 23 72 70 66 35 43
18 54 84 61 48 77 5 29 17
32 23 53 86 25 74 73 0 7
58 4 34 63 38 54 9 53 14
95 65 71 71 13 13 52 78 33
56 33 89 28 7 12 90 73 98
93 78 54 73 8 78 98 80 51
94 59 78 91 41 57 5 36 99
69 78 16 49 16 48 99 5 40
6 95 15 94 90 19 23 67 58
38 29 82 1 92 76 55 53 89
8 13 2 44 30 81 74 59 75
97 25 0 4 94 60 8 79 6
41 81 48 80 51 2 49 60 32
27 95 52 15 84 53 30 64 25
74 5 6 90 57 28 45 100 58
51 78 100 41 10 68 48 41 98
39 84 77 81 60 58 80 50 21
75 86 17 75 77 32 86 1 49
47 96 95 100 84 53 41 56 5
37 15 91 51 83 2 89 62 86
12 38 75 66 23 81 22 2 14
27 74 88 65 31 90 60 3 98
6 100 65 38 93 10 59 31 57
2 5 63 73 94 42 85 71 96
91 70 6 1 12 94 19 68 31
39 83 98 34 21 13 76 60 13
47 89 10 38 99 92 37 34 20
58 81 64 45 64 37 39 95 30
99 92 5 61 3 47 7 64 2
66 3 52 95 72 91 74 21 53
41 60 3 20 32 14 31 2 95
20 92 62 77 72 39 98 1 51
79 49 56 59 4 88 33 13 24
71 9 37 8 79 17 74 73 6
32 46 0 63 11 92 18 51 47
23 69 72 71 10 95 55 38 34
16 47 92 41 57 94 0 66 27
63 7 60 13 33 76 38 43 69
80 11 16 45 38 19 39 68 40
47 75 41 33 39 26 39 2 48
72 13 47 57 53 59 40 70 92
7 33 20 65 97 57 52 89 45
76 60 55 11 34 52 81 69 13
48 76 38 59 41 5 62 70 16
91 80 52 0 12 37 83 0 31
38 56 61 75 21 91 3 15 89
76 84 68 67 26 7 18 39 89
36 39 37 24 14 84 62 23 57
23 79 19 13 51 13 17 67 63
95 27 79 49 55 91 98 42 72
81 46 7 42 73 12 14 97 18
14 34 98 39 0 23 79 92 76
38 0 74 44 59 95 54 26 25
92 57 12 25 89 16 11 77 27
18 57 67 68 72 2 100 81 87
79 45 45 62 6 62 18 54 84
96 14 1 24 64 85 22 41 26
97 8 95 8 69 65 84 93 31
16 47 61 1 100 83 42 9 69
73 1 87 7 99 10 58 1 83
80 56 15 77 29 53 66 49 52
43 43 8 69 91 3 80 79 6
60 30 56 56 87 35 29 8 20
77 61 64 43 1 80 11 15 68
16 17 11 75 59 6 63 59 76
22 92 11 18 81 75 94 16 32
30 3 64 66 76 73 2 15 87
6 26 71 66 48 94 8 3 49
41 62 43 57 14 87 60 35 6
11 39 7 96 75 94 33 58 25
84 23 15 12 60 37 49 17 83
83 11 41 79 62 0 62 58 23
81 76 38 11 52 36 21 62 42
7 94 1 17 44 62 51 55 78
78 51 36 54 38 54 42 8 61
45 75 46 92 46 81 61 62 2
54 41 37 96 4 47 39 35 10
46 86 48 51 1 16 82 93 76
26 86 80 59 28 68 4 47 54
59 31 97 22 79 36 40 65 61
71 91 6 100 27 22 20 24 74
59 9 52 60 29 96 86 7 37
69 69 75 41 78 24 62 84 60
8 4 56 37 100 9 27 67 39
99 29 25 67 12 5 69 95 63
4 19 38 9 29 9 8 68 80
37 78 75 5 80 90 5 95 65
1 28 89 79 56 44 0 28 44
89 42 30 91 60 37 45 60 30
84 60 28 90 12 95 8 52 28
100 2 13 32 62 3 44 79 98
72 96 71 11 11 37 36 4 68
23 81 77 23 66 37 74 42 29
88 15 43 85 16 46 47 69 91
73 18 100 71 64 25 7 65 81
13 11 2 95 78 92 34 32 8
17 15 65 2 60 67 34 56 54
55 80 83 41 19 84 17 63 11
75 2 62 52 20 7 92 64 51
55 32 73 8 49 94 40 95 37
100 83 11 90 64 92 20 78 98
49 92 37 65 74 77 3 27 93
17 92 32 80 19 91 97 40 23
93 16 96 21 54 27 96 43 18
65 85 11 78 11 8 67 85 57
85 39 42 93 40 44 77 70 41
62 77 84 4 16 35 66 71 87
29 25 82 8 44 62 52 47 19
97 75 94 26 49 29 85 80 31
12 39 13 97 26 69 96 69 78
36 67 29 95 19 69 37 79 24
84 8 58 64 83 33 56 51 46
19 0 80 99 17 97 3 1 32
81 28 94 37 5 73 82 53 85
85 63 72 76 60 41 67 53 73
45 67 41 32 31 18 46 76 47
56 74 40 99 83 78 30 19 8
100 92 11 82 37 75 32 21 92
12 20 98 72 17 10 97 90 1
59 19 91 11 91 25 87 33 60
82 76 36 42 23 64 76 68 0
40 11 84 41 56 68 100 68 22
41 31 41 43 42 6 7 59 24
34 41 3 82 68 9 45 79 9
37 91 43 52 87 70 81 22 60
91 45 80 9 8 30 24 33 63
18 28 67 4 96 25 99 44 54
52 93 37 72 25 79 25 62 32
49 29 34 39 18 22 98 50 57
75 54 90 77 34 85 54 18 72
22 3 9 72 57 40 56 58 11
60 2 48 27 65 79 51 22 3
