1
2
3
4
5
6
7
8
9
2
3
4
5
6
7
8
9
10
40
60
80
100
120
140
160
180
90
120
150
180
210
240
270
160
200
240
280
320
360
250
300
350
400
450
360
420
480
540
490
560
630
640
720
810
532345200
787320
9447840
177448400
532345200
898009242
421342847
191318760
43740
97268570
697919092
354896800
116640
798517800
87480
48064177
523154265
349453564
715410973
787320
524180346
266172600
586314554
354896800
393660
540
174479773
449232639
262440
524880
354896800
131220
21257640
590490
262440
48064177
798517800
2361960
12960
12960
5314410
565387815
100232678
598014423
362322851
87480
354896800
240
586314554
451047051
361869248
3240
197784493
429055203
87480
299336414
50116339
7085880
197784493
195454021
300698034
38880
902094102
792303208
5314410
299488426
724645702
47829690
523154265
1771470
87480
349453564
42515280
390908042
760699309
3240
354896800
265784188
361869248
360
590490
198949729
879471831
786119318
174479773
63772920
196830
120
798686203
87480
795798916
449232639
66446047
593353479
149668207
85030560
2160
449232639
598014423
856827663
760699309
3240
715410973
349453564
1620
390908042
781816084
787320
898465278
120
399569903
709793600
19440
1049760
792303208
299336414
1049760
100232678
523154265
902094102
598976852
266172600
723738496
786119318
191318760
449232639
149668207
572073604
48634285
697539020
2160
1049760
354896800
174384755
299488426
286978140
523154265
586314554
12960
3240
598791247
1620
395568986
574296685
9447840
131220
723738496
697919092
9447840
174726782
21257640
150349017
601396068
360
723624487
63772920
116640
698907128
1440
88724200
7290
88724200
3240
523439319
523154265
42515280
10628820
21257640
265784188
601396068
399569903
42515280
723624487
3240
50116339
601396068
598976852
191318760
792303208
145902855
1440
421342847
63772920
390908042
293157277
2430
641926787
29160
598014423
149744213
573994283
4860
198949729
2361960
30
390908042
879471831
797352564
1771470
197784493
88724200
349920
573956280
723624487
865155186
715410973
399064694
197784493
451047051
85030560
200465356
19440
349453564
795798916
149744213
571218442
150349017
29160
786119318
532345200
7085880
191318760
100232678
240
449232639
898465278
95659380
715410973
399569903
188462605
787320
9720
58320
524880
898465278
571218442
532345200
63772920
12960
50116339
47829690
390908042
47829690
571218442
390908042
255091680
927536008
571218442
85030560
174479773
709793600
792303208
927536008
31886460
393660
898009242
88724200
709793600
97268570
786270519
63772920
293157277
131220
715410973
9720
565387815
760699309
174960
1049760
395568986
795798916
598791247
199338141
7290
421342847
6480
288385062
723624487
382637520
28343520
715410973
50116339
523154265
354896800
293157277
760699309
198949729
432577593
765275040
120
50116339
723624487
9720
573956280
293157277
540
174479773
199338141
4860
360
143018401
14171760
63772920
88724200
12960
262090173
144192531
174726782
393660
349920
798129388
288385062
7085880
265784188
149744213
795798916
65610
286978140
523439319
265784188
266172600
397899458
532345200
299336414
21257640
15943230
598014423
131220
177448400
792303208
29160
715410973
144192531
786270519
199338141
145902855
15943230
9447840
65610
4723920
432577593
66446047
9447840
798517800
19440
127545840
12960
354896800
299488426
9720
395568986
262440
786270519
21257640
723624487
792303208
715410973
349453564
127545840
523439319
149668207
14171760
720
6480
898009242
792303208
7085880
1620
6480
798129388
50116339
143489070
48634285
131220
160
150349017
14580
586314554
723738496
60
180
574296685
262090173
4723920
798129388
3149280
598014423
90
360
565387815
898009242
449004621
3149280
860934420
898465278
781816084
255091680
177448400
4723920
361869248
596849187
7085880
2361960
451047051
199338141
760699309
349453564
200465356
697919092
29160
144192531
398676282
131220
299336414
596849187
724645702
262090173
2430
100232678
48634285
143018401
860934420
390908042
792303208
709793600
810
523154265
1049760
760841836
524880
598014423
65610
87480
3240
598014423
724645702
524880
380420918
786119318
760841836
398676282
898465278
197784493
571218442
120
199338141
50116339
7085880
565387815
348959546
7085880
697539020
927536008
66446047
590490
810
786119318
856827663
898465278
116640
132892094
88724200
573994283
399569903
598014423
781816084
593353479
3240
127545840
360
787320
65610
131220
4723920
143489070
9720
7085880
524880
398676282
127545840
19440
270
7290
188462605
572073604
195454021
255091680
255091680
523439319
87363391
65610
792303208
29160
860934420
348959546
48634285
724645702
14171760
432577593
429055203
524880
795798916
540
286978140
781816084
571218442
149668207
7290
765275040
9720
299488426
191318760
266172600
524180346
1080
15943230
598791247
262090173
66446047
174479773
586362063
390908042
300698034
399064694
571218442
786270519
265784188
798129388
116640
798686203
879471831
9447840
572073604
565387815
15943230
7085880
724645702
7085880
879471831
348769510
63772920
293157277
286978140
3240
66446047
805943851
65610
198949729
797352564
48634285
85030560
255091680
87363391
865155186
42515280
429055203
398676282
285609221
382637520
286978140
593353479
596849187
174726782
96128354
1440
174384755
1180980
191318760
6480
397899458
143489070
150349017
28343520
1180980
2361960
449232639
199338141
43740
19440
29160
1574640
810
293157277
641926787
2361960
875417130
38880
21257640
590490
715410973
21257640
349920
927536008
354896800
349453564
174726782
3240
265784188
720
3240
3542940
795798916
7085880
97268570
149744213
451047051
532345200
87480
47829690
43740
174726782
174726782
174384755
14580
31886460
29160
795798916
397899458
66446047
149744213
38880
715410973
174479773
354896800
87480
382637520
399064694
87480
1574640
571218442
143018401
715410973
451047051
398676282
4860
393660
354896800
63772920
540
698907128
19440
87480
390908042
596849187
781816084
795798916
48634285
723624487
195454021
449004621
421342847
149668207
174479773
709793600
349920
43740
38880
88724200
792303208
149744213
810
795798916
9447840
860934420
723738496
865155186
149744213
195454021
87480
7085880
5314410
150349017
860934420
786270519
598014423
88724200
449232639
927536008
95659380
96128354
349453564
50116339
590490
421342847
4860
120
200465356
697539020
293157277
798686203
149668207
362322851
150349017
2361960
1080
380420918
1080
196830
66446047
299336414
451047051
787320
898465278
177448400
715410973
4320
29160
14171760
58320
14171760
437708565
797352564
398676282
143489070
85030560
174479773
50116339
31886460
3542940
2430
2361960
21870
395568986
4723920
598791247
262440
199338141
856827663
397899458
927536008
598014423
432577593
709793600
174384755
865155186
723624487
262090173
63772920
787320
149668207
532345200
9720
50116339
860934420
586314554
7085880
149744213
760699309
29160
50116339
586314554
15943230
421342847
288385062
19440
116640
3240
288385062
5314410
760699309
598014423
12960
572073604
21257640
38880
430467210
717976459
85030560
4723920
360
354896800
760699309
574296685
398676282
787320
29160
9720
149744213
573956280
697919092
593353479
3240
1049760
760841836
879471831
95659380
10628820
765275040
715410973
571218442
293157277
348769510
697919092
1180980
14580
63772920
723624487
1771470
449004621
795798916
100232678
1080
348769510
174384755
723624487
382637520
9720
47829690
9720
197784493
48634285
354896800
430467210
188462605
360
709793600
532345200
586314554
571218442
354896800
787320
7085880
354896800
432577593
85030560
28343520
523154265
571218442
523439319
798686203
291805710
87480
50116339
3240
360
47829690
348769510
786119318
717976459
572073604
174960
63772920
286036802
698907128
6480
571218442
200465356
174726782
2430
4723920
879471831
286978140
430467210
31886460
174384755
50116339
100232678
586314554
43740
565387815
449232639
299336414
188462605
266172600
285609221
898009242
60
2361960
7290
787320
395568986
2430
4860
48064177
798129388
927536008
586314554
143489070
87480
191318760
87363391
3240
573956280
348959546
100232678
199338141
349453564
598791247
573994283
293157277
7085880
9720
898009242
724645702
571218442
792303208
523439319
641926787
270
285609221
697539020
143489070
9720
48634285
879471831
598014423
532345200
7085880
598014423
598014423
601396068
348959546
144192531
792303208
865155186
97268570
724645702
66446047
523154265
9720
174726782
143018401
787320
709793600
174479773
523439319
95659380
1180980
131220
573956280
87363391
299336414
571218442
149744213
5314410
362322851
299336414
174960
380420918
361869248
198949729
88724200
4320
641926787
262440
48634285
