1 3
1 54272
1 6
1 7
1 231680000
23 3936
1 36096000
5 326
1 63360
0 1
1 31232
0 1
1 4880
1 10750
1 18500
1 11714560
1 331250
1 2944
1 31
1 6
1 289600000
1 455000
1 58880
1 51840
0 1
1 304
0 1
1 415
1 19328000
1 765000000
1 4640
1 608
1 72192
3 775
1 3
3 347500
1 944
1 43600
1 76
1 430000
1 6336
1 29184
11 795000
0 1
1 146000
1 68
1 22912
1 416
1 1360
1 13760
1 130
1 350720000
0 1
7 568
1 24750
3 15800
1 3725000
1 9625000
1 208
1 6
1 270
1 920
1 5280
1 192512
1 55
1 33800
1 15800
3 89000
1 4240
0 1
1 2160
1 59
1 3820000
1 395
1 21200
1 279040
1 7
1 47250
1 16100000
0 1
1 59244544
0 1
1 9856
0 1
1 4864
1 4775
0 1
1 465625
1 2796875
3 89292800
1 696
1 27
1 165625
1 440
1 11648
7 2840
1 70
1 385000
3 3140
11 203776
1 504
1 3872
1 58880
1 260
1 88320
1 190
1 72
1 544
1 6860800
1 10560
1 35600
1 23125
1 3
7 2992000
1 420
0 1
1 43
1 46750
1 390
23 9840
1 940
1 3904
1 544
1 7127040
1 10750
3 254
1 36
7 571473920
1 2432
1 21
1 3
1 44
1 56960
1 332500
1 32800
1 13500
3 155
1 1825
1 980
1 3096576
1 14
1 3136
1 304
1 2280
1 170
1 1300
1 6280
17 1018880
7 338000000
1 2336
7 195
1 26
1 58880
1 172
1 130
1 650
1 14560000
3 755000
1 5720000
1 788
1 6950000
1 23
1 1490
1 506880
1 6
3 12400
3 31
1 4628480
1 6
1 3
1 1566720
11 95200
1 275
7 78233600
1 304
1 190
1 2225
7 117
1 291200000
1 620800
1 6
1 1550
1 36
1 66015625
1 5920
1 144
1 44
1 13
1 438400
1 5440
1 3
1 28
3 62
1 4560
1 185
0 1
1 1376
1 11375
1 152
1 14
1 35
1 357500000
1 3560
1 9125
0 1
3 16400
1 15680
1 183296000
1 76500000
0 1
1 788000
1 35
1 1850
1 13800
1 260
3 774400
1 584
1 210
0 1
1 1420
1 31
7 3620000
1 293750
7 59904
1 5440
1 3
1 31680
1 496640000
0 1
7 39
1 28
1 7950
1 33125
1 23808
1 315000
0 1
1 157500
1 11
1 140
1 3178496
1 606250
1 90240
7 39
1 140
3 155
1 368
1 6272
1 3
1 6280
1 2752
1 920
1 38500
1 35
1 209600
3 8562500
3 820
1 22200
1 28
1 188
1 18200000
0 1
0 1
1 190
1 18816000
1 5875
0 1
3 3950
9 5281250
3 6040
7 1528000
1 728
1 335
1 5888
7 1464000
7 312
1 236
0 1
1 580
1 6635520
1 58
1 344
7 780
0 1
1 7
1 103000
7 390
1 3350
1 2425
1 213760000
1 1171200
1 252
1 912500
1 72
1 428800
23 98400
1 17125
1 108
1 68
1 325
1 3880000
1 18816
1 499712
1 144
1 3184
1 48125
3 82
1 40704
1 3008
1 22812500
0 1
1 155
1 670000
1 7808
1 11600
1 122240
1 29200000
1 368750
1 23461888
1 6
1 388
1 284375
1 4125
1 2900
1 185
1 35
1 88
1 840
1 76
1 39400
1 1056
1 3360
11 47616
1 60625
1 5400
1 336
1 55
1 8375
1 7250
1 38500
0 1
1 70
1 849920
1 10880
1 1648
1 20864000
3 2060000
1 1240
1 7520
0 1
3 8200
1 49280
7 312
1 215
1 38656000
1 38
11 7440
1 137
7 2840
1 194
9 264062500
1 21
1 970
1 9728
1 10880
1 33125000
7 2840
1 1950
1 12200
0 1
3 3399680
1 18800
1 17125
1 2375
0 1
1 247808
1 4040
1 63125
1 11312500
1 19
3 496
1 481689600
0 1
1 108593750
1 3380
1 13598720
1 1360
1 650
1 11584000
1 29120000
1 825
2 162109375
1 240625
1 36
1 696254464
1 17858560
1 146400000
1 170
0 1
1 193600
1 29
0 1
0 1
1 1950
1 14
1 6195200
1 4750
0 1
1 317500
1 970000
1 3
1 153000000
1 1472
1 568750
0 1
1 255
1 6272
1 1140625
1 31040
3 98816000
1 14254080
0 1
1 340
1 3
7 125173760
1 2752
1 18
1 276000
1 544
1 6300000
1 3093750
3 372500000
1 6
1 492
3 5696000
1 701440000
3 35800
7 6450
9 6650
6 2703125
0 1
1 67993600
1 3
0 1
0 1
1 79953920
1 736
3 102343750
1 78750
1 91250
1 2027520
1 76
1 2160
1 5375
1 215
1 73750000
1 43778048
1 130
1 9
1 131000
1 88
11 59500
0 1
1 1840
3 534400000
9 6350000
0 1
1 95
3 48250
1 2124800
1 9856
3 656
1 2720
1 11
1 58880
1 289600000
1 88
9 1990
11 7440
1 70
1 36
1 140
0 1
0 1
1 68
1 185
2 13984375
1 4768
1 412800
1 144
1 550
1 481280
1 3
1 1605632
1 59500
1 119000
1 5888
2 119375
1 8273920
1 6
3 19360
1 3375
1 5504
1 2314240
1 216
0 1
0 1
1 275
1 193280
1 4950
1 22
7 478720
1 33250
1 16056320
3 775
1 995
1 312
1 149000000
1 1175
1 28
5 684
1 3
1 1605632
1 650
0 1
1 3
3 559375
1 11125
0 1
1 6
1 3640
3 20224
1 72
1 2432
0 1
1 50688
0 1
1 14
1 14720
1 220
1 165
1 22
1 3
3 193600
9 3175000
1 14
3 48320
1 80896
1 72
3 158
1 2096000
1 220
1 115
1 71600000
1 6
1 680
1 7424
3 1312
1 9
1 7250
3 62
1 177000000
3 60400
1 365
1 95
1 91648000
3 15700
1 2640
0 1
2 104375
1 45824000
1 3100
1 140
1 3
1 7360
1 7850
1 26720000
1 1660
1 8450
0 1
1 144
1 8300
0 1
1 13
1 475
1 260
0 1
1 304
1 50176
1 88
1 3
1 1180
1 14
1 2752
1 1472
1 168
1 340
1 921875000
2 162109375
3 20375000
1 1003520
1 748800
1 72800000
1 95
1 430000
3 409375000
7 50069504
1 130
1 6
11 815104
1 7
0 1
1 22
1 104320
0 1
3 35600
0 1
3 643750
1 23552
1 59904
1 615625000
1 30200
1 110
7 3550
1 287109375
1 1350
1 45
1 260
1 85
1 13700
0 1
1 35
1 7050000
4 935
0 1
1 1216
1 7920
1 19875
1 110
1 1880
1 52
0 1
0 1
1 28
1 672
7 624
1 44
1 9440
1 2825
0 1
0 1
1 3
3 67600000
1 893750
1 110
1 579200
1 23142400
1 187000
3 101600
1 3
3 12400
1 6336
0 1
1 1650
1 142336000
9 13360
1 92
1 481280
1 3502080
1 74400
1 7
1 3160
1 10750
1 569344
0 1
1 2281250
1 7360
1 221440
1 32800
1 14
1 3
1 825
1 275200
1 6
0 1
1 70
7 7640000
1 7100
1 650
1 29
1 34
1 912500
1 45
1 4700
0 1
1 187392
1 6
1 4864
1 46
1 6
1 10960000
1 309375
1 390
1 1300
1 85
1 2120
1 18
1 304
1 33400
1 28
0 1
1 3609600
1 21
1 110
1 3
1 72
1 62080000
1 72
1 402343750
0 1
1 434176
1 680
7 2580
1 18625
1 620
1 4750
1 14
1 11750
1 122
1 3825
0 1
1 915200000
1 584000
1 1080
3 85120
1 49280
1 1830
1 68
1 227500
0 1
1 631250
1 493750
1 18176
1 144
3 2672
1 3380000
1 143200000
1 35
1 5504
3 372500000
1 1350
1 133750
1 49
0 1
1 208
1 1475000
7 119375
7 624
0 1
1 3828125
1 11840
1 12437500
1 580
1 544
1 140
1 6
1 306380800
9 635000
1 18
1 7
1 587500
1 928
1 14700
1 1203125
1 3502080
1 92500
7 17750
1 11456
0 1
1 1525
1 184
1 460937500
1 10320
1 325
1 11
7 74880
1 1790
1 140
1 303125
0 1
1 32640
1 117760
1 1740
1 144
1 1605632
1 31360
1 11800
1 14
11 3975
1 16600
1 23750
1 1140
1 165
1 10200
2 490625
1 79375
1 185139200
1 3904
0 1
1 65
1 70
1 2720
1 440
1 290
1 105
1 170
1 4562500
1 499712
1 295
11 9300
0 1
1 170
1 370688000
0 1
1 6860800
1 910
1 840
1 2896000
1 236000
1 608
1 980418560
1 883200
1 6016
1 18500
1 7143424
1 188
1 1088
1 860
1 65
0 1
0 1
1 3
4 2725
1 21120
0 1
1 65
0 1
1 88
1 43500
1 3
0 1
0 1
1 724000000
1 925
1 74
1 45
1 5664000
3 32600000
1 310
1 7840
1 46093750
1 23200
1 3
1 2940
1 12125
1 252
0 1
1 856000000
1 540625000
1 72
1 875520
1 55
1 19988480
1 14
1 14
3 8499200
1 2390625
1 220
1 10703125
1 76595200
1 14
1 1360
1 55
1 56934400
1 7520
1 324
1 62464
1 60211200
1 275
0 1
1 56400
1 980
11 59500
1 4448000
0 1
1 11
1 19
7 875560960
3 6350
3 6350000
3 155
3 2468750
1 156
1 690
1 1925000
1 1300
1 4725
9 21280
1 7080000
1 388671875
1 106
0 1
1 198750000
3 2576
1 85760
1 88960000
1 7
1 168
1 3375
1 1072
1 405
1 72
1 705
1 3860000
1 23552
1 5700
1 99
1 16600
1 9728
1 4937500
0 1
1 3184
1 156
1 50176
1 18
1 1328
7 390
1 3275000
3 620
1 68800
1 440
1 3
1 6750
1 1088
1 19
0 1
1 395000
1 3
1 675
1 3
3 1592
1 5800
1 38
1 7905280
1 43000
3 2848000
1 8200
1 45760
1 264
1 23840
0 1
1 216
1 100480000
1 36
1 51520000
3 2278400
1 4966400
3 775
1 140
1 41750
1 647168
1 3550
1 264
1 324000
1 3
1 1880
1 9440
1 52
1 227500
1 6
1 639631360
3 3280
0 1
1 208
5 22656
1 740
1 63
1 324000
1 17
1 60160
1 1725
3 1662500
1 144
7 284000
11 4650
7 1910000
1 34
1 44
1 51904512
0 1
1 6
11 5952
1 540
1 12125
7 12224000
0 1
1 219200000
1 3
1 116
3 569600
1 1392000
11 1190
9 1330
1 102000
1 1176
1 120320
1 330
1 430000
1 725
1 238080
1 34
1 132
1 62
7 258
1 6
1 390400
1 1216
1 28
1 304
1 730000000
1 55
1 2740000
1 4736
1 796
1 6
1 4966400
0 1
3 824320
0 1
1 107
1 6880
0 1
1 11750
1 118400
1 3
1 26
0 1
7 258000
1 6
3 201250
11 99375
1 1751040
1 4125
1 4850000
0 1
1 198246400
0 1
1 14750000
1 620800000
1 325
1 7
2 4475
1 53440000
1 115
1 950
1 416
1 1232000
7 338000000
1 8046875
7 195
1 6
1 17152
1 304
1 736
3 7150
3 1548800
11 4889600
0 1
1 3078125
1 2784
1 2944
11 318000
5 2096
1 26
1 87
1 22
0 1
1 6
1 620
1 72
11 65208320
1 3093750
11 3046400
1 1392
1 650
1 244
1 39976960
1 73000
1 11875
1 1540
1 220
1 6
1 845000000
1 650
1 208
1 5280
1 675
0 1
1 44
3 163000000
1 1171200
7 403456000
1 72960
0 1
1 464
1 185
7 78233600
3 2768
0 1
1 608
1 192500
1 1240
1 8200
1 395000
0 1
1 68480000
1 10878976
3 1236992
1 2281250
7 6450000
1 28
1 135
0 1
1 21120
1 7
0 1
1 650
1 70
1 275
1 156672
1 12544
9 63680
1 56640000
1 5400
3 11730944
1 9932800
2 137
1 2432
1 28
1 3
3 163000000
2 3725
2 3275
1 52
1 34
1 3
1 5488640
1 13500
1 70
1 1300
11 397500
3 32604160
1 6272
1 2160
1 3
7 3900
1 15400
1 115234375
1 23360
1 330
0 1
3 11392000
1 45
1 275
1 3244032
1 22
0 1
3 124
1 1080
3 356
1 2325
1 140
1 78750
1 15100
0 1
7 488960
1 1380
1 1660
1 94000
3 38720
1 7
1 6
1 152
1 3
1 136
1 1640
1 27
0 1
1 79953920
1 16691200
1 12492800
1 88
1 9728
1 796
1 140
1 7
1 18500
1 48960000
0 1
1 5888
1 214400
1 85
1 5350
1 408000
1 20224
3 496
1 445440
1 1075
1 1260
1 445440
1 90400
0 1
1 155
11 9300
1 550
1 192512
1 36400
1 2020
1 36
1 94720
1 2432
1 1736704
1 44
1 7320
1 3
1 88
0 1
1 1730000
1 3
3 41
1 264
7 36352
1 2180
1 1824
1 144
1 28
1 13400
1 356
1 93184
3 111875
2 77734375
0 1
1 12400
1 907018240
1 16480
1 315000
1 7250
0 1
3 3280
1 460
1 62720
1 144
11 371875
1 275
1 18600
1 33400
0 1
1 14
1 65
11 60928
1 1590000
1 94720
3 13120
1 68
1 10880
1 285
1 3218750
3 356000
1 3760
9 422500000
1 9472
0 1
3 712
1 3
1 35
3 96640000
1 6455296
1 295000
1 145600
1 24064
1 7
1 608
1 48250000
0 1
1 45760
0 1
1 1856
3 52400000
1 1576
1 6375
1 4275200
1 77600000
1 9
0 1
3 155
1 4416
1 2520
1 152
1 88
1 2672
1 14024704
1 31680
1 3
0 1
1 55
0 1
7 3900
1 3680
1 692
3 1145600
0 1
1 56832
1 45
1 23625
1 1975000
1 5668864
1 9875000
1 88
6 4525
1 387072000
1 9250
1 36480
1 7
1 382
1 35
0 1
7 488960
1 2470400
1 376
1 70
1 18
1 210
1 18500
1 152320
0 1
1 208
3 12352000
1 4750
1 70
11 30464
1 618750
7 975
1 43500
2 121
1 610
1 24160000
1 140
1 7100
1 1620
3 60400
0 1
1 132
7 12300
0 1
1 4937500
1 652000000
11 28416
1 396
1 304
7 71434240
1 151000
7 20640
1 1360
0 1
1 70
4 177
1 3687500
1 72
1 39
1 115
1 13840
1 840
1 11776
1 274000
0 1
1 1234375
1 39
1 18513920
11 297600
1 140
1 1420
1 22
1 4750
1 3
1 22
1 6
1 679936
0 1
0 1
7 156
1 5408000
1 58750
1 33
1 50400
1 5440
1 9
1 24125000
1 3350
3 45250
3 981250
1 656
1 28
1 550
1 85
1 592
1 840
1 275
0 1
1 57000
1 438400
1 35800000
0 1
9 831250
0 1
1 5400
2 440625
1 530000
1 208
0 1
3 95744000
1 35
1 7
1 8560
1 1496
1 2176
1 200704
0 1
2 67578125
1 1650
1 23625
1 27400
1 5792
1 14800
1 142400
1 9728
3 98816
1 3225000
1 592
1 38080
1 70
1 55
1 5931008
7 228589568
1 6
1 370688
1 157500
1 442500000
1 22
1 840
1 2464
1 8832
3 845000000
1 2368
1 27656250
1 485000
1 393750
1 4880
1 12625000
1 275
1 3
1 220
1 72
1 238080
1 28
1 1203125
1 23296000
1 178000
1 18437500
1 42
1 985000000
1 6280
1 416
0 1
1 10600
1 21757952
5 759169024
1 38250000
1 260
1 2640
1 2272
11 246
1 42800
1 6
1 9
1 432500000
1 143200000
1 31360
1 3
1 58240
1 1446400
1 660
1 81600
1 71168
0 1
0 1
0 1
1 1312
11 8880
1 9152000
1 3680
1 118
1 1088
0 1
1 12096000
1 7
1 6
7 93600
9 55360000
1 12400
1 3507200
1 29600
7 5650
1 407500000
3 9875000
11 18600
1 75500
1 70
7 113600
1 10800
1 1430000
1 23986176
1 35
1 78
1 26
0 1
1 1832960
1 3870720
1 100864000
11 222
0 1
1 37400
1 9250
1 6
11 888
1 3
3 410
1 170
1 144
1 160768
1 7616
1 144
1 6
1 19520
1 52
11 744
1 3860
1 36
1 290
1 19
1 9360
1 76288
1 1175
3 5080000
1 106
1 7
2 515
1 88
1 4850
1 3360
1 26
1 970
1 129600
1 364000
0 1
1 23552
1 3375
1 309248
1 35
1 2350000
1 88
1 88
1 860
0 1
1 270
7 521666560
9 3325
3 128800
1 6
1 1080
1 608
1 1240
1 620800
1 11008
1 5824
1 254720
1 6784
1 81875
0 1
3 163750000
0 1
1 494080
1 8900
1 36
1 336
0 1
1 29200000
1 2700
3 496
3 1737500
1 484
0 1
1 6
0 1
1 4300
1 110400
1 3
1 2160
1 240640
1 648000
1 416
1 23125
7 18700
1 21500
7 33024
1 11680000
1 74
1 79462400
3 1613824
8 545
1 1300
1 11875
1 920
1 3
1 28480
3 775
0 1
0 1
1 2720
1 6
1 3
1 216250000
1 17250
1 83125
1 1360
1 3
1 248
1 2725
1 124
3 5536
1 5504
1 29440
11 47616
1 1175
1 910
1 3
1 8250
1 17024
1 12400
1 18200000
1 325
1 4937500
9 42560
1 71040
1 162
1 76
1 2384
1 11680
1 1075
1 6860800
1 918750
1 27750
1 72
1 215000
3 2864
1 32153600
1 145
1 14720
1 23750
3 45568
0 1
1 6
1 71040
1 696000
1 12560000
3 455680
1 740
3 3460000
3 2260
1 104
0 1
1 416
3 227840
1 6
1 14
1 1216
1 579200
1 30880000
0 1
1 22272
1 107500
1 29440
1 980
3 2480
1 9728
9 254000
1 130
0 1
1 18
1 293273600
1 18500
11 56832
1 4864
1 1850
1 18
1 2368
1 17400
1 82313216
1 35
3 8200
1 221250000
1 6480
1 365000
3 37750
1 350208
1 550
1 88
1 11875
1 3829760
1 33
1 2944
1 3
1 70
1 22250
1 74
3 2576
1 336
1 112800
1 70
0 1
1 6
1 285
1 6
1 44288
1 78080
1 472
1 340
1 3075
1 272
1 1736704
1 2864
1 2291200
1 1417216
1 737500000
1 17750
1 9450
1 178750
1 46592
1 291200
1 857600
1 58000
1 4275200
1 39731200
1 290
9 83125
1 23500
1 28
1 6750
1 78750
1 165625
1 1088
1 147500
1 18240
1 6
5 169
1 416
7 748800
3 3475000
1 2900
1 537500
1 11714560
1 5440
3 386560
1 4562500
7 22375000
1 117760
1 848
3 248
2 865
1 815000
1 700448768
3 80896
1 7100
3 427520000
1 10880
1 230
1 368
0 1
1 174
1 106
2 66015625
1 40800
1 401408
1 31680
1 35
1 15892480
3 455680
1 340
1 36
5 6048
1 156
1 5375
0 1
3 16400
1 6
1 2650000
1 18800
1 11392
7 178585600
0 1
1 110
1 473600
1 54394880
9 665000
1 5800
3 31
1 107500
1 180480
1 46
1 104
1 7741440
1 3
1 58880
1 45
1 630000
1 46250
1 1416
1 2340
1 950
1 6
1 23906250
1 650
1 29440
1 3925000
1 34
1 220
0 1
1 58750
1 348127232
1 7
1 1360
3 2468750
1 1175
1 23
1 475
1 23125
1 528
1 50400
1 2314240
0 1
1 14880
1 130
3 197500
1 228800
3 227840
1 10880
0 1
1 1175
1 6
3 7160000
1 4928
2 545
1 1088
1 180480
0 1
1 3
0 1
1 33382400
3 496
0 1
1 9100
1 77000
1 6650
0 1
1 1300
1 14500
3 1240
1 265000
1 58
1 1320
1 10878976
0 1
1 331250
0 1
7 14125
1 2752
7 975
1 9779200
1 920
1 325
3 13100000
0 1
1 88
3 83456000
1 7
1 456250
1 11040
1 28
1 118
1 608
0 1
1 12700
1 780
1 55
1 30080
1 39
1 81875
1 55
1 31680
1 965
0 1
1 44750
2 162109375
1 344
1 705
1 15646720
1 165478400
1 23552
1 171
3 3280
1 58
1 2700
1 6193152
1 2950000
7 382976
1 2448000
1 145
1 100139008
1 736
1 11171875
1 153125
1 6
1 24125
1 3
1 77600
1 5920
2 318359375
1 6
1 3460000
1 696
1 4256
3 1662500
1 14
1 4249600
1 5920
1 4014080
1 206000
1 112197632
0 1
1 144
3 79
1 7400
1 1325000
1 99328000
1 308
1 1180
1 1580
3 22250
3 23281250
1 126
1 6
1 18500
1 48800
3 790528
3 357171200
1 36
0 1
1 1496000
0 1
1 428125000
1 22
1 129600
1 3
1 152
0 1
1 6
1 1472
1 857600
1 2191360
1 12492800
1 43
11 930
3 310
0 1
1 1175
1 390
0 1
1 260
1 416
1 95
3 38656
1 315
1 17
8 109
11 2605056
9 26600
1 3
1 7
0 1
0 1
0 1
11 23808
1 215
7 37400
1 40345600
11 4650
0 1
1 4192
1 2375
1 1184
0 1
1 93600
1 172
1 41
1 4864
7 7488
1 45568
3 1208000
1 3
1 3560
1 35
1 302000
1 264
1 130
0 1
1 656
1 35
0 1
7 59904
1 16547840
1 55
11 1860
1 110400
1 260
1 3240
1 1424000
1 3850000
1 46
1 228125
3 5024
1 890
1 9
1 445440
1 1376
3 51171875
1 1696
1 52
1 14500
7 239616
1 3375
1 23296000
1 36
1 15680
1 9
1 17
1 2112
1 8832
1 11904
0 1
1 192500
1 2650000
1 203750000
1 137000
0 1
1 976
1 415
1 544
0 1
1 11953125
1 194
1 36
1 157500
1 1072
11 63600
1 55600
1 6272
11 555
1 140
3 328
0 1
1 1088
1 139200
1 2720
1 204000
1 816
1 258560
1 71168
1 7
1 35
1 1088
1 1650
1 409375
1 36
1 152
1 136
1 68
1 2050
1 1950
1 662500
3 2896
1 440
0 1
1 11875
1 11136
1 36
1 141600
1 1030000
1 3
1 51500000
1 168
1 2960
1 14848
1 3
1 70
1 36
3 120625
1 147
1 29000
1 26
1 43776
1 72
3 496
1 76500
1 2720
1 752
1 118400
1 198
1 1680
1 15468750
1 52
3 8900
1 70
3 31093750
1 928
1 96768
1 475
1 780
1 85
3 1975000
0 1
1 24640
1 99
1 6
7 16138240
1 2700
1 1225
1 22656
1 706560
1 32640
1 931840
1 31520000
0 1
1 70
1 1472
1 18
7 2580
1 528
3 3872
1 672
0 1
0 1
1 7
3 17800
1 440
0 1
1 1856
1 1368000
1 1980
1 137000
7 780
1 28
1 48500
1 50625
1 3
1 64400
1 1504
1 356250
2 655
1 215
1 680
1 1360
3 80896
1 550
1 708
1 12960
2 193359375
1 148
1 35
1 7280000
0 1
0 1
7 95500
0 1
1 855040
7 764000
1 1376
3 1550
1 608
1 109568
1 1075000
1 84
1 4864
1 1088
1 6900
3 447500
7 2840
0 1
1 49250000
1 2720
1 4966400
1 2944
7 488960
1 52
2 119375
1 28
1 2720
1 2384
1 3640
1 456
1 165
1 264
1 3
1 187000
1 987500
1 5350
7 142
1 81
1 3558400
1 130
1 28400
3 32800
0 1
1 6
11 318000
1 165
3 310
1 118
1 18
1 1240
0 1
1 3
1 28
0 1
1 47
5 163
1 29286400
1 299200
1 184
3 1975
3 197500
1 85
1 83750
1 977920
0 1
0 1
1 51840
1 31562500
3 49408000
0 1
1 1192
1 25088
1 292000000
7 244480000
1 10750
1 11840
1 26500
1 48384000
1 124
1 1064
0 1
1 7950000
3 790
3 32800
1 6200
1 9700
0 1
1 550
7 195584
1 68
0 1
1 68096
1 6
1 48250
0 1
1 148
1 11062500
1 6625000
1 13760
1 3360
1 48320000
7 31293440
1 115
0 1
1 118400
1 1480
3 2848
1 3
0 1
1 71168000
1 21889024
1 4850000
0 1
1 115
1 2704
0 1
1 736
1 124160
1 390
1 3850
3 1264
1 4864
1 3
0 1
1 19700000
0 1
1 92500
3 127360
1 185
1 544
0 1
7 468
1 3
1 316
1 7400
1 3232000
1 28
1 6160
1 1613824
1 70
1 18534400
0 1
1 2016
1 274000
1 6
1 42
2 193359375
1 4448000
1 4014080
1 416
1 1860
1 72
0 1
0 1
1 81000
1 5920
1 35
1 40500
1 68
1 672
1 29
1 2140000
1 22
1 7929856
1 157500
1 90400
7 62586880
1 3
1 4128
3 82
0 1
1 1680
3 19360
7 51600
1 153906250
1 14
1 1952
1 34
1 475
1 59904
1 656
1 170
1 6184960
1 31360
9 132031250
1 34500
1 95
0 1
3 15488
19 16900000
1 31800
1 110
1 66
1 5056
0 1
1 1696
1 36
3 6200
1 31360
1 2700
1 212
1 6
1 18
1 1216
1 4100
1 18
1 15040
1 3360
1 3
1 650
9 191488000
1 165625
1 1290
11 355200
1 14100
1 22
1 290
1 6
1 1300
1 7
1 104320
1 11600
1 10125
1 10600
1 136
1 66400
1 58
0 1
1 12492800
1 28
1 3
1 36875000
3 16998400
1 6
9 422500000
1 390
1 35
1 365
1 3
3 66500
0 1
0 1
1 6
1 1960
1 6
1 5920
1 691406250
1 19520
1 330
1 624640
1 275200
3 1550
1 28
1 2375
0 1
1 10880
1 197000000
1 794624000
1 76
1 14560
0 1
1 427520
1 2176
1 14600
0 1
1 35
1 304
1 58000
1 340
1 45
1 76
1 2016
3 32800
1 856
1 96768000
1 11406250
1 41750
1 205
1 6880
1 2432
1 18
1 440
1 312
1 1530000
1 3700
0 1
0 1
1 68800
1 36500000
3 3399680
1 11875
1 195
1 3997696
1 49375
1 1088
1 14125
1 5800
1 22250
1 10688000
3 2480
1 63963136
1 47360
1 1986560
1 174063616
1 136
1 1248
1 6
1 1080
1 170
0 1
1 78
1 7127040
1 543948800
1 1180000
1 550
1 110
1 174000
1 1824
1 36
1 21625
1 36600000
2 66875
1 30625
3 310937500
1 712704
1 4224
1 2960
1 56400
1 321536000
1 680
1 18240
1 670
1 184
1 27656250
1 688
0 1
1 1016000
1 230
1 8300
1 53
1 921875
1 144
1 49408000
1 1080
1 608
1 672
1 107500
1 391168000
1 784
1 72
1 4937500
1 336
11 595200
0 1
1 9250
3 8187500
1 88320
1 784
1 63000
1 260
0 1
1 3
1 2864
0 1
0 1
1 392
0 1
1 253440
1 185
1 35500
4 181
1 2700
1 9633792
1 14
1 216
1 811008
1 216250
1 191250000
1 4576000
0 1
1 1475000
1 42752000
0 1
1 105
1 8700
1 83
1 278400
1 36352
1 23360
1 47250
1 18
1 2225
1 365000000
0 1
1 1840
1 28
0 1
1 544
0 1
1 608
0 1
7 7100
1 310
1 2752
0 1
1 4050
1 181000000
1 3
3 1240
0 1
1 219200
1 780800
1 11875
1 13
1 212480
1 3625
1 5440
1 101250
1 3215360
1 205
1 11337728
0 1
1 608
1 3
1 144
1 15040
1 514457600
1 70144
0 1
1 48400
1 38
1 696000
1 3680
7 17750
1 3
1 268750
0 1
1 650
1 2848000
7 3900
5 524
1 1300
1 962560
1 19360
1 117600
1 5400
1 53
1 350720000
9 15920
0 1
0 1
3 155
1 4864
1 28
1 3360
1 92
1 412160
1 831250
1 3375
5 417333248
1 11840
1 25088
1 92
1 496
1 9472
7 1775
0 1
1 3
0 1
1 14
1 396875
7 599040
3 49020928
1 1622016
3 123125
1 3
1 132
1 6
1 544
3 2060000
1 3
1 155
1 1940000
1 2944
1 4680
1 36875
1 3
1 9
1 1360
1 85
1 72
1 3050
1 220
1 70
3 3665920
1 249856
1 420
0 1
1 192512
1 14480
0 1
1 28
3 7900
3 284800
0 1
3 3100
1 1208000
1 608
1 3360
1 35
1 22125
1 1740
9 98041856
1 475
0 1
1 1450
1 66250000
1 745000
0 1
1 3
1 17250
7 195
1 1968
1 5920
1 34500
3 50432
0 1
1 60312500
11 74375
1 3
1 325
0 1
1 1480
0 1
1 1696
1 13041664
5 181
11 5550
1 9
1 65
1 7
7 312
0 1
1 3440
1 325
1 1288000
3 493750
1 13840000
1 52
0 1
1 1107200
1 42250000
1 3960
1 780
1 912
1 208
1 7400
1 38297600
1 2150000
0 1
1 18
0 1
0 1
1 48384000
1 316
11 13041664
1 157500
1 19
1 870
3 988160
0 1
5 379584512
1 7
1 23680
1 132500
7 1950
1 14100
1 270312500
1 4050
0 1
1 5440
1 440
1 620
1 1208
1 1475000
3 3100
1 340
1 9728
1 68
1 1160
1 20200
1 275
1 240625
1 31
1 11
1 1192
1 52400
1 62
1 29
1 23680
1 25920
1 252000
1 54296875
1 1581056
1 21
1 169984
1 267200000
1 5603328
1 14250
1 364
1 3
1 460
1 22720
1 25500
1 3
1 12032
1 13400
1 23552
2 865
1 6
1 3140000
1 672
3 20608
1 132800
1 14
1 536
1 550
1 28
1 65
1 624640
1 234240000
1 3
1 676000
1 920
1 990
1 3763200
1 2160
1 701440
1 9
5 658505728
7 20875
3 178585600
1 692
1 3
1 3900
1 144
3 13120
1 1232000
1 155468750
1 7014400
1 9760
1 94896128
1 777343750
1 460
1 2572288
1 3
1 4864
1 630
0 1
1 712
3 2225
3 90500
1 3
1 35
1 118400
11 1987500
1 354000000
1 1856
1 155
1 35600
1 2432
1 1840
1 650
1 1088
1 275
1 136
1 3
1 177920
1 7120
1 22812500
1 113920
7 581632
1 3150000
3 1448
1 140
1 170
1 1950
1 115
7 71
1 6
1 1088
1 470000
3 39500
1 44
1 126720
0 1
1 15400
1 11040
1 124
1 14720
7 72704
1 36096
1 15520
1 16300000
0 1
1 6976
1 140
1 3136
1 55
1 2368
1 16056320
1 515000
1 45
1 624640
1 325
1 15257600
1 650
1 2432
1 283200000
1 65
1 1736704
1 74956800
1 2150000
1 44
1 104
1 1950
0 1
1 1294336
0 1
1 6
0 1
1 3
1 323584
0 1
1 788
1 3
1 39375
1 36
3 96500
6 3025
1 58
0 1
1 382000
1 8576000
1 180480
11 7950
1 146875
1 470000
1 65
1 206080
1 23552
1 535000
1 138000
1 124
1 9125
1 294000
3 248
7 32276480
1 3399680
1 244800
5 5856
0 1
1 587500
1 15680
1 55
1 304
1 61200
1 88
1 115234375
0 1
1 48400
1 54720000
1 2848000
1 8768
1 3180
1 11040
3 820
1 4750
1 6
1 379584512
1 475
1 340
1 569344000
1 1960
1 248750
3 205
7 119375
1 8187500
1 13
1 225600
1 35
1 185
1 72
1 6200
1 88
1 182
0 1
1 40192
1 7
1 444800000
3 45200
1 1240
0 1
0 1
3 131000
1 220
1 118400
1 52
1 38
1 12400
1 340
0 1
1 136
1 10368
0 1
3 322000
3 656
11 59520
1 208
1 184
1 46284800
1 81500000
11 7950
1 11392000
1 6
7 3740
1 232
1 999424
1 396
1 465625000
1 105
1 440
1 272
1 440
3 724000
1 10304000
1 56640000
1 43
1 65
1 108
1 86000
1 284800
1 2224000
0 1
1 56960
1 3
1 7734375
1 89
0 1
1 22
7 955000
1 748
2 2546875
11 3075
1 3
0 1
1 275
1 9120
1 825
1 230
1 92500
3 1270000
1 4812500
1 336
1 11
1 325
1 153
1 1932800
1 41
1 4625
1 108544
1 4288
0 1
1 991232
3 26200000
1 1384000
1 24832
1 115
0 1
3 3227648
1 1300
1 33
1 147
3 1580
1 73750
1 58880
6 123125
1 84
1 35
1 115
1 1020
1 9728
1 292000000
0 1
1 459375
1 35
1 1350
1 231424
1 36
1 26
1 3
1 70
1 192512
1 31293440
1 304
3 48320
1 215
1 3
3 455680
1 35600
0 1
1 33996800
1 656
3 483200
7 1810000
1 44
1 5880
1 21
1 660
1 260
1 28
1 230
1 780
1 22200
3 684032000
1 15646720
1 46
1 245
1 159907840
1 8875
0 1
1 11400
0 1
1 477500
1 86
1 35600
1 3296
1 1140
1 22144
1 2660
1 2176
1 6
1 736
1 618750
1 356000
3 1640
1 135
1 7120
1 45824
1 285736960
1 13046875
1 7
1 3
3 104333312
1 820
1 456
1 14
3 775
3 3475000
1 13238272
7 1950
1 357171200
0 1
1 36
3 775
1 140
1 184375
1 1402880
1 1068750
1 672
0 1
1 499712
1 58880
1 12600
1 1490000
1 18500
1 714342400
1 14
1 5920
1 22912000
1 3
1 14
1 672
1 284375
1 38250000
1 46250
1 3
1 41920
0 1
1 41
1 140
1 68800
1 616
4 187
1 550
1 124160
3 569600
3 37250000
1 24985600
1 35
3 199
3 2624
0 1
1 278000
1 12320
7 9088
1 184
1 62464
1 2287500
0 1
1 35500
1 140
1 1300
3 1550
1 2176
1 390400
1 136
1 3700
1 6
1 37
2 187
1 2176
3 1064
1 680
1 5888
1 284375
1 2920000
0 1
1 53000
1 22784
1 1384000
1 1239040
3 48320
1 35
1 302
1 70041600
0 1
1 3680
1 76
0 1
1 1327104
1 430
1 6
1 21500
1 700416
1 892928
1 86
1 1260000
1 618750
7 1870
1 192512
1 94720
0 1
0 1
1 759169024
1 144384
1 220
1 114
7 1248
0 1
0 1
3 328
1 41156608
0 1
1 5668864
1 712704
9 8128
1 3
1 1550
1 16998400
1 308800000
3 65200000
1 67000
1 2320
1 3280
1 12416
1 1548800
1 1680
1 14880
1 6
1 1376
1 2700
1 816000
1 2425
1 21920
0 1
1 3640000
1 104
1 1654784
1 105
1 496
1 11
3 12875000
1 54272
1 73750
1 110
1 3
0 1
1 200704
0 1
1 608
1 49
1 275
1 1275
0 1
1 52
1 1088
3 4100
1 293750
1 45760
1 7400
1 440
7 195
1 118400
1 902400
0 1
1 75264
0 1
0 1
3 258211840
1 1107200
1 24064
1 1432000
1 95
0 1
1 220
1 28
1 14
3 6200
1 88
3 201171875
1 94720
0 1
1 113125
1 34
1 473600
1 23
7 7100
1 634388480
3 3100
1 1680
1 140
3 2480
0 1
1 6103040
1 9
1 395
1 215000
1 6
0 1
1 4750
1 70
0 1
0 1
1 141312
1 6300
0 1
3 1234375
1 144
1 95
1 125440
1 802816
3 644
1 264
0 1
1 483200
1 14720
1 830
1 28
1 13
4 3275
1 11040
1 940
1 26800
1 3244032
1 3
1 36
1 6860800
1 164626432
1 140
1 28
1 252
1 92
1 22
1 70
1 5888
0 1
1 3
1 35
1 103680
1 94720
1 4928
1 95
3 12400
1 4896000
1 35
1 656
1 7
1 103680
0 1
0 1
1 587500
3 238400000
1 14
0 1
1 368
1 6
3 328
0 1
1 680
1 60160
1 616
1 22
1 33
1 299200
1 13680640
1 2850
1 44
1 3440
1 3760
1 98750
1 6
1 624
1 910000
1 9472
1 84
3 2848
1 78080
1 1472
1 925
1 46250
1 2375
1 288768000
0 1
1 5680
1 1907200
1 190
1 1139200
1 3
1 63
1 14848
1 857600
1 61849600
1 2176
0 1
1 164
0 1
1 1656250
3 3399680
1 47680
3 155
0 1
1 130
3 24125
1 24250
1 27040
1 416
1 304
3 32800
1 3
1 10880
0 1
1 736
3 1016
1 392
1 19
3 64400
1 8110080
1 190
1 44
1 2480
1 660
7 195
1 22
1 2528
1 950
1 264
0 1
1 23
1 544
1 222400
0 1
1 569600
1 5440
1 29400
1 608
1 3375
1 53120
3 815104
1 72
1 155
1 8875
1 22
1 6
7 1570000
1 5800
1 78
1 35
1 1824
19 16900000
0 1
1 608
1 28
1 190
1 24832
1 264
3 135200000
1 23
1 1753600
1 182000
1 72
1 632
1 140
1 44
1 152
1 6
0 1
1 220
1 3
1 87552
1 89088
1 27136
1 207360
0 1
3 124
1 783360
1 4300
1 132
1 796
1 1300
3 455680
1 7875
1 210
1 11840
1 14560000
1 3430400
1 6
0 1
1 170
1 967680
1 72
1 34
1 155
1 136
1 120960000
1 2320
1 1068800
3 20375000
1 926720000
1 140
1 6
3 16998400
1 48128
11 10176
1 13
5 181
11 371875
1 12544
1 36
0 1
3 3020
11 7440
1 364000
1 70
1 116480000
1 18944
1 315625000
1 110
1 55
1 313344
1 324000
3 82432
1 2416000
0 1
7 156
0 1
1 2483200
7 95500
1 9760
1 36
3 620
1 374
1 422500
1 12100
1 17
7 2064
1 8625
1 5440
1 18500
1 335000
1 19
7 355
3 9650
1 810546875
1 146
1 273920
3 1368064
1 51500
1 1320
1 275
1 5440
1 2176
1 5875
1 26
1 2448000
1 6125
1 345
3 1234375
1 416
1 3
1 24062500
1 304
3 1548800
1 2160
1 168
1 34
0 1
0 1
1 2900
1 11776
1 85
1 23125
1 2025
2 177
0 1
1 1264
1 3340000
1 816
1 98750
1 1870
3 381440000
1 257600
1 275200
1 7
1 1104000
3 410
1 2225
1 4750
1 608
7 374400
1 2191360
2 103
3 8900
1 304
1 928
1 3
3 161
1 15300
17 1018880
9 49020928
1 521600
1 3
3 164
0 1
7 17700
0 1
1 148
1 1671875
1 148
0 1
1 140
1 140
1 624
1 324
1 23500
1 24400
1 65
1 146000
1 2960
1 70
1 3680
1 28
0 1
1 63000
1 310
1 65
1 195
1 275200
1 70
3 30880
1 195
3 63242240
1 10750
3 154624000
3 124
1 9728
1 28
1 1907200
1 2368
7 412800
0 1
1 137600
1 4920
1 428800
0 1
0 1
1 72
1 1328
0 1
1 11040
3 248
1 9
1 91250000
1 208
1 6
1 43000
1 2280
3 1384000
1 568000
7 84500000
1 12400
1 304
1 254
3 153906250
1 11680000
1 31360
1 54272
1 162109375
3 89
1 100352
1 1880
1 124
1 108
1 45250000
1 115
1 1248
1 2432
1 45
1 170
1 58880
1 1490
1 35
1 8250
1 44
3 2848000
1 496
3 644000
1 940800
1 9
1 254720
1 6
1 7
1 6312500
1 1068750
3 4832
1 43437500
3 617600
0 1
1 818750
0 1
1 185344
1 860
1 1470
1 6880
1 14
2 2703125
11 35520
1 4288000
1 1300
1 15616
1 776
1 3625
1 58000
1 30800000
1 18
1 420
3 155
3 8050000
1 1327104
0 1
1 976
3 3560
1 171250000
0 1
3 2848000
3 1062400
1 36400000
1 28
1 16056320
1 11600
1 1350
1 105
0 1
1 103
0 1
1 6
1 2244608
1 14750000
3 12400
1 38
1 3
1 6
1 1216
4 118125
1 680
1 25034752
1 132
3 11300
7 452500
1 304
1 86500
1 224395264
0 1
1 3
1 440
1 78080
1 6112000
0 1
1 11300
1 547840
1 55600000
1 144
1 144
1 14
1 6100
3 31400
0 1
1 220
1 1888
1 161382400
3 5696
7 195
1 10875
1 11
1 185344
1 11
1 3
1 228
1 58400
1 45
1 17300000
0 1
1 6
7 292800
1 74400
1 19
1 1575
1 15040
0 1
0 1
1 1960
1 110
1 142336
3 13120
1 310
1 340
0 1
1 585728000
1 1424
1 540625
1 2700
0 1
1 2432
1 70
1 205
1 1088
1 5792000
1 129761280
1 794624
1 1850
0 1
1 944
1 117145600
1 12032
1 130400
1 70
1 9088
0 1
1 18
1 156
1 54
1 184
1 12032
1 680
1 48125000
1 3
1 3997696
1 1592
1 35
1 574218750
1 4275200
1 680
0 1
7 977920
1 275
1 925
1 14
1 3
1 672
0 1
3 114294784
1 1680
1 6
7 284
1 1840
1 10880
1 28
1 73000000
1 272
1 204000
1 48128
1 336
1 23125
1 128750000
1 4240
7 1496
1 6
0 1
1 440
0 1
1 1216
1 957440
3 496
1 1104000
1 18
1 184375000
1 144
1 962560
1 23750
1 2624
1 13250000
1 14
1 36400
1 22
1 65
1 2150
1 5440
1 428125000
1 33095680
1 14560
1 210
1 304
1 110
5 11712
1 340
1 4064
0 1
1 3
1 145
1 204000
1 1216
1 420
1 432500
1 2848
1 2700
1 537500
1 9
0 1
3 41
1 119040
23 7872
1 7890625
1 3
1 29200000
1 338
3 5693440
1 21120
1 27197440
1 2320
1 58000
1 1840
1 473956352
0 1
1 577536000
1 806912
1 435159040
1 16625
1 1662500
1 168
1 32800
11 1523200
1 275
1 42
1 80896
1 102000
1 2120
1 550
1 40800
1 284800
1 7127040
1 740
3 6550000
1 14720
1 6640
1 35
1 259375
1 258
1 2420
1 65
1 6
1 32640
1 70
1 35
0 1
1 28
3 62
7 7100
1 115
1 37750
0 1
1 136
1 21120
1 220
1 6640
1 235000
1 1300
1 130
1 1840
1 138
1 39375
1 210
1 116800
0 1
1 6375
1 740
1 10750
7 568
1 1568
1 398
1 310
1 870
1 396
7 191000
1 6
7 19100
3 2237500
1 680
1 6960
1 28
1 35500
1 104
1 950
1 1240
1 9
1 47000
1 95
1 26560
1 3425000
1 3350
1 1143750
1 3
1 776
1 106
1 1650
3 32800
1 236800
3 3950
9 1662500
1 70
1 53440000
1 4288000
1 74055680
11 74400
1 10880
1 3
1 650
1 1104
1 142
1 23125
1 151
1 116000
1 136
1 70
1 1176000
1 248320000
1 612
1 139
0 1
1 578560
1 17
3 5480000
1 6
4 77734375
1 8250
1 14
1 36500
1 8875
3 62
3 30515200
1 132
1 2960
1 1248
1 85600000
1 656
1 788000
3 79375
1 327500
1 3700
1 140
1 24985600
1 7872
1 2007040
0 1
1 217088
1 28
1 28
1 412160
7 977920
1 840
1 921875
1 136
1 21120
1 17715200
9 25400000
5 834666496
1 475
1 25088
1 424960
1 110
0 1
1 2740000
1 2227200
0 1
1 108789760
1 217579520
0 1
1 26
1 9100000
1 9250
1 4640
1 3
1 699218750
7 71
1 280494080
1 348000
1 208
7 3056000
1 467200
1 68
1 3
0 1
1 257600
1 1020
3 2480
0 1
1 9400
1 144
0 1
1 11600
0 1
1 7550
1 23296
1 460
1 228
1 580
1 37250000
1 3264
1 3152
0 1
1 223232
1 72
1 3360
1 928
1 4125
3 968
1 70
0 1
1 6
0 1
11 651264
1 10880
1 385
1 59200
1 136
1 12421875
1 29375
1 108
1 748
1 7300000
1 7125
1 147
1 11
1 16320
1 3680
1 61276160
23 24600
1 140
1 1216
1 205
1 1360
1 23840
3 5093750
1 18080
1 3375
1 91250
1 72400000
1 4825
0 1
1 3260000
1 356
0 1
4 440625
3 201171875
1 110
1 178
1 416
7 825600
1 118
1 35
3 1936
1 140
1 31981568
1 4140625
1 12720
1 23200
1 3920
3 81500000
1 3015625
3 775
1 3
3 4025000
1 23429120
1 190
0 1
1 220
1 260
1 2784000
1 456250
3 656
1 6625000
1 51904512
1 521875000
3 310
2 509375
1 310
2 291015625
1 33
1 6
1 309375
1 145600000
1 6
3 452
1 105
1 6
1 48800
1 6
9 254000
0 1
1 1260
3 196083712
9 266
1 93716480
1 165
3 647168
11 19680
0 1
1 19875000
1 91000
1 2227200
3 357171200
1 732160000
1 195
1 59520
0 1
1 416
1 97000
1 445440
1 186250
1 162109375
1 1650
1 43776
1 14
1 140
1 36
1 2498560
0 1
1 11600
1 2408448
1 53600
1 19
1 332
1 112800
1 29
1 7120
1 407500
1 144
0 1
1 408
1 135
1 11875
1 48800
1 7080000
3 248
1 413138944
1 144
1 58400000
1 1392
1 2900
1 826277888
1 110
1 53440000
1 12875
3 777343750
3 51171875
1 730000
1 36
1 3100
1 13
1 5920
0 1
1 90500000
1 765000000
3 620
1 9760
1 66250000
1 1248
1 2150
1 177
1 1006250
1 420
0 1
1 9218750
1 6
0 1
1 11600
1 14
7 3550
1 28
1 2848000
1 58000
9 1064
1 18944
1 272
1 2850816
1 9932800
1 150528000
1 4750
1 2480
1 51642368
1 624
1 11714560
1 155200000
1 6
1 1480
1 12910592
1 64880640
1 55
1 412800
1 4014080
1 2050
1 2900
1 144
1 3
3 644000
1 345
1 184
1 1212500
1 23750
1 1544
1 440
1 3
1 2362500
1 208
1 10800
1 76
1 175104
0 1
1 14560000
3 20096
1 220
1 9408000
1 6
1 116
1 2480
1 26200000
0 1
1 827392
0 1
3 104320000
1 116000
7 2460
1 410
1 14
3 77312000
1 650
1 35
1 23750
1 39500
1 2375
1 110
1 119680
1 22
1 191488
1 192512
1 22144000
1 23
1 74
1 171250000
1 2950
1 72
0 1
1 794624000
1 9267200
1 2448000
1 976
3 62
1 260
1 45
1 72
0 1
1 608
1 6
1 29120000
1 14
0 1
1 72
1 14750
1 76
1 165
1 23500
0 1
1 35
1 18
1 47
1 84
0 1
1 290
1 36500
7 39
1 11712000
1 140
1 236000
1 656
0 1
1 6
7 3820000
2 655
3 7160
11 651264
3 824320
1 550
1 340
1 85120
1 14250
1 310400
7 80625
0 1
1 1725
0 1
1 4609375
1 276
1 13500
0 1
1 3
1 377500
1 11875
1 339968
1 64400000
1 6
3 289600
0 1
0 1
1 11
1 1850
0 1
1 197500
0 1
1 620
1 88
1 1690
1 356250
1 66250000
1 275
1 70
1 505
3 12125
1 23125
0 1
1 18080
3 2620000
1 3211264
3 124
0 1
1 818750000
1 6208000
3 6560
1 3
1 8929280
0 1
11 297600
1 49
1 184
1 8875
1 672
1 708
1 23046875
1 680
1 13828125
1 152
1 34600
0 1
1 43515904
3 4937500
1 52
1 252
1 1472
1 18
1 140
1 2375
1 6200
1 7929856
1 2176
0 1
1 1840
1 6
1 84
1 2050
1 10688
1 1475000
1 28500
1 22656
1 1632
1 11776
1 120625000
0 1
1 35
1 2320
1 2976
3 1990
1 3680
0 1
1 368750000
1 28
1 1546875
2 76953125
1 7400
1 2478080
1 13500
1 650
0 1
1 86
3 54800000
1 2720
1 35625
0 1
0 1
1 85
0 1
1 370688
1 275200
1 3850
7 47750
1 473600
1 108789760
1 3425000
1 462028800
1 2020
1 12240000
1 210
1 57920000
1 1048000
1 9312500
9 382976000
1 2075
1 1198080
1 14
2 76953125
1 176250
1 184
1 32112640
1 228125
1 115
1 13280
1 11328000
1 792
1 490
1 366080
1 21120
1 2012500
1 1198080
1 228750
1 3
1 14500
1 3648
1 1180
1 7250
1 618496
3 64400000
1 60160
0 1
1 58880
1 3
1 3
1 2375
7 156
1 328
0 1
7 5160
1 106000
1 10176
1 660
1 620
11 993750
1 13568
1 148
1 650
1 468582400
1 810546875
1 1856
1 1888
1 3900
1 20224
1 907018240
1 14800
0 1
7 37440
3 1580
1 122
1 728000
0 1
1 9728
1 2720
1 364
1 55
0 1
3 327500
1 372
1 142400
1 608
1 64552960
1 1232
0 1
1 296
1 7
1 125440
1 118400
1 410
1 970
1 148
1 70
1 275
7 780
1 125440
1 1781760
1 6
3 322000
1 1300
1 182
1 2624
1 310400000
1 7250
1 460
1 496
1 4140625
1 54
0 1
1 12600
3 32604160
1 1940000
0 1
0 1
1 1080
1 1425000
0 1
1 129
1 171520
1 136
1 390
1 806250
3 34048
1 3178496
1 14
1 3
1 26
1 36659200
1 1620000
3 10480000
7 624
1 366080
1 278000
0 1
1 148
1 9
1 195
1 336
1 2432
7 926720
1 108
0 1
1 248
1 260
1 86
1 230
1 106240
1 104
3 1240
1 680
1 4750
7 468
1 35
0 1
3 12400
1 1548800
1 7250
1 1312
1 212
11 4889600
0 1
1 30240000
1 3
7 926720
1 1104000
1 47200
1 7
0 1
1 9400
1 6
3 75500
1 49971200
1 35061760
1 3
1 376
1 6
1 440
1 88
11 59500
1 11
1 58880
1 2834432
1 679936
1 3
1 53
7 1496
3 1550
1 2720
1 7080
1 232
1 126
3 69500000
1 123200
11 2605056
3 3218750
1 28
1 465
1 106
1 55
1 950
1 925696000
1 3
7 9088
1 164
7 4675
1 278
7 28400
1 23125
1 85
1 71000
1 3
1 6619136
1 3
0 1
1 2384000
1 312
1 608
1 7360
1 7127040
1 4125
1 4640
3 3100
3 51520000
1 2960
1 8160
1 68800
1 1425
1 58880
1 110
1 3680
3 775
1 227500
1 25344
1 72
1 672
1 7
1 84
1 4880
1 9
1 53500
1 445440
1 59
1 238080
1 4937500
1 28
1 3317760
1 516423680
1 23200
1 23125
1 260
1 140
11 14880
1 88
1 456
3 193280000
1 128750000
1 1081250
1 9676800
1 24250
1 6
1 27443200
1 950
1 3152
1 1216
1 24448000
1 3571712
1 840
1 3
1 6
3 31
1 460937500
1 315625
1 685
1 6272
1 2475
1 810
1 11776
1 382
1 17
1 304
1 440
1 63963136
1 11008
7 62586880
1 10880
1 2640
3 323584
1 305
1 127926272
1 6650
1 83
1 168
1 6
1 7360
1 2112
0 1
1 3100
1 129600
1 47616
1 3309568
3 2278400
3 35600
1 42
3 5650
1 1216
1 208
1 1540
1 75600
1 416
0 1
1 14750000
1 140
1 767557632
1 117500
3 824000
1 1075000
1 580
0 1
1 928
1 14320000
1 3625
0 1
1 118400
1 57920
1 107200
1 840
1 959447040
1 6
0 1
1 3473408
1 134000
1 16625
1 620800
1 17
1 7116800
0 1
7 1950
1 262000000
1 950
1 368
1 3150000
1 1416000
1 22
0 1
1 175112192
1 38080
1 1450
1 12880000
1 11600
0 1
1 11875
1 6
1 2432
1 17152
3 6560
0 1
0 1
1 14
1 3
1 70
1 9
1 4850
1 47600
1 103809024
1 1425
1 1368
1 537500
1 2464
5 338
1 14
1 3
1 147500
1 2112
1 596000000
1 362000
1 14
3 321875000
1 825
1 440
1 36
7 560332800
1 3780
1 4750
1 31500
1 35
1 84
1 68
1 33125
7 1420
7 403456000
1 9125
1 138400000
1 11406250
1 46720
1 11875
1 736
11 710400
1 9875000
3 569600
1 38
1 168
1 55
0 1
1 4736
1 23724032
1 208
0 1
1 34
1 5560000
1 1208
1 6
1 15440000
1 14480000
1 12600
1 11
1 77440
1 14
7 1853440
1 440
1 5043200
1 18500
1 3350
1 15040
1 84
4 187
1 14720
1 7
3 37250000
0 1
1 59200
1 14
1 368750
1 84500
1 1260
0 1
1 1710
1 35
0 1
1 1216
1 408000
3 31
1 4034560
1 1590
1 65
0 1
1 27680
1 9792000
6 98125
1 15800
1 77200000
3 12255232
0 1
1 38
1 11875
1 49
0 1
3 6200
0 1
1 11776
1 18
1 5439488
1 780
1 16625
1 9728
0 1
1 67000
1 370
0 1
1 321875000
1 509440
1 30880
0 1
1 275
4 23625
3 24875
3 155
1 77600
3 3425000
0 1
0 1
1 2720
7 23375
1 3
1 416
0 1
1 8250
0 1
1 135
1 8160
1 34
1 28480
1 430
1 284160
1 26875
0 1
1 590
7 191000
1 1472
0 1
1 25088
1 264
3 10304000
1 72
1 3
0 1
1 296
3 127360
3 164
1 780
1 35
1 43840000
1 28
1 1210
1 220
1 1850
1 110
3 206080
1 11776
3 46562500
1 7375
0 1
1 38500
1 79953920
1 544
3 1550
1 19
7 11312500
3 155
3 2050
1 3
1 1987500
1 45
1 840
1 14848
9 25400
1 4825
1 144
1 116000
1 1175
1 85
1 21120
1 2375
1 77343750
1 62720
1 59200
1 245
1 21
1 636718750
0 1
0 1
1 52
1 144
0 1
0 1
1 18
0 1
1 144
1 28
1 473600
1 86875
1 2944
1 35
1 36480
1 23
3 16400
3 155
1 204687500
1 493750
1 467200
1 289280
1 840
1 23125
1 52
1 312
1 278000000
1 58750
0 1
1 1325000
1 14
0 1
1 118400
0 1
1 473600
1 6
1 36500000
1 144
1 130
11 7950000
0 1
3 775
1 1751040
1 748
7 195
13 3088
0 1
1 2480
3 569600
1 62
1 3
1 18240
1 123904
11 7640000
0 1
1 550
1 2650
1 592
1 6
1 191889408
3 1962500
1 14848
1 1088
1 228
1 26875
1 275
3 12437500
1 13568
1 663552
3 41
11 3552
1 72192
1 175104000
1 680
1 1225
1 140
1 217579520
1 95744000
1 569344
1 35
1 1056
1 385
1 325
1 1456
0 1
1 136
1 9472
1 445
0 1
1 1004800
1 248
1 2850
0 1
1 3920
1 195584000
1 1850
1 83750
1 3
1 88
1 260
1 4512
1 405504
3 262000
3 29800000
1 116
1 140
1 2278400
1 18
7 195
1 110
1 1680
0 1
1 2384
1 45760000
0 1
1 86000
1 71600000
0 1
0 1
9 15875
7 11360
1 3
1 26560
1 9
1 410
9 330078125
7 585
3 326000000
1 416
7 292800
1 1088
3 31
1 140
1 280576000
23 24600
1 38200
1 3450
1 30800
1 27197440
3 152576000
3 102343750
7 5984
3 62
0 1
0 1
1 29
0 1
1 156
1 1725
1 285000
1 680
0 1
1 76
1 235000
3 3100
11 260833280
1 32800
0 1
0 1
1 3700
1 211250000
3 1264
3 5696
3 164
12 77734375
1 445
7 119808
1 44
1 46250
1 5888
1 10859375
1 228
1 378
1 38
0 1
1 35
3 6200
1 428000
1 667648
1 745000000
1 430000
1 235000
0 1
1 2140625
1 1300
1 94000
1 3
1 24832
1 9120
0 1
1 12750
3 2480
1 28
1 925
0 1
1 1998848
1 171520
1 2120
1 752
1 7
1 120320
1 435159040
1 488
1 28250
1 122
1 6
1 164626432
1 343040
3 4100
1 7
1 181248
1 1180
0 1
1 26200
1 70
0 1
3 309248
1 33500
1 14
1 2912000
1 60211200
3 6455296
1 101376
3 790528000
1 190
1 2520
0 1
1 3900
7 780
3 620
1 124160
1 15616
7 132031250
1 40234375
7 3900
1 31360
1 36
1 608
1 3
1 11040
1 950
0 1
1 6
1 172
1 795
0 1
1 4019200
1 56960
0 1
1 15040
1 716
1 133
1 36
1 15800
0 1
1 70
1 3480
1 950
1 23125
1 1424000
1 182
1 23200
1 49
1 620
1 65
1 9625
1 51520
1 368
1 1950
7 250347520
0 1
1 11648
1 296
1 8250
1 13500
1 38500
1 70
0 1
7 376953125
1 11776
1 376953125
1 165
1 127926272
0 1
1 116000
1 540800
1 23750
1 6520
1 35
1 570
3 2060800
1 240640
1 410
1 4781250
1 138
1 136800000
1 440
1 273600
1 48800
1 118400
1 730
1 3
1 440
7 23936
1 208
0 1
1 2944
1 273920
1 154000
1 736
1 3430400
7 71000
3 6200
1 3850000
1 2784000
0 1
1 11
1 10800
1 258211840
1 18688
1 16302080
1 6
1 7424
3 775
1 260
1 4125
1 272
1 22784
1 58000
1 11
0 1
1 70
0 1
1 7
3 35600
1 14800
1 28200
3 248
1 220800
1 65
1 4950
3 79375
1 6
1 46858240
3 16300000
11 6360
1 10437500
1 2720
1 200704
1 2112
4 655
1 232
1 9125000
0 1
1 157812500
0 1
1 85
0 1
1 4025
1 2225
1 58880
1 184
0 1
1 45
1 404000
1 725
1 184
1 42750
0 1
1 306380800
1 126080
1 552
1 10560
3 77312
1 208
1 2675000
1 29982720
1 5440
1 2176
1 43
1 185
3 24160000
1 312
1 246400
1 6
1 326
1 98
1 41
1 102
0 1
1 104
1 3
1 1290
1 660
1 1940000
7 975
0 1
1 4609375
1 1328
7 422500000
3 620
1 38
1 13360
1 70
4 19125
1 675
1 26
1 58000
2 65234375
1 62720
1 70
1 499712
0 1
1 72
1 2864
0 1
1 36
1 12032
1 14
1 725
0 1
0 1
1 96768000
1 293750
7 51600
3 25750000
1 30800
1 4812500
1 1910
9 8512
1 176640
1 43264
1 1448000
7 7080
1 37250000
1 306380800
1 7
1 615625000
1 12700
1 2605056
1 18
1 7808
1 11600
0 1
1 7
1 650
1 1206250
1 1220
1 741376000
1 5875
9 63680
1 148800
1 11392
1 102891520
1 68500
1 19
1 787500
2 571875
1 312
1 3
1 5875
1 79462400
7 24600
1 4750
0 1
7 312
1 5700
1 58000
1 264
9 83125
1 6
1 196
1 117760
1 5150000
1 55
0 1
3 2225
1 140
1 58880
7 48896
1 2640
1 6
1 126000
11 3260416
1 58880
1 4140625
2 22375
1 1075
1 12200
0 1
3 127000
1 2375
1 670000
1 276
1 15680
9 6680
1 979200
1 23552
1 220
1 1256000
1 1360
0 1
1 24625000
1 2944
1 171200000
1 1504
1 3140
1 6
1 5696000
1 4288000
1 299200
1 1312
0 1
1 37478400
1 3420
7 15646720
1 208
0 1
1 608
1 10688
1 396875
1 241250
1 9
0 1
3 504320
1 248
1 6
1 105
7 780
1 620
1 69921875
1 99
1 217579520
1 3640000
1 18
0 1
1 1048
0 1
1 134375
1 23200
1 206848
7 285736960
1 20400
1 553125
1 29440
1 25920
1 35
3 151
1 30515200
1 6
2 745
1 42
1 416
1 550
1 440
1 3024000
1 730000000
1 264
1 154
1 8850
1 118400
1 28
2 13828125
1 143
1 1856
1 6016
1 3
1 22
5 5408
3 620
1 136
1 672
1 7120
3 4475
1 62
1 5439488
3 284800
7 284000
1 27392
1 260
1 2350000
0 1
1 7320
0 1
1 3050
1 55680
1 465
1 787500
0 1
1 8128
1 3280
1 111616
1 63000
1 11680000
1 15468750
1 46336000
1 2432
7 1290000
1 5400
1 2720
1 6112
7 89292800
1 144
1 5824000
1 3080
1 19
1 7
0 1
1 993280
1 3680
1 6750
3 104320000
3 321536
9 158750
1 28467200
1 6
1 701440
1 3
1 40192000
1 3850
0 1
1 77312000
1 4928
1 1420
1 416
1 440
1 3
1 284800
1 2720
1 29120000
1 169000
1 17875000
1 6125
1 82313216
1 424
1 85
1 82400
1 32421875
1 184
1 280166400
1 116000
1 22343750
1 2025
9 603125
0 1
1 11840
1 3100
0 1
1 3712
1 310
1 10880
1 12720
1 467200
1 2176
1 990
1 295000
1 12910592
1 170
1 274432
0 1
1 550
1 3
1 2375
1 348127232
1 9062400
1 1525
1 270
1 260
1 147500000
1 275200
1 68
1 299200
1 250880
1 1171456
1 208
1 35
1 14720
1 1088
1 236800
1 6
1 4864
1 19400
3 12369920
1 11875
1 680
1 136
1 1253376
1 1300
1 187392
1 2360
1 2480
1 336
1 21757952
1 2176
1 15616
1 141721600
1 43
7 312
1 3211264
1 35020800
1 3
0 1
1 288768000
1 245
1 18700
7 78233600
0 1
1 312320
9 665
1 77734375
1 91000
1 272
1 96768000
1 14900000
1 310
1 104
1 13700
1 132
1 70
1 395
9 8128
1 38
1 624
1 675
1 9760
1 144
0 1
1 3828125
1 35600
1 2320
1 4593750
1 23200
1 30965760
1 4512000
3 31
11 834666496
1 216250000
1 3
1 1360
1 5150
0 1
0 1
1 12976128
1 690
7 80625
1 8576
1 2520
1 6550
1 31784960
1 3420
1 9100000
5 379584512
0 1
3 19750
1 7127040
1 472
0 1
1 36
1 76
1 14
1 6
3 95744000
3 4832
1 91250000
1 5800
1 113600
3 310
1 9400
1 21
1 286400000
1 113125
3 16375000
11 744
1 6
1 36
1 11875
1 2288000
1 31360
1 1260
1 116480000
1 31232
1 94720
0 1
1 2736128
1 33
0 1
1 7424
1 1632
3 1550
1 3687500
2 119375
1 3
1 105
0 1
1 57147392
1 38
1 9
1 592
1 730
1 31
1 6560
1 27
1 322
1 5440
1 46
1 1138688
1 45
1 18
1 69760
0 1
3 4075520
1 1248
3 161000
1 1204224
1 376
1 204000
1 1300
1 144
1 100352
1 7375000
1 126
1 6
1 88
1 6
1 550
1 310
1 88576
1 14200
3 32800
0 1
1 416
1 6
1 144
1 204687500
1 6635520
0 1
1 135987200
1 169000
0 1
0 1
1 6200
1 124
1 11392
0 1
1 1825
1 8857600
1 4725000
1 35
0 1
1 85
3 19900
1 14
1 473600
9 31750
1 6
1 3162112
1 831250
1 145600000
9 10160
1 2850
1 126000
1 235
7 195584
1 14240
1 920
1 13598720
1 2375
3 248
1 1340000
1 7014400
1 4864
1 18
1 2050
1 1325000
1 9125000
1 58400
4 23375
1 18240
1 370278400
0 1
1 275
3 53440
3 15390625
7 955000
1 28049408
0 1
3 3020
1 356250
3 3220
1 66
1 24250
1 142
3 6440
1 6
1 18944
1 325
3 19300000
1 30800
1 1460000
2 3475
1 18
1 18200000
1 4750
0 1
0 1
1 3
1 28
3 49020928
1 470000
1 344
1 23750
1 5480
1 152
7 149600
1 23
3 2780000
1 6
1 19300000
1 168
1 250880
1 124
1 3828125
2 326171875
1 45
1 10560
1 2805760
1 156160
3 15800
1 246875
1 60625
1 1975000
1 34250000
1 1950
1 29952
1 4966400
1 148
1 5300
1 1540
1 26875
0 1
1 23200
0 1
1 617600000
1 14800
1 684800000
1 446875
1 162816
1 117760
1 7
1 548864
1 272
3 169000000
1 47
1 88
7 3900
1 3104000
2 22625
1 323584
3 5696
1 748800
1 775
1 24625000
1 275
1 1390
1 2620
0 1
1 685
1 2340
1 14592
0 1
1 3997696
0 1
1 147500000
1 3
1 876800
7 25216000
9 340480
1 115
3 16625
1 36875
1 76
1 3
1 475
1 34304
1 32800
1 58880
11 304640
1 3100
1 7760000
1 9850000
11 2544
1 975
1 28
1 2944
1 2176
1 1840
1 3
3 205
1 22375000
1 5375
11 23808
1 70
3 712
1 460
11 1488
3 410
1 7
1 945000
1 247040000
1 7760
1 10880
1 35
1 20352
11 119040
0 1
3 3100
7 312
1 3360
3 6200
1 3640
1 11008
1 223750
1 14
1 1016
1 60160
1 396875
1 1240
1 501760
1 599040
7 156
0 1
1 26
1 1376
1 20400
1 14
1 1241600
1 100864000
0 1
1 14720
1 70
1 6
1 2406250
1 13
1 1160
1 45
1 56800
3 23281250
1 6422528
3 12400
1 340
1 6016
1 2900
1 2160
11 5210112
1 36500
1 4950
1 140
1 32421875
1 14
1 28
1 10800
1 680
1 2475
1 1650
1 3
1 13
1 58880
1 4966400
1 2640
3 991232
1 289600000
7 780
1 40500
1 260
3 16400
1 1080
1 26200
1 290
3 12400
7 390
1 430000
0 1
1 117500
1 136960000
1 85
0 1
0 1
1 165
0 1
1 23
1 14200
1 76
1 14
1 118400
1 11648000
3 154400
1 473600
0 1
1 29500000
1 377500
1 35584
7 161250
1 168
0 1
1 28
1 1220
1 81600
7 2064
1 44544
1 8250
0 1
1 22912
1 92
2 23375
1 34400
7 292800
1 132
0 1
1 2360
1 107500
1 144
1 155
7 2580
3 1016
0 1
0 1
1 275
1 144
1 792
1 7
3 656
9 127000
1 2525
3 10187500
0 1
1 325
1 26
1 350720
1 7
1 2086400
0 1
3 2480
1 65
0 1
1 1232000
1 11
1 6
1 65
1 304
1 168
0 1
1 5440
3 8950000
1 5920
1 515000000
1 1472
1 412
1 6625000
1 33500
1 14028800
1 23101440
1 293750
1 6
1 276562500
1 135
1 650
1 6
1 17
1 36
1 105625
1 1328
1 10878976
3 5320
1 1300
1 29200
1 136
1 1720
0 1
1 21
3 1699840
7 78
1 441600
1 7
11 7440
11 371875
1 2744320
0 1
1 5281250
1 588000
0 1
1 6750
1 490209280
1 9472
1 336
1 3375
1 6784
3 257600
1 34304000
1 2900
1 40234375
1 928
17 25472
1 8875
3 30880
1 7232000
1 3
1 2960
1 1530000
1 1088
1 1110
1 9
1 18
3 12400
1 94000
1 44
1 1680
1 9400
1 66
1 1184
1 40448
1 1456
1 59
1 66500
1 437760000
1 1190
1 190
1 19148800
1 180800
1 3160
1 51875
1 140
1 66
1 140
7 3900
1 35
1 88
0 1
1 41216
1 397312
1 21
1 59840
1 6
1 20224
1 6480000
1 296
3 1975000
1 68
1 284800
3 257600000
1 77600
1 5504
1 33200
1 14800
2 114375
1 3
1 980
1 432
1 2310144
1 17
1 105
1 2444800
1 117500
0 1
1 3
1 12080
1 29000
3 395000
1 6
1 88
1 14
1 55
0 1
1 21500
1 3
1 8600
1 14
1 4224
1 416
3 6650
1 7520
0 1
3 13041664
1 340
1 18
1 435159040
9 133
1 3
7 156
1 6
3 10812500
1 3808
1 89
0 1
1 650
1 4416000
1 1472
1 56875
1 156
1 18
1 29600
1 3712
0 1
0 1
1 14900
1 6300
1 40448
1 3
1 3
1 544
1 11
1 3680
1 44
3 205
1 16768
1 140
1 1320
1 301562500
1 366080000
1 15920
1 249856
3 447500
9 8128
1 620
1 733184000
1 10944512
0 1
3 25821184
1 70
1 4080
1 79953920
1 2650000
1 12320
0 1
1 612
1 118400
1 3
1 168
3 284800
1 61
1 568750
1 435159040
1 210
1 7250
1 22
1 840
1 11875
1 2176
1 18800
1 1475000
1 34
1 309657600
3 1640
1 11875
1 2700
1 117500
1 220
7 568000
1 138000
3 620
1 115
0 1
1 196
1 7700000
0 1
0 1
1 4275
1 38
1 284375
1 248750
1 28
1 248320
1 110
1 6848
1 208
1 10300
1 680
1 6
1 278400
1 3280
1 89088
0 1
11 76160
0 1
1 12750
1 464
3 11386880
4 15078125
1 624
0 1
3 41216
1 152576
1 6
1 416
1 1744
1 118400
1 53750
1 13500
1 1850
1 183040000
7 8875
1 92500
1 172
1 34
1 13400
1 220
0 1
1 32112640
1 2007040
1 926720
0 1
1 565625
1 608
1 152
1 46250
1 173750000
1 9
1 23600
1 584
1 48125000
3 31
3 6350
1 5472000
1 412800
1 1376
1 6
1 784
1 696254464
1 7520
0 1
1 182000
1 310400
1 420
1 4736
3 16400
1 410
1 5865472
1 68
1 856250
1 1550
0 1
1 30625
1 70
1 12736
1 220
1 680
0 1
1 110
1 76
7 15280000
11 9840
1 3850000
1 10432000
1 3350
1 2820
1 46
1 21757952
1 29440
1 499712
1 2995200
1 165
1 47812500
1 17200
1 171
11 49687500
1 25120000
3 44750
3 20375000
1 23680
1 540
1 7
2 14125
1 1575000
1 3700
1 2137600
1 2928640
1 22625
1 230
1 206848000
1 28
0 1
1 1275
1 1328
0 1
1 10300000
1 197
1 325
1 11730944
0 1
11 1904000
3 14286848
3 155
1 3
1 130
1 440
6 13515625
1 28
1 1960
1 55
1 3
1 3680
1 1880
1 5920
7 7640000
1 9728
1 72
0 1
1 14800
1 218880
1 2275000
1 45824000
1 5700
1 550
1 1216
1 11776
1 5720000
1 26
1 7
0 1
0 1
1 686080
1 29286400
1 3900
1 115
1 71200
1 496640
1 82
1 26
1 390
7 4680
1 6
1 168
1 14
1 7400
0 1
0 1
1 2007040
1 424
3 8499200
3 83125
3 655000
1 30600
0 1
1 61276160
1 615
1 32640
1 3
1 396
1 1139200
1 41156608
1 55
1 260
1 14
1 24750
1 45
1 292000
1 116000
0 1
1 28500
3 3399680
1 691406250
1 275
1 11337728
1 3
1 58572800
1 10720
1 144
1 61
1 780
1 296
1 43
1 3
0 1
1 38
1 50069504
1 60312500
1 2720
1 106
7 195
1 1300
3 1025
1 23125
3 1550
1 630000
1 12240000
1 659456
0 1
1 38671875
1 218890240
1 920
0 1
1 214400
1 18437500
1 46
1 4609375
1 3640
1 921875
1 4640
1 4093750
1 220
1 556800
0 1
1 6
0 1
1 135
0 1
1 134000
1 84
1 7
0 1
1 13840
1 928
0 1
1 11337728
0 1
1 43437500
11 203776
1 18800
3 1312
3 197500
1 28
1 8110080
1 656
0 1
1 3100
0 1
1 3725
0 1
1 6160
1 3
0 1
1 14
1 6
2 349609375
1 9
11 119
1 34400
1 35
1 220
1 1136
1 6
1 10880
1 432
1 321536000
0 1
1 368
1 3
2 98125
1 57280
1 59
1 2208
1 14
0 1
1 52
1 2752
1 3460
7 9550
1 308800000
3 69500000
1 117760
3 1610
1 44
1 77
1 100625
1 16160
1 265000
1 22125
7 129000
1 416
1 18875
1 2350000
1 4920
1 11875
2 66015625
1 284375
1 752
1 17750
1 1660
3 196250
0 1
0 1
1 26
3 41216
1 940
1 1206250
1 11328
0 1
1 340
1 291200000
1 420
1 198656
1 70
3 52400000
3 310
0 1
1 12976128
1 145
11 2484375
1 1008
3 62187500
1 4882432
1 8875
1 965000000
1 117760
1 72
1 55
1 23750
1 3
1 902400
1 15750
3 755000
1 10480000
1 9
1 4640
1 2320
1 42
1 275200
1 23724032
1 55
1 65
1 9950
1 1779200
0 1
1 146
0 1
1 650
1 7
1 58
0 1
1 45500
7 31293440
1 196
1 72
1 14
1 3
1 140
1 456250
1 3
1 28
1 2368
3 164864
1 65
1 950
1 3317760
1 5800
1 12492800
1 36
1 36
1 202
1 104
1 29
1 840
1 510
1 7495680
1 6300
1 314
0 1
1 3440
9 422500000
1 975
1 267200000
1 1550
1 140
1 107500
1 127926272
1 13840
1 230
1 4850000
1 4750
1 9250
3 93716480
1 92500
1 126
1 22
1 3
1 19520
1 2432
1 2375
0 1
0 1
0 1
7 488960
1 7
1 420
1 828125
1 12240000
1 2112
0 1
1 259375
1 220
1 196
1 20400
1 34
0 1
1 2640
1 3008
7 142
1 2944
0 1
1 920
1 2256000
0 1
1 91250000
1 137600
3 656
1 7
3 82
1 222
1 144
1 51600
0 1
1 350224384
1 5840000
3 255859375
1 92
1 4736
1 540
3 2848
1 5280
3 1808
1 108
1 184375000
1 1216
1 7321600
0 1
0 1
1 3375
1 1043750
1 140
1 496
1 2720
1 130
0 1
0 1
3 528125
1 7520
0 1
1 1840
0 1
1 660
1 21200
1 11360
0 1
1 26
1 94000
1 6799360
1 504320
1 248
1 1175
1 20640
1 179
1 16900000
1 5990400
1 29000
3 49020928
5 834666496
0 1
1 45
1 280576
1 23552
1 29440
2 2234375
1 13250000
0 1
1 1300
1 2944
1 350208
1 50625
1 108544
1 19
1 272
1 22812500
1 3350
3 40448
1 25088
1 708608
1 536000
1 58000
1 290
0 1
1 7
1 140
1 28
11 95200
1 296
1 430
1 464
1 310400
1 3
1 208
1 292
1 6
1 117760
1 9125000
1 3160
1 2480
1 17875000
1 3
7 200278016
1 920
1 13568
1 192500
1 675
1 5824000
0 1
1 2480
0 1
1 51875
3 248
1 1488
3 3575
7 748000
1 104
1 2368
1 1680
1 14
1 7014400
1 325
1 12960
1 85
1 99
1 12928000
1 950
1 144
1 6
1 36
1 20172800
1 12750
1 1980
3 724000
1 944
11 595
1 1168
1 30924800
1 23
1 3360
1 464
1 725
1 550
1 79
1 475
1 6120000
1 883200
1 910000
1 1234375
1 1320
1 131000000
1 115507200
1 3220
3 246875
3 32200
1 7360
1 36
1 371875
2 3015625
1 6
3 2050
1 35
1 23429120
0 1
0 1
1 333824
1 178176
0 1
1 18200000
0 1
1 206000
1 108789760
1 3828125
1 805000
1 44
1 68800
1 1472
1 12672
1 230
7 1248
1 440
1 1210
1 925
3 193000
0 1
3 12255232
1 43515904
1 680
1 4864
0 1
1 108
1 88
1 7995392
1 984
1 28
1 30625
3 23461888
1 19750
1 2320
3 1294336
1 35
1 29600
1 198656000
1 650
1 19700000
0 1
3 4450
1 608
1 1824
0 1
1 11
1 14
1 156
0 1
1 16160
1 156
1 6
1 420
1 136
1 1131250
1 165625
1 152
1 44
1 612
1 883200
1 370688000
1 20736
1 55600
1 39375
1 134000
1 1160
1 142500
1 310
3 1312
1 49
1 840
1 45
1 46
3 31
1 3904
1 1780
1 3
1 76
1 70
1 950
1 95
7 2272
1 105
1 4864
2 69921875
0 1
3 612761600
1 142500
1 66800000
1 22
1 70
1 204
1 59200
1 382500000
1 135
1 278
1 1112000
1 101875
7 5984
1 33
1 164
5 1220608
1 2176
1 7
0 1
1 5300
1 155200000
1 290
3 41
1 99328000
1 70
1 76
1 18100000
1 99
1 14
1 999424
0 1
3 1640
1 7
0 1
1 3700
1 66
1 1472
1 1312
1 69500000
1 272
1 140
1 650
9 203200
1 495616
1 50944
0 1
1 6
1 6336
1 3
1 1392
1 3
0 1
1 6635520
1 9
1 20468750
7 76400
1 13680640
1 274000000
1 110
1 6
1 4014080
1 104
1 925
1 17536000
1 272
1 4864
3 3100
1 144
0 1
1 32750000
1 44544
1 76
1 18875
11 407552
3 20864000
9 3325
1 12032
3 44500
0 1
1 52
1 44
1 148800
1 22784
1 1616000
1 290816
1 96256
1 60160
1 58880
1 127
1 118400
11 1904
1 70
1 608
1 40750
1 3700
1 540
0 1
1 29440
1 1360
0 1
3 124
1 3
1 170
1 144
1 7
1 883200
1 315200
1 34750000
1 5480
1 83750
1 48400
7 1564672
3 1580
1 161
3 395264
1 440
1 876800000
1 4768
1 2176
1 58
1 22
1 441600
1 46562500
3 356
1 252
0 1
1 14
1 1480
1 2752
1 25088
1 3900
1 63360
1 14
1 3
1 928
1 3380000
3 22773760
1 6160000
1 675
1 14
1 4768000
1 130
1 17
1 3
1 23750
1 257500000
1 6
1 27750
1 3
3 241600
1 35
1 181403648
1 14500
1 74
1 51
1 195200
1 1950
1 65
1 774144
1 390400
0 1
1 5520
1 485000
1 14200
0 1
1 270
1 1300
1 35
1 17664
1 416
1 7400
1 7
1 107
1 2360
1 23200
1 88
4 745
7 11312500
1 312
1 61
1 6050
1 5728000
1 145600
1 140
1 28
3 11392
1 11584000
1 124
3 164
1 3880000
11 238
1 445440
1 83750
3 785000
1 12200
7 3744
7 1497600
1 110
1 2075
1 232
1 177
1 1016
1 48250
1 36
1 118489088
1 386718750
3 1640
1 816
1 568750
1 5088
1 21
1 104
3 66500
1 18500
1 201250
1 34304
1 7
3 32187500
1 104
1 48800
1 4750
1 7840
1 1056
1 123200
1 42496
1 24750
1 492500000
1 223750
1 1088
9 50800
1 54
1 76
1 47812500
3 620
0 1
1 950
7 12300
1 27600
1 13
0 1
1 364
0 1
1 325
1 68
1 4525000
1 1568
1 7
1 2096000
1 62080000
1 20608
0 1
1 3
1 920
1 58
1 330
1 26
1 65
1 3
3 65200000
1 105
1 25760
5 280576
1 25400000
1 3828125
1 1448
1 570
1 2208000
1 6
1 55
1 190
1 45
1 30625
1 3925
1 2700
1 238080
1 473600
1 77
1 14
1 16100
1 340
3 19328000
1 7250
0 1
1 88
0 1
1 39168
1 35
1 19875000
0 1
1 49664
1 25088
1 88
1 30880
1 10750
1 6422528
1 5280
0 1
1 14976
2 17375
3 410
1 5056
1 214000000
1 2050
1 3
0 1
1 64400000
1 39976960
1 340
1 49
0 1
1 2176
3 90400
1 18944
1 170
1 672
1 230
1 441600
1 6
1 228125
1 1432000
0 1
0 1
1 110
1 14600000
1 9
1 70
1 3088
0 1
1 52400
1 6440000
1 3506176
1 113920
1 3
1 7
1 291200000
1 78080
1 1450
1 21
3 496
1 7
1 23625
1 6
1 7424
1 1584
1 15990784
1 17536
1 4416000
1 752
1 2739200
1 13680000
9 5281250
1 95500
1 2624
1 140083200
1 815000000
3 19300000
3 1240
1 3
0 1
1 592
0 1
1 4750
1 312
1 29600
1 26
1 17750
1 184375000
1 13
1 19400000
1 3360
1 10432
1 212
1 89088
3 12400
1 135
1 9024000
3 49375
1 215000
1 55
1 9
0 1
1 5800
2 3275
1 6
3 6520000
1 1450
1 3540000
1 25088
1 317194240
1 645529600
1 388000
1 3280
1 64375000
1 83500
1 2900
1 86
1 18
1 825
0 1
7 521666560
1 388000
1 11008
1 28640
1 208
1 2760
1 468480
0 1
1 184
1 1360
3 10703125
1 14
1 13
1 47000
1 34
7 35500
1 490
1 530000
1 3050
1 43000
1 50176
3 387200
7 135200000
1 200704
1 241600
11 1190400
1 1475
0 1
1 130
1 115
1 5280
1 10880
3 124
1 22272000
7 1248
1 1650
1 62464
1 14960
0 1
0 1
1 643072000
11 555
0 1
11 1190400
1 2150
1 26406250
1 4966400
1 14
7 1136
1 6272
0 1
1 14811136
1 35430400
1 46
1 35
1 6
1 5400
1 6
3 90500
0 1
1 87552000
1 13984375
7 19100
1 818750000
1 43000
3 496
1 420
1 15892480
1 1808000
1 1056250
1 260
1 1175000
1 206000
1 47040
1 7
1 68
1 116480
1 365000000
1 7050
1 13700
1 2585600
1 260937500
1 17250
1 29
1 19750
3 257600
7 568
1 616000
1 325
1 6
1 630000
3 24160000
0 1
0 1
1 230
1 1960
1 663552
1 1360
1 784
3 26083328
0 1
1 41472
1 72
0 1
1 45
0 1
1 44
1 11600
1 88
7 56800
1 270
1 14848
1 312
3 632
1 6
1 23125
1 29
1 3
0 1
1 36
1 940
0 1
1 2720
1 15760000
1 936960000
1 275
3 133
1 12400
0 1
1 550
1 64880640
1 29000
1 4562500
3 620
3 13300
1 156
1 675
1 834560
0 1
1 2720
1 2640
1 6
1 104
1 286400
11 198750
0 1
1 31840
1 1561600
7 765952
1 1781760
1 1402880
1 56960
0 1
1 31360
0 1
0 1
1 31800
1 1840
1 630400000
3 1990
1 6
1 14848
1 2016
1 706560
1 3340
1 7360
1 10187500
1 2700
1 6
3 392167424
1 52
1 7300000
3 1640
1 168
1 475
1 496
3 96800
1 634388480
1 3
1 590000
11 5952
1 9
1 130
1 7875
1 25500
1 3
0 1
3 12400
9 42560
1 14
1 10750
1 145600000
1 540
1 68400
1 11875
1 21200
1 1613824
1 22
1 131000
1 1249280
1 35
1 55
1 1640
1 15400000
0 1
1 6
0 1
1 272
11 18600
3 457179136
1 22
1 114
1 71600
1 7
1 220
1 206400
1 30105600
1 175104
1 29622272
1 231680000
1 1340000
1 4100
1 725
1 30240
1 19072
1 3
1 364000
1 21440
1 9472
7 645
11 595200
1 3360
1 492
1 190
1 2408448
1 144
1 660
1 19520
3 161792
1 84
1 28400
3 15462400
1 1352
1 190
1 72
1 45
3 6280
3 1790000
1 7
1 22125
1 255
1 145408
1 2350000
1 3450
1 24832
1 34
1 4864
1 93696000
1 17530880
1 2320
1 1216
1 7004160
1 14
1 88
1 68
1 6
1 9760
1 3
1 30625
1 3825
1 28500
1 117
1 1880
1 136
1 772000
1 29000
1 5450
1 9700
1 12096000
0 1
1 473600
1 220
1 275
1 60160
1 48250
1 528125000
1 30080
1 592
1 7116800
1 14
3 71600
1 5440
1 46336
7 3900
7 3900
11 3180
1 29000
0 1
5 417333248
1 382976000
1 700416
11 3975
1 9728
1 1272
1 156672
1 2281250
1 144
7 142868480
1 3
1 111360
3 27031250
0 1
1 124
1 22784
1 26
1 9
1 260
1 9472
0 1
0 1
1 2900
1 30800
0 1
1 749568000
1 68
1 23750
1 156
1 94720
1 13
3 407552
0 1
1 3
1 291015625
1 45
1 153125
1 72
1 650
1 416
1 18944
3 257600000
1 285000
1 139200
7 1496
1 962560
1 990
1 690
1 33
1 52
1 17
3 620
1 773120000
1 7900
1 205
1 2112
1 2828125
0 1
1 967680
1 2384000
1 830
1 2050
1 5184
1 94
0 1
1 4736
1 130
1 370
1 264765440
1 284
1 86
3 1930000
1 744
1 7
1 3150
1 6
1 17
1 1106250
1 361600
1 13500
0 1
1 302
1 1392000
0 1
1 3
1 2480
1 2275000
1 1998848
1 2375
1 5920
0 1
3 9875000
1 58
1 28
1 36
1 275
1 6
1 3360
1 105
1 1925000
1 220
1 816000
1 16056320
9 57147392
1 100480000
3 323584
1 688
1 142080
1 19700000
1 14
1 2375
3 2260
3 2480
1 40448
1 1370
1 940
1 4628480
1 28
1 83
0 1
1 310
3 386560000
1 392
1 1552
3 248
1 144
1 72960
1 11776
1 134375
1 142336000
1 550
1 92500
1 181000000
1 4659200
1 253440
0 1
1 29600
7 3550
0 1
1 29184
1 4384000
1 38800000
3 2576000
1 95
1 55600
1 168
1 42
1 272
1 110720
1 7360
1 325
0 1
0 1
0 1
7 258000
0 1
1 1785856
1 12400
1 6
3 395
1 50432000
1 805
3 52166656
1 6015625
1 27136
3 1312
1 18500
1 515200
1 10750
0 1
1 7480
3 1640
1 528125000
1 608
1 54
3 205
1 1320
3 4937500
4 23625
0 1
0 1
1 8720
1 725
1 7
1 680
1 55
1 4816896
1 1420800
1 49971200
1 1294336
1 35
0 1
1 440
1 116
1 81500
1 292
1 16900000
11 555
1 23750
1 4850000
1 1725
1 96768000
1 230
1 9400
1 1475000
3 124
1 1380
1 59200
1 370
1 737500
1 54272
1 1982464
1 2912
1 13
3 1550
7 624
3 49375
1 6
1 584
1 4760
1 162000
1 168
1 840
11 5210112
1 22272
1 1184
1 11875
1 6
1 24625
1 284
0 1
1 26
1 19400
1 264
1 5281250
0 1
1 4832000
1 432
1 230
1 925
9 83125
1 8875
1 110
1 140
1 548
1 2160
1 550
1 10800
1 4136960
1 590000
1 147500
1 1190400
3 27031250
3 496
1 648
1 1856
1 130
0 1
1 24400
3 245104640
1 236800
1 680
1 9218750
1 23750
3 6520832
1 3
1 3320
0 1
1 29440
1 13238272
0 1
1 1568
1 6
0 1
3 2112500
1 420
3 2640625
1 190
1 460
1 312
3 620
1 6560
1 3900
1 310400000
1 18240
1 35
1 1575
1 100480000
1 411566080
1 177000
1 6
1 920
1 3
1 688
3 2050
0 1
1 186250000
1 4956160
1 109
3 890
1 10125
1 88
1 1546875
1 275
1 650
1 44544
1 354000
1 312
0 1
1 76
1 45
7 322764800
1 1104
1 9
3 604
0 1
1 214400
1 204000
1 304
1 68
1 1650
0 1
0 1
11 318
9 3340
3 31
1 5240000
7 71000
1 395000
1 810000
1 144384
1 7
1 2160
1 92
1 612000
1 1325000
1 4125
1 46
5 96768
0 1
1 108160
1 66
1 1240
1 140
0 1
1 58880
1 783360
1 7012352
1 3129344
1 550
1 104
1 25344
1 9912320
1 130
1 1450
1 4750
1 86
1 74
1 140
3 656
1 177152000
3 164
3 164
1 15280
1 177
1 184375
11 93
1 540
1 10368
1 107200
1 860
3 1424000
1 3136
0 1
1 7
1 10875
1 270
1 1300
1 688
7 39
1 14
0 1
1 3152
3 310
1 170
1 3175
3 255859375
1 72
1 95
1 9
1 4040
3 154400
1 993280
3 328
1 83125
0 1
1 164
1 6
3 10960000
1 6356992
9 50800
0 1
4 388671875
1 190
1 275
7 1248
0 1
7 521875
1 6
1 275
1 6
1 184375
1 680
1 928
1 17
1 3880000
1 680
1 2864000
1 524
1 58000
1 442880000
3 777343750
1 340
1 3
1 18816
1 47360
1 32600
1 158
3 422500
1 3625
1 892928
7 4920
1 686080
0 1
0 1
3 17024
1 3280
0 1
1 18
1 6336
1 7
1 36875000
1 24832000
1 5568
3 124
3 1264
3 257600000
1 82
1 4750
1 54800
1 144
1 156
1 3168
1 332
1 55
1 2040
1 72
1 3211264
1 86
1 35
0 1
1 31
1 246400
1 272
1 136
1 802816
1 3
1 45
1 1950
1 65
1 3744
1 72704
1 1216
1 104
1 59244544
1 236800
3 4075520
1 6
1 2440
3 227840
3 124
0 1
1 35
1 44
1 6
1 840
1 30600000
1 293750
1 12224000
1 210
3 40640
1 2260
1 1620
1 66800000
1 11776
1 358000000
0 1
1 416
1 10880
1 65
1 1490000
1 650
1 140
1 12032
1 11600
1 441600
1 24832
1 72704
1 323584
1 2744320
1 112197632
1 6
0 1
3 12880000
1 304
1 275
3 2468750
1 18
1 6520
1 14500
9 33250
1 65
1 115
1 47360
1 6272
1 416
0 1
1 473600
3 612761600
1 210
1 190
0 1
1 2704
1 3
1 325
1 7
1 268000
1 232
1 38
1 252
1 950
1 3
7 5984
1 14
13 3088
0 1
1 168
1 45
1 47448064
1 56400
1 3680
1 88
1 335
1 432
1 2944
0 1
1 74055680
1 452500
1 6
1 270
1 130
1 29184
1 123200
1 4448000
1 2950000
1 1160
7 156
1 48384
1 6
0 1
1 733184000
1 730000000
3 124
1 144
1 19
1 53120
1 926720000
1 7127040
1 260
3 9050
1 228800
1 2912
0 1
1 921875000
1 1843750
1 3
1 417500
1 3680
1 10100
11 1190400
1 275
1 24064
1 7840
0 1
1 83125
1 94
7 780
1 339968
1 34
1 58750
1 543948800
1 7760000
11 123
1 27361280
1 245
1 432
1 12352
1 712000
1 104
1 28
1 3609600
1 41728000
1 11
1 11
7 208666624
0 1
1 6
7 234
1 20640
0 1
1 44
11 7440
1 3136
1 252500
1 550
1 27443200
1 1075
1 88500
1 68
1 178176
1 32153600
1 2007040
1 608
1 95
7 935
9 3325
1 122
1 152
1 2650
3 128800
3 21376
1 2425000
1 1820000
1 3136
1 116
1 116
0 1
0 1
7 264062500
1 164
1 255
1 186368
1 442880000
1 1880
0 1
1 490
1 7
0 1
1 296
1 14250
0 1
1 4640
1 55
3 745000000
1 732160000
1 170
1 33
1 119930880
1 292864000
1 370
1 368
1 6437500
0 1
7 39
0 1
1 2480
1 110
1 27520
0 1
1 9728
0 1
1 22784
1 568000
1 146
1 21120
1 1424
1 10624
1 4750
1 1158400
3 309760
0 1
5 5408
1 19
1 208
1 36
1 18437500
11 1420800
1 14
1 1352
1 1320
7 3900
1 115
0 1
1 142868480
1 1980
11 59520
3 31
1 340
1 6
1 1856
1 205
1 70
1 370
1 110
1 9
7 355
0 1
1 1843750
1 31400000
1 496
1 6016
1 72
1 3375
1 231014400
1 580
3 310
3 4554752
1 1088
1 98
1 29500000
1 18
1 395
1 71168000
1 260
1 1650
1 163
9 2672
1 3317760
1 432
1 11
1 610
1 190
1 9
1 45
0 1
1 1176000
1 928
1 19
1 6
1 85760
1 70
1 6
1 3
11 39750000
1 6375
1 23500
1 23200
1 7480
1 44500
1 3712
1 126
1 40448
1 6
1 1548800
1 3010560
1 6
7 48896000
1 90400
1 35
1 72
0 1
1 1630
1 16480
1 6680
11 325632
1 504
1 22
1 7
1 208
1 7840
1 3850000
1 17400
1 36750
7 457179136
1 9
1 170
1 297600
1 775
0 1
0 1
1 18
1 1260
0 1
1 130
1 23500
1 2480
1 564
1 36
1 1241600
0 1
0 1
1 81875
3 6950000
1 3
1 6300000
1 6750
1 23625
1 18944
1 45
1 6300000
1 2850
3 1294336
1 50176
3 49375
1 3
1 45
1 77600000
0 1
1 46800
1 39750000
1 473600
1 2744320
1 11776
1 2976
1 4864
3 326000000
0 1
0 1
1 9700000
1 77000
11 407552
1 504
1 870318080
1 78336000
1 1680
1 953600000
1 21248
1 308800000
1 61
1 11280000
1 40750
1 3
1 72
3 4093750
3 164
1 440
1 6
1 3
1 260
7 11312500
1 7520
1 658505728
1 14
0 1
1 390400
1 5920
1 74
1 215
1 2425
1 11
1 620
1 34
1 106240
1 47872000
11 9300
1 3360
1 3178496
1 35500
1 1325
1 72
1 22200
0 1
1 685
1 1240
1 990
0 1
1 46858240
1 23750
1 3280
3 12700000
1 405
1 220
3 7331840
1 2960
3 32600000
1 1561600
1 11776
8 109
1 190
1 2944
1 228800
1 38
1 6920
0 1
1 286400
3 163750000
0 1
1 3
1 18500
1 200704
1 15232
1 5439488
1 55200
1 94720
1 55
1 3240
11 47616
1 775
1 675
0 1
1 14
1 2320
1 488
1 35
1 975
0 1
1 7
1 13696
1 688
1 38
1 3680
1 170
1 825
1 2780
1 473600
1 62080
3 2050
1 120320
1 9100000
1 6750
1 6
1 14
1 6375
1 31680
1 104375
1 85
1 2960
1 1762500
1 94
3 724
1 2176
1 1480
1 308800000
1 115234375
1 2329600
7 244480
1 158
1 1856
1 1671875
1 975
1 910
3 4100
1 19250
1 18437500
1 752640
1 37200
1 21120
1 14
1 70
3 64375000
3 13041664
1 3997696
0 1
1 550
1 136
1 63242240
1 52
1 612761600
0 1
0 1
0 1
1 474480640
1 171520
1 608
1 165
1 18600
1 285000
0 1
0 1
1 659456
1 22080
1 568750
3 20125
1 24064
1 3760
1 13
1 810546875
0 1
1 210
1 80625
1 108
1 170
7 599040
3 1310000
1 1359872
1 1640
1 291200000
3 8900
1 95
1 723200
1 140
1 1300
1 11840
1 9625
1 416
3 11386880
7 975
1 648
1 88
1 25344
1 61120000
1 460
1 336
1 293750
1 6272
1 1490
1 72
3 157000
3 1384000
1 2624
1 54
1 65
1 248
1 1955840
1 435
1 230
1 3
1 45
1 192512
1 23750
1 1925
1 110
1 4864
1 47360
0 1
1 2850816
1 28
1 3
1 6422528
3 11584
1 36
3 40250
1 144
1 875520
1 47000
1 88
1 3700
1 130
1 153000000
1 62800000
1 3450
1 816
1 9
1 255
1 6
1 3
1 413138944
1 304
1 1056
1 304
1 66
1 275
1 473600
1 110
1 88
7 7640000
1 182000
1 139520
1 2960
3 6455296
1 1648640
1 2920
1 25200
1 62464
1 4864
0 1
1 35
0 1
1 725
1 8550
0 1
1 440
1 6
1 834560000
1 18
1 38656000
1 824000
1 416
1 70
1 45
1 11125
1 8896000
1 2350000
11 27750
1 252
1 28400
1 155
3 155
1 357171200
1 531200
1 6
3 5696
1 36
1 88
3 6200
1 1359872
7 1775
1 3
3 6560
0 1
1 517120
1 28928
0 1
0 1
1 6
1 680
1 27197440
1 208
1 736
1 87031808
0 1
1 4625
1 1008
1 1025
0 1
1 45
0 1
1 14
1 6
1 13
1 936
1 321875000
1 36
1 4736
1 91500
7 14464
1 10437500
11 355200
3 5865472
1 95625000
1 28
1 435159040
1 620800000
3 2480
1 27520
1 7360
0 1
1 6
1 167500
1 275
1 19
11 5210112
1 810
1 70
1 11040
3 16100000
1 21500
1 15300000
1 330
1 188
1 112066560
1 6
1 11904
1 5100
1 10187500
11 761600
3 1550
0 1
1 23750
7 1950
1 3
1 12976128
1 31
1 11
1 35
1 1097728
1 455
3 23281250
1 17700000
1 1710000
1 544
3 61952
1 230
7 984
1 430
1 1080
1 6125
1 304
1 2176
0 1
3 3425000
7 18176
3 493750
0 1
1 108789760
1 1360
1 10800
1 1216
1 1512
1 12032
1 44288000
3 323584
3 246875
1 3
3 79052800
1 14
1 135
1 3625
1 592
1 126000
3 120625
1 23600
1 108
1 428000000
1 35
3 31
0 1
3 1975000
0 1
1 102000
0 1
1 220
1 36
0 1
1 675
3 1982464
3 11584
1 588
1 149
1 308
1 340
0 1
3 1609375
1 46848000
1 155
1 1740
3 19763200
1 788000
1 76160
1 440
1 1650
1 1030000
1 332
1 18
1 19700000
1 248320000
1 2920000
3 14240
1 7560000
1 912500
1 460
1 26560
1 2425000
1 48125000
1 67600000
1 416
1 163200
3 521600000
0 1
3 6680
3 815104
1 401920000
1 8250
1 143000
1 32800
1 14500
9 258211840
1 2912000
1 26476544
1 78
1 2160
0 1
1 72
1 94720
1 14100000
1 220
1 684800
1 3
3 3580
1 9
0 1
1 12492800
1 1088
1 3
1 12031250
1 35
1 776000
0 1
1 672
1 1300
1 14
0 1
0 1
1 31
1 7616000
1 46
1 195200
1 14500
1 5996544
3 4840
1 6
1 3
1 62
1 53000
1 44
0 1
1 325
1 390400
1 1480
1 1090
3 905000
1 156
1 662500
3 2225
1 246400
3 61952
3 181
1 2576000
1 7
3 12352
1 68
0 1
1 14240
1 33
1 50937500
1 45
1 672
1 6300
1 73750000
1 7920
1 38671875
1 71250
1 775
23 615
1 290816
1 10560
1 28
0 1
1 66800000
1 272
1 129000
3 48250
1 14720
1 650
1 140
1 58572800
1 2480
1 44
1 14800
1 88
1 24125000
1 5280
1 95744
0 1
1 67
1 44160
1 147000
3 2468750
0 1
1 2075
1 22812500
1 1780
1 37068800
3 79
1 10420224
7 61120000
3 1025
1 13
1 5580800
3 515000000
1 185
1 1780
1 18
1 15390625
3 11125
1 16700
1 31360
1 336
1 558080
0 1
1 475
0 1
1 44480000
1 2112500
0 1
7 132031250
1 4725000
1 2225
1 470000
1 4704000
1 14
1 528125000
1 820
7 571473920
1 140
1 1840
0 1
1 7
1 840
1 140
0 1
1 235000
1 14
1 21500
1 3
1 271974400
0 1
3 310
1 76595200
1 950
1 13
1 52
1 145600000
0 1
3 34750000
1 2112
1 776
1 2700
1 3
0 1
1 11584
1 157500
11 38080
1 88
1 3
3 1580
3 62
1 3150000
1 4997120
0 1
1 3
1 10800
7 553600000
1 68
1 48800
1 22
1 1003520
1 33400
1 336
3 264062500
1 58880
1 81500000
3 24200
3 161
1 92500
1 10800
0 1
1 587500
1 66250000
1 93125000
1 70
7 195
1 14592
1 62464
1 310400000
1 2720
1 333824
1 275
1 2160
1 278000000
3 497500
0 1
0 1
1 377500
1 71250
1 1160
1 7734375
1 255
1 192512
3 6520000
1 17
1 401408
1 2950
1 1360
1 162
1 152
4 106875
1 30880000
1 650
1 3
0 1
1 1216
1 45
1 140
1 493750
3 77440
1 14592
1 140
7 1955840
1 572800
1 88
1 6
1 5344
1 25200
1 94000
1 432
1 1736704
0 1
1 1862500
1 660
3 328
0 1
1 537500
3 51520000
1 3480
1 17
1 6
1 2925
1 608
1 20375000
1 47000
1 6272
1 566400
1 347500
3 643072
1 14480000
1 475
1 271484375
1 780
1 794624000
1 2976
1 7
1 33500
1 25500
1 1987500
1 6015625
1 70
1 802816
1 95360000
1 1675
3 4937500
1 161250
0 1
7 244480
1 36
1 7400
1 1860
3 128800
1 6200
1 36608
1 23200
1 29000
1 875520
1 21120
1 4750
1 213750
1 58
1 2720
3 161792
1 21500
1 535
3 382976000
1 736
1 17536000
1 41
3 124
7 78
3 32276480
1 68
1 190
1 29000
1 432
3 12437500
1 1540000
3 3325000
1 202752
1 6840
1 76
1 45500
1 52
1 6258688
1 1472
1 232
1 1240
1 585728000
3 28573696
1 2976
1 322764800
1 22
1 16480
1 4825000
1 806912000
1 28
1 12375
7 357171200
1 12720
0 1
1 544
1 36400
1 161792
1 232
1 1240
1 2592
1 208
1 6625000
0 1
1 890880
1 15232000
0 1
1 95944704
1 264
1 1808000
1 220
1 3060000
1 19
1 18743296
7 195584
3 102343750
1 23552
1 765625
1 976
1 85600
1 47360
0 1
3 5281250
1 1003520
1 3
1 2960
0 1
1 15100
1 6200
1 672
7 391168
1 57
1 7650
1 6619136
1 110
1 140
1 1248
1 117760
9 25400000
3 11125
1 98
1 1168000
1 15468750
1 275
7 3900
1 7250
1 12200
1 37
1 264
3 120800
1 155
7 26083328
1 19988480
7 1870
1 26093750
1 188
1 154000
1 45
1 55
1 588
1 275
3 80896
7 11187500
1 1620000
1 5440
1 52
3 9664000
1 14800
1 27197440
1 2720
3 67578125
1 40400
1 364000
1 1840
3 17900
1 8160
1 275
1 4625
1 736
1 260
1 58750
3 834560
1 6
1 54
1 164
1 3
1 140
1 47360
1 27520
1 3506176
1 95
9 5344
1 175360000
1 14200
0 1
3 714342400
1 58
1 23680
1 35328
1 1680
1 110
1 12400
1 26800
1 284160
1 550
1 18
1 227500
1 6
1 8250
1 759169024
1 2160
1 31232
7 66015625
1 356000
1 9
3 40640
7 3900
1 6528
1 14848
1 6
12 77734375
1 73750
1 12492800
0 1
1 88
1 1840
1 62720
0 1
1 50432000
0 1
1 16056320
7 156
1 95
1 142
1 408
1 3080
1 920
3 31
1 6
1 2280
1 252000
3 1808
1 6
1 970
1 2176
1 30800
1 566400000
1 234240000
1 170
1 10304000
1 13203125
1 232
0 1
1 1424
1 825
1 144
1 185
0 1
1 6
1 1072000
1 1140
1 12032
0 1
7 97792
1 13760
7 3900
1 2225
1 1320
1 10688
1 1550
1 445440
1 592
1 1812480
3 1737500
1 70
1 74880
1 195
2 103
1 193000000
1 170
1 1080
1 134375
1 210
1 54296875
1 14800
1 55360000
1 2740
1 275
1 66
1 1830400
0 1
1 29200000
3 9875000
1 68608000
1 42
1 39
1 62720
3 197500
1 414720
1 1914880
0 1
1 33200
2 590625
1 118489088
3 254
1 9728
1 88
1 6
1 130
3 16093750
1 9728
1 25952256
2 905
3 4075000
1 6
1 3
1 44
1 3240000
1 94000
3 155
1 2944
7 392500
1 460937500
1 1325
1 88
7 312
1 9125
1 190720
1 21920000
1 309657600
1 130
1 5840000
3 8200
1 144
0 1
1 6016
0 1
1 2992
1 22
1 1456000
1 14
1 17750
1 183040
1 34240
1 71500
1 196875
1 93500
1 7
1 47000
9 133
1 496875
1 7440
1 137216000
1 114
1 2329600
1 230
0 1
1 370
1 84
1 473600
1 12976128
1 1003520
1 475
1 13250
1 101000
1 4864
1 22
1 18944
1 18
1 6
1 2432
1 1253376
1 11386880
2 655
1 3712
1 6272
1 190
0 1
1 23552
1 163200
1 775
0 1
1 44
3 62
1 416
1 6
1 59200
1 1300
1 260
1 28500
1 231680
1 544
1 208
1 639631360
1 230
1 985000000
1 3
11 52166656
1 2432
1 4281250
1 2720
1 3375
1 129600
1 210
0 1
1 292000000
11 37200
1 490625
1 46250
1 772
1 358000
1 185
3 155468750
0 1
1 192500
0 1
1 1272
1 55
1 1016000
1 550
1 11800
1 45
0 1
0 1
1 840
1 17
1 71500
3 493750
0 1
1 202500
1 55
1 12224
1 3900
1 23168
1 151
1 664
1 2752
1 444
1 9125
1 1680
1 6
1 11392000
1 2368
1 7
1 1605632
1 94720
1 167
1 580
1 397312000
1 72
1 26
1 28
11 119000
1 736
2 490625
0 1
7 195
1 440
0 1
1 167
1 297600
1 1350
1 58880
1 890880
1 1088
0 1
11 130416640
1 1300
1 14720
1 25088
7 51600
1 155200000
1 1088
0 1
3 1368064
1 392
1 680
1 18500
1 230
0 1
3 82432
1 550
1 13046875
1 136
0 1
1 544
0 1
1 73750
1 18
1 3
1 3178496
1 3
3 4554752
1 144
7 16512
0 1
1 4019200
7 72704
1 47000
1 153125
1 205783040
1 456250
1 94500
1 1910000
1 2368
1 725
1 1550
1 362000000
1 11008
1 58
1 11062500
7 36352
1 304
1 6
1 63600
1 6
1 336
1 340
1 5280
0 1
0 1
1 38
0 1
1 3
1 36400000
1 1650
3 987500
0 1
1 1960
1 55200
1 45
1 25088
1 54
1 7
1 6
3 20468750
1 244
1 15680
1 44
1 550
1 25088
1 5375
1 6750
1 267200000
0 1
1 85
1 216
7 2393600
0 1
1 680
1 270400
5 187
1 184375000
0 1
1 8273920
1 13920
1 24640
1 56875
1 145
9 3340
1 110400
1 3
1 18
1 3
7 5850
1 1460
1 210
1 1605632
1 6
1 63438848
1 15700
1 2393600
1 9312500
1 11
1 257600
1 72800
1 6
1 83750
1 1300
1 736
1 72
3 12400
3 3280
1 15800
0 1
3 64375000
0 1
1 72
3 10304
1 22
1 45
1 9125000
0 1
5 524
1 171000
1 6
1 140
1 883200
1 176640
1 1605632
1 36875000
1 528
3 1424
1 220
7 75390625
4 109
1 94
1 85
0 1
1 668750
1 296
1 3660
1 3097600
1 17250
5 187
1 235
1 140
1 422500000
1 29500
0 1
1 230
1 1880
1 460
1 368750
1 48128
7 2272
1 104320
1 110
1 4080
1 7424
3 3950
0 1
0 1
1 14750
1 29760
1 1589248
1 9472
1 31
1 34400
7 284
0 1
1 96500
1 70
1 440
1 264
1 1940000
1 216
1 361600
0 1
1 275
1 57147392
1 26093750
1 806912
1 6
1 6
1 49687500
1 89
11 1904
1 35600
0 1
1 268750
1 245
1 1136
1 356250
1 21800
1 14
3 2050
1 65
1 811008
0 1
0 1
1 33125000
1 4864
1 2350000
1 197000000
3 1025
1 780
1 440
1 53120
1 1856
1 55
1 27800
1 7
