10000
11 12
28 53
17 60
2 35
17 181
80 123
68 141
79 163
71 99
13 64
33 61
15 32
16 61
11 86
33 74
128 143
40 53
7 23
30 31
5 6
86 181
73 91
13 23
71 81
1 2
7 38
117 160
33 83
129 151
88 153
25 58
16 19
19 141
95 124
43 96
71 139
11 59
106 109
93 152
34 43
17 99
1 57
20 159
16 25
5 73
159 170
172 179
62 65
53 170
9 43
103 130
38 137
2 25
8 71
19 198
45 158
14 149
69 77
4 13
11 15
43 54
85 92
20 33
33 188
15 22
109 169
47 79
38 89
51 53
7 40
59 135
58 59
66 191
47 158
31 106
37 109
6 7
158 189
144 161
1 16
53 113
106 125
83 154
1 10
29 95
84 191
1 2
112 149
148 179
62 109
65 174
26 27
27 53
48 55
27 182
30 71
31 35
31 77
149 157
130 199
47 126
34 121
88 115
31 52
49 69
66 95
1 9
62 85
53 67
10 33
2 89
29 185
13 15
162 187
1 21
118 125
42 43
92 187
35 39
32 123
7 47
101 122
1 34
64 87
27 43
62 127
11 90
93 109
39 95
97 168
2 3
8 11
68 89
69 133
39 41
73 108
59 155
143 146
22 49
173 189
8 35
75 98
13 19
47 57
125 136
24 65
51 157
4 199
3 169
57 73
5 78
6 13
13 23
21 86
9 13
61 65
62 91
62 151
118 143
49 197
73 139
22 23
134 149
191 198
1 30
67 155
25 62
23 113
13 75
1 6
14 153
40 119
39 44
177 191
111 190
15 38
32 89
110 117
85 91
49 97
1 12
13 31
7 72
64 169
126 185
1 180
8 11
34 65
123 137
7 68
17 48
5 7
14 31
52 57
7 74
41 64
59 172
8 91
47 76
1 35
4 7
114 143
129 178
7 73
129 160
29 41
32 49
88 179
115 153
19 20
174 197
4 7
48 185
10 69
11 13
84 121
91 146
2 21
3 5
7 142
88 155
14 181
1 47
61 117
6 17
74 75
185 198
93 194
97 160
32 39
11 35
124 159
29 53
89 93
52 63
1 2
41 63
10 11
1 7
151 194
157 194
128 141
11 156
26 35
28 155
63 92
31 49
29 48
51 157
2 43
43 115
2 77
43 112
14 131
132 137
65 164
106 111
167 175
35 47
86 91
3 4
17 40
28 95
4 147
53 94
1 1
101 158
102 169
49 151
9 191
34 91
13 134
29 115
67 183
4 39
29 118
1 8
13 29
67 81
128 145
75 86
25 39
1 10
2 35
79 103
61 78
4 67
31 97
82 167
110 183
31 126
30 73
35 72
44 67
77 123
80 137
19 135
23 170
1 13
35 97
31 147
44 61
34 45
87 199
17 77
19 41
59 159
69 94
17 146
11 25
154 155
63 67
10 61
5 29
57 191
11 146
15 59
61 179
8 15
24 97
179 182
5 66
20 29
22 37
6 35
4 11
11 21
9 38
131 197
103 132
8 21
49 186
115 194
17 54
22 105
2 11
15 67
45 58
81 154
53 100
131 140
99 166
32 85
45 103
134 163
17 103
24 31
42 47
1 5
109 164
109 154
98 195
25 172
140 151
37 38
8 93
136 137
30 71
48 97
144 169
59 84
29 97
143 190
83 85
75 106
30 71
7 39
25 122
7 25
95 166
45 47
80 137
12 19
1 5
27 121
53 101
85 101
102 181
18 19
63 155
115 147
19 40
137 139
76 169
42 83
31 34
7 13
159 181
153 182
79 165
51 166
65 77
28 45
30 83
67 109
118 183
5 17
39 40
112 121
111 145
3 8
9 25
7 39
3 7
64 121
43 76
19 64
54 127
43 97
2 3
134 153
43 184
22 91
8 25
10 51
31 49
24 73
10 97
60 193
32 87
139 200
5 34
53 75
39 191
47 86
4 9
1 138
55 136
53 63
35 198
63 149
53 60
92 123
59 89
19 137
51 179
85 129
61 133
132 173
3 20
133 166
91 150
1 5
15 64
14 61
5 23
81 131
19 63
8 73
23 198
14 19
1 27
87 172
111 172
9 118
69 167
9 13
8 9
101 131
31 55
64 119
9 16
131 184
65 167
37 127
1 2
11 38
132 193
53 83
3 77
28 41
9 85
29 44
75 92
86 181
4 11
19 199
109 186
23 56
2 9
9 14
2 5
3 32
4 17
184 185
95 179
135 149
31 129
5 9
1 55
8 47
43 60
34 49
114 119
57 119
15 23
22 191
56 101
1 75
93 121
68 135
1 43
46 113
67 108
101 160
103 125
123 176
65 151
97 99
47 176
171 187
25 133
43 196
1 62
159 199
29 78
127 149
77 94
101 112
127 171
73 150
19 98
22 65
4 5
1 15
72 179
173 178
3 8
1 12
141 182
4 79
137 180
4 19
1 2
64 99
51 64
3 7
6 23
81 88
85 132
5 11
25 96
94 121
74 127
23 70
25 151
53 79
32 45
155 158
80 131
35 44
9 23
168 179
5 6
14 17
1 145
97 164
8 9
98 145
87 124
131 177
20 151
131 146
131 190
176 179
124 157
127 132
15 16
35 167
173 179
22 31
17 70
49 96
12 23
135 157
155 167
29 83
98 169
11 16
71 144
39 83
54 125
21 65
3 19
101 104
43 50
8 95
89 196
4 11
43 60
56 59
17 56
2 43
47 115
13 21
11 17
55 118
67 83
70 163
25 49
107 117
67 91
3 76
7 172
53 131
2 191
23 52
14 15
132 199
164 175
4 5
5 11
68 163
3 200
6 89
6 25
75 103
99 184
109 117
18 197
114 151
1 11
24 71
85 147
62 135
7 9
9 26
16 85
100 137
9 100
6 35
100 141
74 187
5 8
51 76
47 198
145 159
1 11
27 47
17 130
71 160
39 50
32 35
55 84
2 39
29 55
73 118
9 113
49 100
1 1
47 48
103 169
126 143
87 110
103 181
95 113
23 187
30 127
1 6
35 124
17 99
193 200
29 66
107 139
98 167
17 23
8 47
124 171
83 186
23 35
75 158
11 86
62 139
7 8
12 73
165 184
5 173
33 164
97 112
43 60
13 165
31 86
17 24
2 5
22 175
40 191
22 71
7 13
53 145
57 85
30 73
7 9
39 47
94 125
47 183
1 3
35 152
21 92
11 60
120 137
76 99
19 195
87 130
33 85
49 53
4 9
13 19
86 167
5 7
53 128
116 141
59 84
13 22
41 192
47 180
81 97
31 36
33 103
69 128
7 106
36 85
19 129
118 149
37 124
49 95
3 7
3 94
30 61
104 153
1 10
49 143
56 73
2 27
48 133
16 77
128 183
4 17
55 91
1 8
59 101
35 79
137 142
34 45
52 167
67 169
84 179
85 112
45 86
63 149
89 135
85 107
143 196
1 4
21 26
37 118
77 191
127 195
3 5
18 49
43 148
71 199
94 145
1 34
1 7
11 24
2 187
116 127
17 18
61 112
24 47
8 145
122 147
103 154
124 171
7 37
19 71
165 179
101 160
39 61
17 46
51 118
79 129
1 13
10 11
2 117
161 179
26 35
23 194
44 125
20 51
29 184
113 174
19 180
34 49
16 49
41 59
29 35
25 159
61 83
5 19
37 57
59 66
13 51
42 157
89 127
26 113
20 61
109 125
11 130
15 28
137 170
3 11
101 145
104 105
3 68
85 146
44 61
35 118
25 93
1 4
76 85
169 181
41 200
53 67
9 91
76 105
93 181
5 59
61 95
24 187
65 138
29 47
33 74
4 109
35 47
147 170
103 172
11 130
23 64
24 25
13 15
26 109
5 33
7 25
89 130
12 25
29 110
95 174
2 3
1 4
3 16
143 181
96 185
18 37
49 144
67 177
3 163
3 31
79 98
97 118
5 58
1 6
22 147
187 194
47 63
7 8
76 107
161 173
101 180
154 171
87 176
51 122
33 175
8 35
19 83
8 153
19 176
90 137
8 187
1 35
18 85
15 22
59 139
42 47
121 162
47 61
38 147
24 55
2 125
92 141
22 49
64 119
88 139
11 25
9 22
52 95
116 167
99 127
97 127
5 62
21 79
106 195
55 138
37 77
10 13
68 189
44 133
89 177
136 199
26 53
53 100
85 159
30 161
105 134
60 139
23 35
5 42
14 135
46 67
16 81
41 45
28 141
126 193
13 115
53 57
98 99
39 166
21 38
7 158
49 128
87 199
29 39
10 49
89 180
57 83
16 195
25 131
131 155
19 43
3 11
1 15
88 135
31 85
53 76
47 200
24 79
2 3
1 54
55 96
124 199
11 116
7 95
57 193
39 43
29 89
33 41
21 143
53 165
27 149
9 80
47 54
30 157
77 144
45 161
14 89
91 97
18 155
32 175
2 167
56 79
17 142
4 33
47 81
5 12
27 47
7 59
3 13
19 182
17 24
95 122
47 164
53 64
46 65
29 177
9 185
61 126
47 81
7 170
17 47
11 69
68 133
11 36
50 71
50 93
160 191
33 34
161 176
31 99
3 8
1 12
10 93
4 27
45 97
25 191
1 4
6 137
23 48
7 29
56 89
11 87
106 119
39 133
37 51
55 147
81 188
13 66
34 43
22 29
55 186
33 34
8 33
15 31
61 129
2 15
49 61
8 19
3 14
149 190
53 146
175 176
69 137
28 185
149 199
5 6
85 194
9 10
146 161
21 32
106 107
115 172
9 40
25 47
41 74
2 3
47 130
31 128
115 129
89 150
106 161
1 159
77 171
161 165
28 97
43 64
2 121
29 160
52 59
76 97
17 52
171 175
93 179
161 167
13 92
93 95
62 65
53 77
3 169
2 103
127 156
47 60
28 67
13 19
2 115
60 143
42 121
30 191
1 2
54 197
125 174
125 184
50 159
57 131
6 13
85 174
5 11
19 100
1 3
116 155
31 36
131 199
35 198
31 119
38 87
9 65
15 61
117 122
10 73
10 19
50 77
1 22
5 24
5 169
7 13
1 130
7 66
1 54
2 5
5 22
131 163
110 183
17 197
46 57
2 5
7 116
22 37
177 191
162 173
73 100
103 190
47 154
27 155
91 164
24 79
12 125
94 107
105 166
139 151
12 73
82 129
6 175
16 27
17 40
43 66
113 140
3 10
61 65
3 35
3 22
140 153
31 98
69 199
166 177
17 54
8 179
94 97
135 137
58 95
11 35
2 3
131 163
137 149
89 131
19 26
33 34
17 30
99 134
25 27
2 7
10 13
40 159
180 199
31 49
1 27
89 192
49 78
87 154
43 59
13 73
125 132
2 125
59 178
121 144
3 22
1 99
3 55
5 8
45 62
2 27
43 178
26 93
1 7
19 63
77 151
17 20
52 191
31 69
29 83
65 94
107 121
171 175
7 30
92 95
23 192
2 17
1 41
77 108
7 50
14 61
86 163
53 61
4 11
1 19
149 199
9 14
6 7
64 185
151 153
37 80
83 92
21 67
84 85
92 107
22 51
54 79
63 155
67 87
67 86
22 63
67 87
25 113
15 32
55 124
143 186
23 55
20 47
48 91
5 101
35 36
31 185
127 152
34 53
31 88
32 183
1 15
19 22
3 4
56 173
31 96
111 164
115 132
89 142
49 109
16 57
16 45
43 70
69 134
22 89
87 91
2 179
166 199
31 50
43 155
3 173
56 103
41 126
8 29
13 40
47 164
8 23
65 98
1 18
15 119
7 11
73 93
86 167
125 128
3 7
51 65
3 119
131 159
21 37
26 41
4 17
7 136
34 57
5 103
54 89
101 188
90 169
51 185
1 4
33 89
2 3
85 112
17 151
194 197
4 59
12 91
85 94
11 70
45 76
95 193
109 200
21 143
3 8
9 116
62 131
123 197
11 102
92 167
149 194
8 9
161 200
18 31
14 69
11 63
37 152
53 176
73 167
36 107
185 198
1 6
4 5
15 22
3 10
137 156
25 46
43 173
175 179
49 50
31 111
49 144
127 189
68 79
134 173
43 158
5 44
7 181
142 189
21 148
35 57
5 14
95 191
19 70
16 125
52 191
28 193
41 47
2 7
17 18
94 105
29 148
78 119
6 25
21 26
94 193
6 19
2 7
6 119
175 198
1 78
95 174
119 121
73 122
73 151
11 175
22 71
89 162
20 151
39 50
49 66
11 123
15 32
43 79
106 163
16 111
49 198
13 19
90 109
53 151
83 129
7 17
3 10
103 140
173 177
31 59
32 45
34 195
114 115
80 173
151 168
26 115
5 137
1 1
14 79
35 156
34 113
56 93
107 112
39 71
3 55
87 95
1 15
47 55
5 24
103 166
59 64
3 4
8 39
63 169
5 47
32 33
10 63
6 17
8 9
190 193
75 134
118 181
110 157
133 164
118 175
9 11
84 85
113 185
13 105
39 44
3 10
11 57
123 137
157 179
1 2
9 133
51 64
22 27
98 141
25 53
21 26
11 64
94 187
27 35
6 7
4 107
70 187
9 68
157 196
15 16
154 173
23 165
127 189
50 137
164 181
16 37
1 178
43 95
170 193
5 129
76 185
74 119
11 14
54 55
155 181
69 109
8 15
127 181
41 63
17 177
5 11
97 105
101 154
83 138
15 169
167 185
95 177
86 97
29 63
16 61
8 101
46 55
19 24
15 88
23 45
74 93
11 35
13 77
16 91
36 89
18 59
8 105
159 197
51 157
17 26
3 5
31 53
47 83
81 181
77 153
9 26
7 33
31 142
56 123
65 107
4 75
23 36
158 173
84 179
81 98
5 12
151 182
51 113
28 33
8 51
79 139
157 200
61 100
3 5
32 41
29 111
38 143
25 46
29 59
1 68
33 200
8 189
99 140
5 6
25 117
59 173
12 155
101 137
8 37
88 113
137 163
129 158
59 93
106 151
2 7
37 142
1 135
43 143
79 183
61 70
19 39
25 26
1 5
29 179
25 189
66 197
50 111
13 32
115 187
95 148
5 6
68 111
35 48
65 82
33 170
109 180
67 157
13 119
29 36
31 48
4 61
19 26
80 93
164 193
2 9
75 116
71 95
19 117
55 149
15 47
26 127
26 53
17 28
82 103
5 44
64 97
85 168
6 13
155 194
77 81
23 91
1 8
99 184
122 135
135 151
4 7
6 47
65 88
4 11
15 43
3 25
43 54
76 199
122 133
65 161
1 3
2 27
16 19
24 31
1 194
22 43
27 91
118 199
12 53
83 131
37 100
67 131
1 2
140 193
8 89
2 9
64 105
1 2
42 73
17 27
1 155
42 139
30 121
17 50
49 75
53 64
49 86
37 138
17 48
32 135
17 188
64 81
7 130
28 37
114 187
27 86
68 129
32 73
18 37
36 97
161 197
42 109
10 13
88 95
4 23
11 12
5 178
142 155
53 64
19 20
7 34
1 3
67 150
143 173
85 138
10 133
18 85
37 60
23 62
61 109
23 31
81 173
1 43
3 23
49 186
77 94
9 91
7 24
26 33
80 133
74 155
86 91
1 13
43 79
22 133
47 111
40 81
83 190
121 149
125 146
12 43
39 134
29 147
107 111
1 9
143 172
11 179
133 157
23 29
6 23
1 76
77 89
91 128
11 15
47 111
22 87
83 157
70 89
24 37
84 173
62 113
8 13
161 200
2 13
51 89
53 60
13 14
35 38
103 181
64 193
1 20
157 174
7 43
35 92
22 49
51 124
1 19
36 127
9 13
1 2
127 144
55 179
64 185
8 111
1 190
71 74
127 144
19 185
10 87
128 157
33 70
75 82
34 177
1 81
77 146
32 151
43 171
9 11
27 44
10 19
160 187
31 66
7 23
1 15
106 175
21 89
18 37
30 161
47 84
46 141
37 56
29 50
5 6
34 57
1 3
25 173
1 61
103 118
4 85
59 123
93 136
34 53
123 179
59 179
17 173
27 59
23 71
34 189
58 143
75 182
6 91
111 134
92 145
92 167
47 194
17 116
90 133
97 188
43 70
19 54
101 126
1 106
9 34
8 59
83 114
1 3
164 169
33 130
47 117
21 139
129 145
10 43
128 143
6 17
22 151
6 73
40 179
75 184
43 53
107 124
138 173
40 163
140 167
81 158
22 71
123 167
3 17
16 23
17 92
4 5
173 174
26 53
128 169
83 102
38 49
43 99
73 140
83 97
51 178
127 170
2 9
53 189
67 195
11 43
113 125
29 41
7 12
5 53
45 47
73 89
36 109
1 2
15 44
19 37
52 83
111 133
10 29
28 31
7 43
64 141
45 46
19 52
107 189
23 30
13 23
5 18
26 63
14 37
22 177
76 117
25 76
25 48
62 153
41 52
81 92
140 157
8 17
35 44
6 25
5 47
60 83
5 112
73 136
121 158
15 47
107 184
3 19
28 37
2 33
10 63
46 113
7 80
68 93
5 26
51 158
90 143
51 89
3 17
3 4
15 47
5 6
28 179
6 77
65 109
13 17
64 141
1 5
2 3
4 5
43 163
19 62
29 80
10 91
1 77
125 133
13 16
10 13
4 29
9 124
50 53
85 116
14 33
105 166
1 32
40 53
189 200
103 113
2 43
1 78
175 191
9 184
17 52
117 131
13 32
31 176
19 163
136 175
60 73
47 69
139 175
29 59
13 38
59 200
80 127
37 39
53 110
183 188
38 39
83 131
2 11
43 99
77 193
24 25
121 179
67 83
16 43
28 141
181 191
23 101
15 92
170 171
129 164
128 145
58 135
181 189
24 59
167 187
113 153
23 29
82 191
5 23
73 143
183 196
2 15
88 193
7 24
4 97
3 37
116 163
14 15
28 173
65 174
54 133
68 133
22 35
53 166
3 37
43 49
91 103
58 107
53 100
1 18
76 79
27 74
10 53
87 97
19 77
56 59
75 79
63 89
114 149
125 126
7 30
27 185
26 61
166 193
70 109
61 72
11 200
73 187
1 2
105 137
9 44
77 81
43 60
13 190
114 125
37 48
14 23
22 67
102 107
53 61
42 43
64 93
76 155
13 16
15 47
31 78
119 128
9 26
59 130
15 19
69 151
25 63
77 136
101 109
112 159
115 133
47 120
11 70
4 5
4 5
13 16
49 93
111 172
57 187
165 197
50 93
17 100
45 131
41 95
67 74
41 128
37 117
21 86
119 164
2 19
20 117
85 89
1 151
2 3
20 89
1 14
102 151
4 33
9 13
7 16
23 41
121 175
7 20
61 117
28 101
5 88
32 93
53 69
11 13
2 81
49 89
57 77
21 92
47 73
152 157
80 89
4 45
47 174
51 86
31 131
48 53
43 130
45 116
103 117
19 27
16 91
7 72
32 49
8 9
12 85
17 33
7 69
85 93
3 25
47 154
5 53
111 163
10 137
1 4
99 122
149 166
55 136
3 4
124 153
48 97
13 18
41 63
46 67
91 159
90 139
31 49
20 111
32 175
71 82
39 64
82 85
23 87
69 170
44 51
35 51
75 101
79 139
5 14
4 7
35 68
31 33
69 131
13 180
7 19
2 17
4 17
59 82
7 39
20 53
79 181
26 55
64 125
10 19
70 87
28 45
25 177
80 103
19 150
84 103
31 84
6 37
3 29
131 192
11 14
23 144
130 193
146 147
95 116
43 65
2 171
79 144
19 62
97 153
79 136
41 94
41 74
49 99
11 42
7 198
2 65
24 89
109 112
125 199
19 29
55 189
31 76
37 39
10 17
46 79
23 25
32 77
97 198
11 60
31 197
17 27
47 49
112 177
133 138
20 51
163 182
93 197
111 128
17 35
5 46
4 9
19 129
2 33
102 121
17 42
3 32
9 20
5 14
12 89
3 11
17 20
24 29
37 171
89 198
10 137
25 39
3 14
84 97
67 162
2 3
97 161
22 47
20 57
52 131
17 43
11 34
7 17
1 79
7 22
44 177
41 81
13 198
55 74
9 28
33 91
61 64
9 20
144 191
9 100
126 167
18 191
4 43
47 62
141 190
7 107
53 86
88 105
27 76
82 85
20 69
90 179
30 71
1 1
28 197
77 85
85 194
37 46
52 191
3 13
22 191
32 35
43 85
121 149
25 91
71 114
59 66
4 33
5 12
23 187
57 79
92 107
32 71
80 81
110 139
33 104
41 71
35 41
14 25
121 192
50 159
59 66
107 155
29 59
11 45
89 155
59 100
71 75
59 112
3 5
46 47
158 163
137 143
178 187
20 23
22 79
51 158
3 34
3 134
31 191
3 4
1 5
71 81
84 101
120 193
37 80
93 149
20 49
48 73
49 191
65 172
137 185
23 53
2 189
23 31
83 133
1 25
58 159
31 158
35 41
53 62
32 97
1 1
9 11
130 191
4 17
1 1
20 133
7 30
44 193
1 2
9 37
149 177
2 53
61 86
8 21
112 151
156 191
141 184
4 5
121 185
12 37
75 89
23 30
1 10
75 139
138 167
28 97
1 4
9 23
95 169
1 2
63 184
51 97
58 195
117 154
64 79
2 19
167 192
53 80
70 197
1 1
51 74
111 199
147 185
9 17
3 5
86 117
53 75
59 79
32 37
6 101
153 175
51 77
185 197
25 112
122 181
18 25
59 126
5 137
17 24
10 21
56 99
88 139
43 49
2 13
65 186
1 9
1 2
11 160
26 81
49 148
43 112
52 81
37 85
19 21
53 145
12 107
5 11
50 121
19 126
25 113
78 191
2 3
4 129
19 41
3 32
107 168
93 121
59 129
72 197
19 28
19 122
47 136
81 152
109 117
23 41
5 17
120 151
16 49
119 169
77 138
15 19
1 2
86 121
18 169
31 159
41 88
16 33
58 79
2 5
48 53
17 36
2 31
16 49
31 135
13 53
47 60
53 180
59 95
25 41
25 36
21 47
1 168
25 96
83 130
141 187
27 53
116 129
59 111
86 141
113 176
23 58
19 30
24 65
3 28
68 163
5 29
46 81
31 53
2 17
36 83
14 29
77 125
53 61
167 175
19 24
9 59
51 83
7 12
90 169
35 39
47 70
29 73
101 120
104 133
1 16
3 8
43 75
11 49
65 96
163 185
110 177
69 122
23 33
23 61
31 86
47 62
5 7
12 19
1 10
3 17
7 197
143 194
9 38
29 91
53 200
85 167
41 85
27 146
27 160
47 70
71 76
34 145
27 68
7 9
14 19
61 63
35 41
40 107
1 189
17 73
2 167
8 41
18 43
4 19
4 9
3 11
97 156
89 153
27 37
1 20
3 5
19 43
19 73
95 166
88 95
31 39
36 61
34 79
1 68
47 113
10 29
21 89
137 167
41 62
48 61
173 185
67 194
157 166
25 68
17 78
5 6
91 135
91 136
1 4
173 195
41 174
55 83
61 118
39 88
13 22
1 87
89 114
2 9
155 173
106 183
19 107
41 98
112 199
31 87
25 33
6 37
92 141
29 157
14 17
83 114
20 67
20 23
95 177
161 172
157 160
1 127
16 23
39 83
51 106
6 59
77 90
40 193
31 54
7 76
74 105
7 43
76 191
61 196
11 18
43 79
17 21
149 186
59 125
95 148
30 131
49 69
3 49
8 63
5 52
24 25
2 3
123 179
13 25
37 100
171 196
9 16
92 99
7 74
47 71
177 181
7 54
17 147
8 35
10 27
4 99
102 173
46 153
76 143
23 100
48 59
76 167
11 40
4 21
127 174
81 166
23 174
52 71
13 73
158 189
25 36
32 89
53 73
199 200
2 23
5 7
1 2
62 85
11 25
23 95
23 32
12 71
43 124
137 172
1 4
34 81
29 181
1 6
10 31
3 10
109 137
55 61
157 190
35 52
32 83
3 58
41 68
37 81
74 157
155 164
67 173
1 2
141 190
1 24
11 36
89 94
77 157
118 137
33 125
85 121
37 38
131 174
27 92
109 142
37 60
37 172
1 2
83 130
69 89
49 78
97 131
27 52
55 94
31 121
52 147
22 27
52 53
38 137
77 199
5 32
31 32
18 31
67 95
3 14
37 42
17 23
151 161
1 133
11 54
11 199
137 185
20 49
17 23
29 31
25 37
48 71
1 2
41 75
23 125
33 175
94 127
88 117
131 187
2 99
110 197
59 75
8 33
7 12
11 85
17 103
31 60
43 62
43 194
12 115
38 117
32 59
23 30
4 45
52 85
10 17
41 45
50 61
35 44
2 7
133 179
115 122
1 21
9 125
20 47
138 181
13 25
34 175
11 158
23 89
1 5
4 31
101 151
7 76
8 21
6 35
160 177
13 87
103 187
3 19
19 32
84 145
32 53
70 149
1 2
53 75
8 69
49 156
23 123
3 37
4 69
30 197
19 128
76 193
75 119
95 192
127 130
9 25
61 74
27 80
48 53
150 199
176 181
2 111
22 45
23 26
6 7
137 195
25 64
36 43
31 65
29 161
26 79
7 173
54 65
1 1
1 173
100 169
193 198
37 39
32 57
7 65
17 148
16 187
139 172
23 80
127 144
1 4
3 4
2 189
39 158
58 199
41 63
17 38
26 87
17 193
91 100
162 181
3 28
87 185
47 53
59 78
86 141
149 173
34 81
11 25
64 85
3 11
23 155
132 151
37 118
82 155
11 17
141 152
25 34
55 116
51 101
81 110
65 77
88 155
10 11
93 149
56 131
61 62
28 29
57 74
61 81
67 126
135 139
92 193
79 105
40 83
99 167
163 171
44 57
68 91
1 6
109 115
69 71
41 102
1 6
38 47
1 67
19 46
138 173
7 12
18 157
89 168
44 161
18 83
8 35
25 67
17 88
5 7
38 65
23 61
28 183
13 15
166 169
147 184
79 198
20 147
1 27
94 137
17 90
80 157
28 167
31 109
43 173
1 6
23 39
107 144
63 164
29 154
141 199
119 137
77 122
21 181
68 199
133 184
14 157
185 192
67 95
25 126
3 10
111 178
103 178
59 181
26 75
4 7
2 37
8 159
154 177
24 29
154 155
2 89
27 38
2 23
22 65
13 17
3 22
27 85
1 6
115 139
109 178
45 73
34 89
81 142
43 63
158 181
33 35
37 68
191 195
9 23
57 142
43 75
13 17
167 188
9 79
7 55
71 198
11 25
5 77
25 138
23 31
6 23
40 71
38 141
20 97
2 163
129 200
63 109
9 14
13 49
41 44
26 37
95 98
57 103
5 18
107 122
1 13
4 149
7 13
27 38
104 177
7 52
34 53
179 183
24 43
69 110
53 65
67 156
13 200
28 79
1 2
1 3
3 10
1 96
33 79
3 50
49 197
19 96
38 63
23 144
66 193
53 121
57 58
1 1
87 191
29 67
64 141
92 159
2 47
73 188
89 130
141 161
59 115
48 107
71 138
23 31
87 146
109 147
19 31
114 197
2 83
59 153
17 183
3 200
24 47
32 49
9 110
27 95
83 153
42 55
43 59
4 25
85 121
142 171
49 178
122 137
151 159
47 69
6 41
117 190
1 3
141 181
11 190
4 85
131 139
71 98
167 199
137 164
77 191
10 131
9 52
23 141
9 28
22 37
1 9
13 124
87 88
45 91
59 128
111 157
6 7
12 139
37 113
89 155
1 2
18 125
41 131
8 55
121 185
25 52
17 76
21 31
71 136
2 5
67 136
31 81
1 2
26 161
15 82
1 93
59 65
31 115
104 113
33 163
92 159
79 178
17 150
9 187
3 145
22 61
74 99
136 149
4 21
3 11
56 85
37 55
30 181
64 161
166 177
42 43
1 104
20 27
41 43
67 89
37 139
59 160
47 178
113 192
7 99
88 89
84 125
21 22
129 191
140 187
156 163
34 123
13 96
2 5
3 22
26 57
29 33
11 115
7 37
104 127
61 77
157 168
7 44
1 13
152 153
82 151
39 82
29 37
14 53
45 67
7 10
37 121
124 131
70 173
61 97
41 46
15 32
179 197
9 130
28 165
146 147
67 79
91 118
3 46
23 197
88 105
79 175
91 115
28 51
1 19
23 146
3 8
58 147
4 7
7 27
8 113
37 45
6 13
2 3
2 7
20 47
186 191
13 19
25 151
77 86
125 192
51 178
2 89
37 40
50 83
133 164
78 151
28 181
7 55
11 147
13 168
13 132
97 130
32 35
57 115
37 39
106 111
56 167
181 191
21 92
107 196
7 61
46 71
85 128
55 57
78 125
146 191
41 172
2 89
74 103
37 57
50 173
113 133
15 17
13 120
5 23
38 99
18 89
47 82
16 27
10 89
86 179
11 109
97 167
2 35
139 150
106 199
2 41
7 57
137 140
16 31
21 139
35 101
89 195
96 109
88 125
31 180
33 124
33 35
30 59
47 137
20 171
17 42
18 25
44 61
29 92
40 63
35 149
35 37
48 109
53 140
3 37
167 179
25 96
82 175
55 84
44 91
77 153
65 74
25 96
70 131
121 128
40 41
1 7
19 43
48 77
183 187
7 22
51 97
23 178
34 149
57 61
4 7
196 199
7 41
2 5
18 139
64 77
36 71
20 23
47 61
49 183
2 5
47 71
139 140
9 130
8 31
69 136
49 61
2 17
172 185
7 30
32 185
185 187
13 34
116 133
11 34
5 184
44 91
55 73
1 4
38 53
73 178
70 173
78 121
25 151
61 70
75 151
143 171
51 200
1 23
93 152
1 20
11 81
30 43
59 60
35 43
107 171
32 109
21 43
13 63
175 198
18 187
20 47
21 37
1 2
19 40
161 181
80 141
13 44
28 57
1 39
9 25
45 128
15 41
99 157
2 5
134 173
31 87
109 127
49 60
13 31
17 83
45 193
83 163
27 67
25 29
21 41
25 97
14 121
38 105
68 93
1 3
4 43
17 27
11 51
31 97
131 137
17 50
66 91
8 13
78 101
95 168
29 31
149 176
81 103
28 53
16 59
41 88
49 150
19 40
157 196
13 20
4 95
48 49
2 55
2 51
5 16
41 65
13 17
27 82
1 47
21 143
91 148
3 11
22 39
2 37
41 141
2 25
118 147
191 200
19 20
182 197
1 173
85 94
166 179
41 76
107 125
41 55
32 35
3 7
134 155
29 110
95 103
21 37
9 10
64 181
74 85
21 185
22 23
12 71
46 121
4 31
65 168
12 35
56 155
79 100
10 149
23 36
63 79
57 172
1 3
3 4
6 19
78 175
3 10
87 160
22 69
17 63
23 32
42 79
16 45
139 152
57 98
19 49
120 161
119 165
1 5
26 151
6 23
33 166
5 7
21 65
47 131
47 69
75 188
34 67
1 99
2 3
113 144
53 67
64 157
19 35
29 70
31 126
45 92
5 11
64 175
15 23
1 32
191 192
25 56
76 81
5 74
6 77
94 95
1 31
133 153
6 35
5 82
6 7
71 162
1 1
4 5
1 94
145 149
3 7
7 80
4 115
5 6
71 82
2 25
89 170
81 94
48 77
14 55
32 33
178 187
154 167
49 57
43 44
36 43
37 47
17 79
47 96
107 156
82 91
51 185
5 21
75 89
1 61
14 23
31 74
144 185
41 95
79 141
21 32
63 71
32 149
79 152
39 89
1 6
62 63
3 29
111 134
12 151
13 34
13 32
81 164
1 2
8 53
6 83
88 149
18 31
35 64
5 26
71 193
71 97
94 169
49 65
111 190
35 41
49 96
66 85
24 25
43 92
79 127
6 49
18 19
130 161
179 198
9 95
53 88
12 31
13 132
22 39
36 55
37 79
3 38
41 66
2 5
21 46
21 136
92 139
47 100
78 89
6 17
61 147
103 190
68 135
45 83
36 199
11 18
6 31
46 71
21 22
7 12
95 157
10 29
19 39
1 14
16 57
18 169
53 64
16 19
3 14
189 190
61 97
115 132
136 169
65 92
65 137
46 91
1 9
59 158
9 14
8 11
89 190
5 6
13 100
6 11
1 6
1 171
61 174
3 53
38 81
117 160
45 62
28 153
49 86
8 33
149 199
10 13
70 89
1 63
71 84
20 37
33 182
39 67
14 15
1 32
91 136
100 189
1 9
23 85
61 155
61 85
152 189
96 145
34 167
70 163
140 181
93 112
59 60
51 83
19 94
52 159
9 52
176 181
15 119
40 49
13 18
79 100
98 151
8 93
23 91
2 7
76 91
87 148
69 101
27 55
71 88
70 153
47 81
11 161
126 151
49 125
1 195
35 64
85 97
144 191
77 122
13 180
20 31
93 187
29 169
98 121
16 17
56 129
16 69
6 17
35 37
51 134
18 19
27 71
81 193
15 83
36 73
67 107
111 167
55 103
61 66
23 88
64 85
1 136
59 188
21 130
113 153
9 98
55 69
5 158
23 65
17 192
9 154
13 19
42 121
1 27
2 105
81 136
3 40
53 200
20 29
53 92
10 17
177 185
55 162
175 177
1 4
69 158
71 167
35 51
113 158
56 187
72 149
145 161
37 43
6 7
26 69
89 164
32 89
143 152
13 38
94 117
102 107
101 103
137 178
71 76
105 116
71 75
158 161
26 153
4 199
19 187
144 163
1 6
30 41
3 5
161 177
1 1
9 37
71 107
9 37
83 200
59 70
1 7
73 78
20 81
36 47
52 61
23 26
5 73
61 148
22 175
169 184
93 140
12 125
79 126
3 31
38 65
23 78
37 43
2 7
158 193
23 78
142 193
27 43
105 151
121 124
1 19
5 7
32 149
67 148
88 129
14 25
81 172
83 123
44 67
119 125
7 25
137 180
31 166
167 200
25 138
33 155
5 36
59 146
7 65
5 6
113 172
47 57
37 173
34 71
12 169
43 155
71 76
63 127
19 197
137 146
16 49
28 53
75 83
83 178
167 196
61 188
146 155
13 54
116 181
95 184
62 195
27 38
121 144
5 17
13 23
134 149
25 56
26 33
5 22
29 89
27 62
13 161
80 147
8 9
118 199
17 150
5 14
16 101
20 171
99 151
134 139
143 193
11 20
100 131
1 2
73 181
103 172
44 147
79 86
1 35
44 173
35 111
58 67
1 52
5 61
12 97
93 116
33 116
149 154
41 72
23 42
28 155
59 161
11 81
4 5
19 61
60 89
57 137
19 160
29 89
69 83
43 91
13 28
23 49
5 29
7 27
4 21
167 200
102 103
11 40
5 6
115 137
45 118
129 155
15 152
1 15
31 120
23 190
26 189
129 136
137 191
49 66
35 113
112 181
27 95
82 173
29 107
37 128
2 3
26 55
1 61
89 191
55 64
87 113
87 107
96 139
34 45
5 9
13 14
25 61
62 157
1 1
6 11
35 59
189 197
82 89
22 39
16 87
29 44
73 181
39 55
4 15
14 57
25 146
19 36
144 173
111 125
23 60
152 183
83 186
125 152
5 63
21 47
1 1
22 25
11 49
13 22
109 139
26 41
105 124
59 170
49 160
14 143
11 178
110 173
7 54
1 1
4 19
162 175
8 41
82 85
137 181
5 198
11 97
17 37
7 10
11 59
70 143
29 94
87 163
31 35
66 71
3 4
1 144
28 195
25 108
57 92
11 188
14 17
60 77
11 12
11 122
174 199
39 56
116 147
92 167
36 85
131 200
26 191
46 55
31 74
3 7
7 24
19 21
1 1
28 109
23 168
31 75
103 142
2 23
3 17
11 35
19 146
56 85
44 51
33 47
22 105
29 185
13 103
51 53
116 187
59 60
16 25
23 44
11 32
23 190
79 187
25 31
121 138
49 90
49 59
11 36
55 94
5 19
105 164
1 53
124 175
5 182
21 22
37 130
67 172
6 17
105 137
14 101
29 91
2 21
7 38
37 44
100 183
27 68
123 127
11 40
13 15
17 58
44 51
8 19
1 21
51 173
25 89
17 27
63 86
23 36
1 1
38 41
55 93
40 123
33 101
1 6
11 146
84 169
102 139
124 165
21 83
25 29
31 58
31 92
49 113
3 10
110 141
173 197
48 83
50 133
67 133
13 21
37 82
62 119
7 11
101 168
27 158
37 51
49 53
25 44
83 102
45 178
64 87
24 37
103 131
6 23
28 83
93 175
63 83
64 129
6 121
5 13
1 3
20 51
15 28
9 28
59 64
101 112
14 31
95 142
9 23
61 151
17 20
2 17
43 66
107 176
139 166
73 94
10 13
9 13
102 115
34 69
38 63
121 168
49 146
9 32
31 51
24 37
11 86
8 71
26 49
99 199
77 155
139 174
74 99
72 191
7 48
147 191
18 179
53 85
137 174
4 35
47 71
1 65
167 190
24 31
13 45
119 188
15 19
7 83
110 137
4 67
98 183
77 192
12 97
105 106
29 66
29 82
115 148
101 158
71 133
27 70
161 167
49 134
65 113
169 186
47 170
7 15
7 13
43 138
35 71
19 74
150 151
15 29
3 170
2 7
64 147
93 97
38 153
138 139
3 4
71 113
16 17
35 137
157 192
133 199
19 66
111 112
20 73
46 71
59 62
6 149
8 33
104 185
28 39
11 107
5 82
174 197
13 127
119 131
172 185
25 28
57 61
98 123
25 98
27 32
7 53
5 7
13 28
151 161
26 191
151 168
6 59
21 34
5 33
119 173
41 127
105 199
72 95
89 98
16 83
43 110
1 2
69 137
79 174
2 5
26 83
109 166
28 125
43 65
71 182
91 185
27 29
5 12
171 179
64 71
66 107
44 87
3 52
100 191
70 73
71 85
2 3
5 8
145 161
28 51
51 124
1 5
39 94
1 18
8 25
141 145
15 16
3 151
75 91
8 23
14 57
36 145
61 149
47 51
160 197
1 2
19 109
1 9
85 168
9 58
128 165
45 121
11 14
7 200
23 24
9 25
130 159
109 136
15 154
127 148
2 17
88 159
10 47
20 27
140 187
22 73
5 114
146 147
67 110
40 51
97 115
10 187
62 123
9 14
8 19
8 41
31 34
27 149
117 163
12 113
19 27
89 146
163 181
54 193
31 64
10 163
22 89
1 2
55 141
95 103
37 44
44 89
36 65
44 129
29 59
9 28
83 121
33 35
9 122
35 53
157 159
39 116
11 98
99 163
169 193
16 31
1 60
118 161
64 143
9 95
5 8
35 44
19 130
49 87
47 146
28 41
2 53
31 99
40 167
9 31
128 163
3 31
18 149
31 66
11 24
76 99
79 91
11 150
84 113
4 21
7 12
26 61
169 192
36 127
139 200
107 126
173 187
62 133
16 143
13 33
10 79
13 123
9 16
55 159
1 91
79 174
70 109
97 143
116 195
17 93
51 160
2 13
181 194
67 87
131 149
67 166
31 33
2 171
117 175
93 112
13 18
103 122
21 160
5 29
68 147
101 134
14 95
62 83
46 141
27 58
109 178
80 163
1 18
1 2
89 102
5 54
1 38
26 61
89 177
126 155
120 197
43 45
21 73
38 87
20 29
60 197
85 88
161 167
14 103
5 199
31 131
75 146
35 36
48 155
57 104
43 74
57 64
58 181
88 153
69 155
8 61
11 106
101 195
55 86
176 177
50 161
23 42
1 1
36 59
7 48
79 100
5 29
3 7
119 142
5 7
69 89
1 29
82 133
31 37
56 85
73 87
91 194
74 147
49 95
12 31
172 197
73 78
128 143
13 97
1 3
12 37
97 197
5 99
19 44
31 129
43 49
9 41
11 58
89 144
5 12
13 161
55 69
17 46
15 97
5 19
24 193
26 55
2 3
109 189
46 65
17 108
9 38
86 171
117 128
62 91
38 157
8 55
8 147
14 15
57 116
12 31
85 131
7 8
55 101
24 125
113 163
89 116
55 123
49 82
3 7
59 151
7 13
4 7
69 190
3 79
63 190
1 11
71 187
31 44
21 187
20 47
26 173
65 92
164 185
57 137
46 59
53 72
1 64
143 194
63 181
113 153
19 61
8 155
11 13
149 180
7 144
1 5
61 95
1 3
31 91
81 140
46 125
1 9
21 59
14 19
59 66
25 94
7 16
1 14
89 180
137 188
5 21
23 50
17 116
20 73
11 156
11 183
39 175
5 59
5 82
3 32
7 48
80 191
52 131
76 179
130 159
146 161
1 176
38 85
16 133
44 57
99 194
110 129
139 200
11 69
4 25
13 59
17 69
23 54
39 100
17 48
142 151
10 19
20 83
36 161
5 6
75 181
39 100
1 1
9 22
122 185
11 50
48 79
109 160
37 124
5 44
152 169
20 57
32 53
1 88
51 56
20 101
38 97
29 185
197 200
12 113
61 131
17 49
7 31
17 32
118 131
34 97
11 41
2 3
25 109
9 10
56 93
48 49
17 46
21 142
89 168
44 177
38 59
2 85
13 177
13 190
32 173
1 4
65 83
21 158
3 13
47 63
93 115
31 90
19 35
12 19
11 31
50 121
13 34
17 25
2 23
22 75
31 42
59 82
60 167
37 118
101 114
112 177
43 51
129 184
38 193
3 5
53 56
67 145
61 93
139 199
1 23
98 125
54 59
3 14
169 198
91 197
32 37
39 121
25 27
61 65
1 1
127 172
72 137
26 85
29 57
6 25
1 1
83 170
27 40
127 181
37 43
20 77
97 191
39 148
26 83
110 137
67 141
5 101
145 153
25 42
68 181
29 131
95 149
164 187
63 166
23 117
131 175
91 197
52 141
183 184
23 98
47 73
49 184
14 83
122 177
37 99
44 49
92 143
43 66
25 161
23 117
124 183
37 60
136 145
8 57
56 59
8 29
143 151
108 161
17 47
1 1
13 23
41 75
67 96
79 95
55 78
61 164
12 25
74 129
19 53
77 159
41 165
17 31
16 159
65 106
55 74
9 65
89 143
15 83
67 116
11 118
23 39
54 79
3 173
154 185
1 1
4 117
67 79
30 61
57 91
1 50
1 19
12 17
68 91
2 11
157 160
95 131
23 93
45 89
45 76
177 197
125 154
1 2
55 148
55 56
4 49
2 37
4 41
29 97
8 185
64 175
7 11
25 39
65 196
82 87
43 192
26 161
24 65
45 91
23 164
55 97
45 58
8 23
27 62
17 106
79 108
9 10
40 63
180 199
70 97
9 25
21 100
2 27
5 57
19 200
128 129
19 134
2 17
19 195
20 129
120 133
27 97
3 7
1 15
73 130
82 179
35 162
48 131
2 39
92 143
18 139
31 40
9 37
101 144
77 195
47 84
89 152
66 181
20 27
117 200
11 155
31 52
21 43
16 23
64 83
8 13
112 155
157 170
67 152
86 117
11 56
9 16
129 155
14 121
45 58
23 82
79 106
30 191
29 80
41 189
2 3
66 181
121 138
25 59
136 175
31 32
43 47
7 75
16 151
59 61
100 107
2 3
41 47
1 3
107 110
9 55
64 119
6 55
173 184
95 173
103 166
2 3
52 53
116 187
8 31
9 85
146 177
18 29
31 63
8 139
59 154
112 159
15 103
132 175
167 186
105 106
2 11
3 38
73 113
85 96
36 71
10 41
82 187
69 139
3 71
19 74
97 136
59 71
7 15
70 101
2 3
1 2
115 149
34 39
7 76
25 92
41 174
5 66
77 145
39 62
135 161
67 185
29 51
81 86
41 57
13 23
1 11
51 115
1 62
55 91
29 99
1 9
53 105
41 56
5 21
16 61
8 9
52 107
47 174
58 59
74 93
7 158
5 7
53 81
96 197
39 116
28 37
71 130
158 175
4 93
87 88
7 57
84 151
13 103
55 173
10 189
45 194
5 6
30 67
11 19
160 197
13 76
70 191
8 109
151 168
5 12
5 24
28 31
55 59
17 101
82 137
13 98
95 99
8 81
72 115
95 191
15 34
27 95
3 11
48 61
22 43
78 191
23 34
7 33
20 79
12 61
24 61
125 133
82 83
5 42
5 6
12 23
17 33
11 50
119 124
73 162
89 186
39 101
14 89
101 178
41 42
70 113
78 95
59 65
23 154
146 189
2 13
9 25
52 59
41 140
134 183
26 47
94 103
149 172
13 29
1 5
19 29
124 179
16 29
39 125
158 185
125 181
17 134
67 168
34 183
1 3
4 5
17 53
47 67
50 133
49 97
47 68
55 139
11 32
1 156
74 131
63 76
43 46
43 63
91 177
29 88
1 2
59 167
74 119
11 29
19 161
39 58
9 40
10 19
1 3
58 95
28 67
85 164
2 25
97 160
159 175
2 3
17 35
7 18
64 97
83 119
65 99
41 57
64 171
63 86
12 77
82 169
3 7
13 15
8 59
101 132
69 149
20 181
3 7
98 103
29 33
26 55
7 72
61 171
85 189
6 19
16 63
4 7
31 42
33 68
29 53
49 142
17 197
7 73
18 173
17 73
43 73
137 152
5 23
85 111
61 79
56 89
7 95
31 84
32 55
1 1
13 37
84 181
46 65
4 25
33 34
126 139
132 151
31 120
128 193
91 181
40 63
67 110
38 121
61 175
33 181
3 11
138 197
29 148
4 67
21 47
5 21
183 187
1 92
5 14
34 149
61 64
4 37
13 14
15 59
145 169
22 63
1 8
17 171
4 7
151 160
8 19
22 51
28 31
74 197
143 159
5 13
104 125
40 173
143 153
2 157
47 79
180 193
150 187
29 50
9 19
10 19
47 98
3 4
103 155
67 80
26 115
23 72
127 166
29 195
50 133
24 95
1 4
27 67
59 74
117 125
67 103
59 199
117 193
1 5
3 22
130 189
35 199
18 31
105 194
56 137
23 32
57 128
1 170
166 187
1 15
17 26
7 8
163 165
53 64
16 27
29 51
8 17
47 89
30 43
95 111
28 43
61 80
53 59
72 191
5 46
131 160
129 196
53 165
31 161
71 72
37 96
25 32
4 185
111 199
30 41
37 39
6 35
30 137
93 140
12 121
35 44
17 37
1 11
101 161
19 23
57 149
42 59
31 40
2 77
14 61
9 17
1 124
123 190
171 181
18 31
27 41
1 6
73 159
7 9
34 105
3 29
106 127
54 193
53 144
89 116
107 188
10 17
43 66
101 190
70 99
8 49
4 37
39 49
20 21
29 163
3 200
19 25
11 104
5 9
51 64
1 4
4 9
18 25
53 144
33 56
19 37
2 139
81 115
6 35
35 57
64 115
75 164
18 31
79 131
35 79
70 73
29 113
11 21
177 185
54 65
53 195
47 139
161 188
53 160
10 53
19 28
53 128
119 148
1 2
21 185
1 3
19 73
16 45
9 13
2 159
7 25
16 31
77 171
140 187
22 39
156 193
81 125
55 62
56 89
15 31
74 75
13 57
54 121
172 191
77 80
111 176
18 53
30 37
1 3
170 183
55 157
3 29
31 85
14 57
28 43
7 11
14 199
6 53
22 81
29 164
17 111
19 141
23 171
95 136
139 196
9 14
13 83
156 187
62 139
79 175
71 165
15 154
31 65
17 91
4 5
37 170
25 37
71 89
9 20
17 157
104 155
49 57
27 50
169 196
152 191
71 74
3 134
13 24
4 11
11 13
22 141
115 198
86 131
117 149
6 145
1 7
64 89
4 9
5 78
49 55
16 21
2 5
121 149
122 143
33 64
41 43
168 179
1 5
57 100
68 127
15 142
4 15
7 83
1 72
139 164
149 169
22 117
147 163
81 104
152 183
31 85
28 31
1 7
116 137
62 123
106 191
40 69
41 77
21 83
31 149
81 131
29 187
59 62
1 4
23 25
27 58
25 128
29 39
11 69
25 57
39 68
7 25
89 95
73 94
82 155
182 199
115 164
5 8
33 80
27 37
20 169
49 158
82 89
30 41
1 199
53 178
89 117
8 11
14 37
7 46
119 139
85 114
94 189
55 76
1 8
1 14
2 31
60 107
31 163
85 149
34 43
13 47
137 200
39 137
7 26
177 188
11 48
61 97
26 57
31 200
41 51
5 31
11 35
34 37
1 10
83 122
43 67
49 53
41 94
6 7
17 94
48 83
15 122
80 113
121 122
14 15
64 157
43 134
95 164
66 175
14 177
53 118
1 2
112 131
99 175
97 160
103 151
54 67
22 35
37 91
38 147
188 197
163 198
104 193
49 76
11 63
9 128
37 195
61 156
20 31
51 97
5 61
55 169
21 103
5 39
15 196
35 36
4 95
7 150
47 69
3 38
13 20
1 3
32 43
127 159
7 80
122 157
68 89
1 1
21 47
134 179
132 133
28 45
15 158
1 1
31 35
50 87
17 95
28 37
9 178
45 91
17 29
48 49
3 62
5 13
93 154
81 161
10 23
53 78
115 191
13 20
59 91
9 74
64 165
25 27
2 77
24 35
13 16
116 193
37 184
182 193
59 66
109 122
27 100
15 29
123 169
39 76
110 163
4 7
17 57
155 161
79 94
4 41
4 153
137 138
91 171
26 55
14 171
113 122
2 37
51 73
2 3
48 55
54 187
21 26
19 25
7 23
67 107
1 154
89 92
11 134
58 71
2 31
37 154
49 87
3 8
67 110
1 135
192 197
71 73
120 199
1 3
6 29
18 155
3 65
19 33
25 136
73 178
31 58
9 22
13 40
162 175
31 50
6 7
6 89
16 37
43 141
107 124
61 69
5 13
97 99
13 127
7 30
32 143
6 163
115 159
163 167
12 17
157 196
17 33
104 131
18 29
79 146
1 2
37 101
124 125
23 68
3 25
103 161
153 178
19 115
137 184
19 32
19 36
48 101
15 58
20 23
158 171
18 25
2 187
4 197
17 138
10 33
110 151
21 26
31 107
173 183
6 17
15 17
42 43
22 37
68 151
29 78
34 77
1 3
81 163
145 196
40 41
101 102
41 50
8 13
31 60
116 129
107 165
70 97
1 78
1 20
85 118
57 83
70 169
20 31
7 95
48 167
33 140
22 153
29 108
11 52
91 116
139 167
8 49
11 14
27 122
13 32
79 144
123 179
2 5
11 90
105 188
29 35
22 29
1 10
1 1
1 189
1 47
59 129
92 103
41 77
61 77
19 191
110 133
59 69
101 169
5 181
137 177
61 149
2 187
6 7
18 197
80 127
68 159
59 72
10 61
5 29
2 25
23 35
7 13
133 193
3 61
175 181
3 47
69 199
44 93
73 89
71 157
20 137
18 19
46 63
26 183
97 156
32 75
3 47
169 194
67 123
6 19
47 80
133 156
53 57
31 58
119 165
90 133
5 6
12 49
75 184
16 103
2 11
7 25
7 89
11 28
13 23
138 191
47 66
22 75
4 63
33 199
13 23
35 53
126 179
12 43
25 122
15 16
24 127
12 19
59 134
103 138
32 49
29 167
53 153
21 23
37 88
45 157
52 85
24 25
56 197
104 115
59 107
91 94
102 157
34 75
79 89
49 134
178 187
23 82
103 160
175 183
94 171
121 191
21 26
15 64
13 38
60 167
94 127
86 193
8 9
97 100
3 197
77 124
2 15
4 21
8 195
17 31
99 179
97 198
109 166
66 91
17 18
11 40
49 131
1 2
40 43
27 145
18 101
77 109
32 51
148 177
35 92
61 81
9 175
148 151
2 149
11 60
89 149
19 84
49 65
34 55
3 11
32 189
53 146
115 132
153 154
46 177
47 185
174 175
26 177
142 143
19 58
163 188
35 48
51 88
153 169
20 31
2 17
17 42
10 89
50 179
15 31
22 83
23 89
50 71
28 107
16 65
6 47
21 200
32 183
1 1
50 61
14 87
167 186
46 63
72 125
125 127
1 82
38 109
8 63
32 73
7 198
85 181
4 19
23 129
2 135
65 68
185 191
72 109
91 180
64 91
127 154
33 95
19 112
9 16
37 194
51 115
23 27
113 163
22 157
83 127
118 139
49 120
94 137
2 3
75 157
20 77
2 5
70 151
89 154
39 71
47 52
19 110
13 15
67 89
65 68
31 91
157 169
135 143
29 49
128 157
33 53
33 85
73 103
3 166
20 23
164 171
17 145
108 143
68 81
78 193
37 50
20 37
22 31
7 8
77 116
77 155
23 34
157 159
70 73
15 17
89 99
4 59
97 197
5 17
52 67
13 50
3 44
47 48
1 152
60 83
64 177
39 61
8 27
5 52
17 59
31 86
57 170
178 187
2 49
136 143
27 130
1 14
1 92
13 17
1 37
23 24
23 38
16 97
29 151
10 19
61 136
25 68
94 153
10 13
47 183
28 59
12 31
31 168
11 166
41 85
5 61
123 173
42 43
133 156
17 49
115 171
43 60
1 10
79 141
39 49
43 187
177 191
15 16
46 61
78 133
83 199
93 182
127 136
1 189
78 149
3 31
103 104
100 137
49 66
15 28
47 158
109 127
26 95
73 78
29 108
8 61
1 18
39 40
18 49
93 178
96 145
94 147
17 29
74 189
121 141
25 62
32 199
143 173
26 75
73 136
35 103
7 10
1 1
25 99
62 69
110 129
56 67
85 126
55 131
90 97
94 171
81 91
162 181
1 1
18 79
41 174
22 59
12 25
35 36
9 38
1 35
8 15
94 187
99 151
66 73
10 29
28 71
49 62
43 47
20 21
42 179
64 181
15 131
67 186
7 12
37 45
119 190
9 143
16 49
22 63
61 182
33 61
179 185
3 4
102 167
32 33
19 32
6 29
43 51
63 124
3 118
22 191
5 12
37 84
97 200
55 109
129 152
1 72
76 185
29 146
29 62
21 82
26 27
80 161
47 85
45 46
31 139
26 45
4 9
39 109
1 2
47 199
28 39
52 161
136 147
41 47
44 51
10 13
5 9
5 49
45 59
31 63
58 75
97 176
43 48
111 176
3 31
99 173
93 142
35 41
7 8
55 104
23 60
5 9
79 131
53 162
4 5
54 83
157 169
29 40
11 40
24 155
61 124
57 178
7 8
143 146
65 173
149 189
4 7
57 160
131 136
193 199
47 175
19 37
34 127
2 15
46 193
1 133
79 91
11 127
49 57
4 63
28 47
130 191
99 178
89 115
1 166
67 76
107 124
65 67
119 137
27 76
7 36
59 82
10 53
3 73
49 73
175 187
13 57
13 113
4 5
79 176
36 167
190 197
129 191
18 107
9 10
98 151
97 114
24 161
31 132
71 97
35 71
12 161
1 12
25 74
31 65
37 193
5 154
37 73
100 139
4 9
86 91
49 95
9 50
1 16
43 60
5 7
131 187
13 94
107 172
59 152
113 137
54 95
61 187
21 46
61 139
41 96
141 193
13 21
2 49
146 155
85 98
128 167
7 9
10 33
92 137
1 122
62 79
70 79
9 97
68 79
11 137
7 39
101 117
91 97
9 37
71 106
23 154
28 43
3 8
5 58
7 64
119 193
16 37
95 107
109 143
134 159
13 46
5 14
119 134
1 17
75 169
43 188
5 44
49 78
39 194
97 181
33 79
82 89
107 117
21 62
56 197
7 11
125 139
72 131
1 2
82 137
76 117
2 57
3 25
36 61
39 200
93 118
179 192
130 137
75 197
36 133
41 46
17 133
32 59
14 19
1 24
3 19
14 67
39 41
3 46
72 119
119 124
35 194
140 197
49 159
31 195
5 7
7 23
15 17
27 46
83 120
24 41
108 179
11 43
5 186
61 140
33 89
17 115
173 186
12 41
5 14
178 189
8 193
40 97
66 85
1 14
118 159
1 186
13 25
4 31
4 39
103 105
2 31
25 91
45 172
60 179
103 175
111 127
17 47
94 127
3 124
51 98
46 117
79 195
17 20
17 65
59 172
32 51
131 175
49 194
66 197
1 160
6 23
24 35
1 3
13 154
47 65
13 58
26 45
41 142
114 149
33 49
33 62
5 34
11 94
71 145
1 27
56 159
20 73
97 99
33 35
3 166
152 175
73 112
109 135
14 17
95 99
31 33
29 30
12 13
13 23
91 97
7 33
111 121
86 181
25 39
52 81
5 52
29 41
91 135
112 131
23 58
129 155
5 156
34 43
15 16
151 188
47 107
29 136
16 25
23 25
59 66
24 25
21 46
93 142
32 95
54 175
41 74
32 91
186 193
19 37
11 125
26 59
142 151
19 139
55 129
13 21
131 160
5 7
3 61
8 51
56 129
61 87
19 66
1 1
172 179
45 92
181 187
38 43
152 183
8 33
29 100
28 59
71 172
5 9
43 62
19 129
79 127
41 64
5 64
7 11
16 45
37 99
55 56
28 41
72 127
4 101
140 163
1 16
47 104
6 13
51 137
6 7
36 163
1 4
5 31
33 52
11 25
53 77
127 176
5 6
7 52
13 19
13 21
25 32
99 136
94 179
89 185
29 103
79 92
77 103
2 53
54 67
128 137
71 141
51 188
7 12
98 177
5 54
48 65
7 12
46 85
11 90
116 169
31 166
105 166
103 133
87 130
25 73
2 17
15 86
11 40
13 168
12 83
2 195
61 138
23 35
109 186
15 119
131 134
16 25
124 169
128 147
71 128
23 27
48 187
25 37
115 168
11 54
12 53
113 161
115 134
109 116
21 103
19 29
160 199
46 71
158 193
78 113
5 12
49 74
89 153
13 17
11 111
7 18
17 18
1 31
9 47
5 22
16 21
39 94
65 66
15 37
133 158
125 182
58 59
79 133
146 171
107 119
17 19
32 187
69 113
75 158
49 166
1 56
47 165
79 112
142 195
39 56
9 55
11 32
61 161
22 97
97 168
142 187
1 3
54 79
55 81
23 37
46 79
33 68
67 89
27 161
4 97
47 172
72 83
16 37
130 183
91 150
22 49
47 108
5 141
16 17
41 105
127 191
151 188
5 8
19 96
134 151
2 29
72 79
2 15
97 176
3 7
2 11
9 16
35 43
7 24
3 86
51 70
59 165
21 52
109 133
42 47
3 4
52 199
59 170
4 9
48 83
124 133
2 3
55 78
73 192
103 173
26 119
88 89
123 128
95 104
41 69
1 115
167 182
29 39
143 180
69 148
12 29
21 64
7 16
73 149
97 126
27 79
71 75
44 75
9 17
10 11
73 92
9 88
55 164
44 131
1 7
14 33
131 193
51 143
97 199
115 122
90 179
109 127
3 62
22 179
109 167
3 5
47 197
92 175
7 51
14 61
5 53
64 77
13 16
38 153
84 185
7 24
13 21
135 178
59 122
22 91
13 166
2 21
45 58
5 11
34 105
1 38
15 17
45 47
48 59
8 17
83 189
3 41
12 95
17 27
26 47
6 11
25 71
71 138
9 62
41 46
13 125
12 49
67 77
72 125
24 25
41 171
147 190
44 91
167 199
18 35
74 97
13 22
5 107
21 26
69 103
53 85
47 96
23 174
21 41
74 87
27 32
50 119
1 1
41 51
9 29
51 139
58 193
17 39
14 25
22 161
102 149
11 96
55 104
34 109
41 74
13 172
25 27
122 185
102 143
38 71
7 37
171 172
49 68
1 67
13 44
7 8
36 49
37 49
87 181
14 25
49 181
109 152
151 152
65 74
103 139
5 36
50 59
9 73
60 77
81 124
99 127
52 171
31 129
4 43
14 15
61 196
30 83
37 94
49 125
1 182
1 97
23 42
139 185
17 82
4 41
65 179
57 170
29 137
3 155
21 40
33 196
22 175
171 199
6 11
14 17
4 25
115 176
13 95
20 191
26 123
57 77
105 163
4 67
7 141
11 23
11 166
3 23
27 122
56 117
13 33
31 153
33 43
170 171
83 159
120 157
5 179
70 163
3 148
47 135
6 7
94 113
109 126
27 37
17 167
83 143
139 181
87 92
79 101
57 70
1 10
2 51
57 83
1 2
8 103
196 197
17 52
122 179
114 125
2 119
6 109
103 124
1 15
32 65
1 44
61 173
45 112
71 98
2 11
7 15
77 184
27 47
126 185
40 191
29 190
11 18
5 8
6 185
103 171
51 91
173 179
53 57
9 11
13 76
19 23
118 143
25 26
16 35
9 50
77 100
55 134
137 143
23 39
114 115
1 89
37 97
20 41
6 13
31 78
32 117
2 15
5 42
22 35
27 74
67 160
22 25
1 196
33 53
19 83
30 133
113 131
13 153
4 5
10 187
49 123
20 51
43 60
74 99
167 178
99 157
15 22
16 65
53 140
59 99
7 9
5 146
15 29
3 4
22 57
6 83
110 177
3 22
67 173
11 12
140 143
103 134
5 9
60 61
37 39
41 185
42 43
23 48
17 20
37 38
164 191
76 193
65 68
26 53
49 156
1 52
67 82
28 37
47 62
26 63
145 153
34 161
11 25
41 99
114 167
147 184
1 20
109 134
18 59
11 23
13 59
25 91
6 59
25 58
20 131
6 11
55 174
23 25
4 75
44 125
5 54
43 50
47 67
19 168
27 56
47 64
80 173
19 29
77 200
67 173
18 25
134 139
130 199
133 188
14 41
65 79
13 28
40 99
23 41
1 2
13 62
15 64
143 149
37 128
51 77
17 30
7 16
17 56
7 48
147 179
7 18
108 119
33 86
71 112
6 11
133 142
1 12
3 17
133 135
29 157
1 2
10 23
11 12
53 157
33 179
57 118
28 69
13 14
31 32
19 26
137 172
147 173
103 191
45 193
8 139
44 115
48 161
51 176
75 154
17 161
89 101
47 106
160 177
101 129
17 26
122 151
6 47
83 123
88 95
128 169
179 182
44 47
117 142
141 166
79 157
14 25
13 50
47 130
22 161
7 47
133 193
47 177
51 64
5 34
79 182
1 21
185 194
2 7
62 131
76 155
39 160
25 99
23 29
70 159
55 126
162 199
87 149
46 71
53 193
113 115
11 18
2 11
135 152
2 3
41 141
32 63
62 151
16 131
8 9
25 58
21 58
61 84
37 43
84 181
131 176
64 65
195 199
81 139
11 25
36 73
21 50
1 26
39 70
128 145
1 1
2 91
156 191
12 49
1 9
5 28
13 24
33 35
60 73
11 48
13 28
15 74
86 161
5 13
107 152
53 81
10 29
53 61
7 72
2 9
50 101
45 52
82 145
76 105
5 51
143 183
17 63
78 157
1 1
36 43
90 169
17 156
99 167
13 31
19 35
57 86
109 122
80 173
34 115
153 194
11 95
128 185
48 143
7 37
31 63
61 110
1 60
4 61
4 19
5 38
1 1
14 25
118 125
52 191
53 70
29 168
16 53
145 153
151 165
13 16
63 83
49 110
12 49
32 51
23 85
1 4
68 165
69 94
32 71
7 23
43 200
31 46
101 141
1 2
59 146
31 43
15 82
41 56
19 41
55 111
5 9
119 129
19 25
113 167
64 73
111 131
91 92
63 74
97 108
75 89
20 33
21 113
19 135
49 59
51 76
119 143
9 20
65 128
41 135
127 167
1 7
23 124
77 85
51 130
1 10
23 128
2 169
37 94
4 5
31 92
1 2
28 33
42 53
67 71
62 125
56 65
9 47
85 166
1 197
11 155
13 188
104 129
178 179
81 169
28 117
33 58
131 187
105 199
93 128
7 9
98 137
59 115
29 46
15 143
1 53
1 4
10 13
12 115
43 171
67 162
14 53
15 76
73 85
45 73
75 134
2 79
20 49
34 173
62 67
91 116
23 58
19 50
5 14
26 35
4 35
40 119
152 185
163 172
9 29
1 97
79 96
4 13
109 146
8 15
21 115
3 73
77 79
12 31
135 143
1 24
96 191
66 115
6 53
62 77
14 27
64 91
23 160
12 31
7 8
66 83
19 31
151 186
120 143
87 187
45 52
15 74
16 21
29 35
119 137
1 13
41 81
3 34
98 99
52 101
36 95
5 9
1 3
113 144
133 197
41 51
94 99
30 181
11 59
93 119
41 73
24 151
22 23
8 21
65 116
22 29
12 55
78 79
3 19
137 153
67 69
82 91
107 158
61 66
17 131
127 141
8 161
52 79
99 161
106 115
1 45
23 119
145 193
11 15
67 164
57 112
64 143
5 32
3 25
62 163
37 87
3 25
81 182
4 5
91 103
26 83
23 196
143 161
75 88
81 86
135 184
58 99
16 23
1 39
17 22
12 121
34 37
33 193
7 40
150 187
47 166
11 34
77 190
3 25
20 27
75 176
18 61
46 123
13 28
45 49
4 179
91 158
13 116
5 79
86 175
77 185
87 194
15 52
70 197
64 125
7 178
16 19
16 57
13 20
7 44
1 35
67 195
9 40
89 101
77 156
11 24
29 168
2 17
115 181
1 106
54 95
5 22
38 153
67 69
169 181
56 81
90 139
38 63
47 67
18 145
50 57
77 155
14 41
45 196
1 42
7 9
45 46
28 31
20 61
169 178
44 75
17 152
11 14
145 152
15 19
2 71
29 42
2 19
19 179
3 5
3 187
50 57
62 167
14 55
113 175
38 51
131 185
23 153
16 27
69 139
74 139
157 163
29 187
28 165
163 164
101 149
15 17
27 56
61 160
9 53
123 194
23 58
35 82
87 97
33 140
14 19
109 181
97 198
1 35
22 61
37 64
47 82
5 14
107 128
24 185
16 33
5 46
32 41
49 139
19 34
51 112
7 13
45 127
74 121
192 199
27 40
43 75
17 99
1 6
38 87
49 60
1 1
67 81
8 9
4 131
180 191
154 167
87 137
15 44
67 120
43 49
8 13
22 185
75 137
1 17
48 95
4 31
1 18
29 50
68 131
61 87
14 19
122 151
65 199
76 163
122 133
11 188
76 89
15 64
41 65
75 88
44 93
73 178
12 101
13 142
40 47
81 94
88 115
126 127
158 185
96 119
2 7
42 95
148 163
145 148
35 54
3 20
3 23
69 85
89 125
7 31
37 96
5 17
7 45
6 7
65 138
41 197
98 139
113 137
35 67
85 121
64 191
67 79
160 161
139 193
79 88
70 137
135 149
13 34
14 29
5 11
65 69
19 149
66 89
47 63
1 1
55 112
97 185
51 172
31 196
7 78
71 99
3 7
2 75
8 145
67 169
95 139
26 77
14 27
3 7
132 149
7 104
16 17
2 3
39 76
58 103
73 192
107 111
2 3
5 151
9 28
15 173
49 145
164 185
50 51
37 61
145 156
5 13
125 189
49 61
1 2
25 69
75 194
93 142
1 4
8 27
7 26
4 7
38 69
36 65
32 37
17 28
106 107
28 59
17 29
87 88
29 149
171 181
34 39
60 61
75 121
131 179
115 182
9 14
5 7
41 89
159 181
61 124
79 164
35 97
54 119
47 174
3 134
59 157
43 61
40 117
82 117
19 88
63 166
18 29
176 177
111 127
44 193
11 90
83 113
14 99
135 164
35 51
135 182
154 159
19 42
14 65
104 133
103 148
89 161
14 67
41 56
53 103
8 13
26 61
143 152
15 49
1 33
68 77
77 83
19 198
121 197
60 179
13 17
53 127
13 27
7 190
31 153
111 124
13 50
17 95
11 123
5 69
11 26
1 1
68 91
21 64
15 26
83 136
74 181
153 196
5 14
80 131
81 97
122 161
11 125
77 192
66 115
14 29
23 33
6 13
5 13
13 150
83 163
62 105
1 161
79 137
61 127
18 49
113 181
91 114
13 69
8 15
2 11
17 19
7 9
33 196
113 157
31 135
55 186
1 74
76 77
9 70
66 161
11 17
85 151
8 29
17 100
141 176
81 200
101 153
1 14
55 159
29 100
61 194
31 196
9 55
117 193
27 43
33 49
20 33
7 8
85 117
20 139
65 82
37 158
90 107
59 82
7 15
1 1
36 161
28 61
11 17
48 49
29 32
15 17
75 113
25 74
5 17
13 84
41 92
65 69
8 15
47 73
166 179
4 5
17 64
16 55
11 73
65 144
3 35
12 193
17 50
56 131
38 161
37 107
157 178
2 3
6 7
79 182
63 122
11 29
19 42
25 31
38 175
127 189
11 15
1 145
68 99
9 61
61 137
41 69
44 47
103 107
55 171
102 169
157 191
73 82
157 171
150 163
37 193
10 31
79 96
106 125
83 148
9 64
67 152
34 39
8 37
61 104
117 142
49 59
12 13
7 97
53 84
28 163
79 106
61 174
36 155
107 135
131 141
125 158
7 86
41 44
8 9
1 20
79 145
89 131
22 75
15 163
11 29
1 177
129 196
92 121
195 197
21 194
21 41
26 103
1 167
20 29
21 43
17 18
29 33
37 50
76 199
21 194
1 86
66 179
46 65
31 138
92 183
25 32
137 184
39 136
133 137
3 7
47 65
18 47
8 17
45 71
29 196
25 53
39 122
39 43
10 49
47 121
92 169
27 49
52 151
121 186
33 59
47 100
85 104
9 23
20 33
23 34
7 31
17 87
41 78
29 66
47 61
7 187
131 160
2 25
93 157
20 111
1 1
14 93
55 86
160 169
91 97
8 35
4 71
173 196
57 80
99 113
146 173
45 46
34 35
5 24
29 135
5 96
59 181
1 2
46 171
137 179
147 191
118 131
39 43
1 155
1 21
69 194
86 113
113 169
23 104
12 47
91 103
130 147
5 14
4 17
15 91
53 73
31 141
100 137
58 101
80 167
8 69
28 29
91 158
113 161
8 71
29 77
31 65
29 60
115 126
68 151
3 40
9 16
9 46
11 49
22 81
39 136
55 98
26 199
15 16
28 81
1 9
15 64
7 9
31 80
8 11
5 29
21 88
37 71
8 27
35 58
97 156
19 158
14 15
28 37
27 58
1 6
47 64
31 180
75 188
33 160
12 17
186 197
7 183
13 176
130 133
21 31
4 5
39 88
109 198
95 116
6 73
131 155
121 133
77 156
14 27
90 163
1 5
12 17
7 33
1 12
119 130
114 179
80 159
101 128
148 199
58 61
177 187
82 87
47 137
47 178
27 32
15 196
171 200
47 80
31 159
27 46
113 197
139 199
17 24
41 116
59 126
32 69
25 167
119 184
101 163
58 135
1 30
180 187
3 13
22 73
3 41
41 168
25 38
21 155
67 121
46 121
13 15
2 59
10 93
7 18
23 52
65 126
46 51
71 75
1 5
67 155
22 133
3 7
151 172
79 91
4 27
56 171
59 76
42 53
185 197
31 44
101 131
42 61
13 35
15 22
1 41
72 77
3 8
23 96
18 25
1 17
25 186
7 109
5 11
28 57
98 179
103 112
1 22
62 129
76 147
86 171
106 113
17 181
65 67
9 82
52 145
176 189
71 149
43 60
23 91
9 67
25 37
76 129
149 186
61 105
92 123
66 95
68 147
29 36
74 165
4 61
40 79
31 42
11 142
144 151
21 169
17 19
1 9
77 180
153 157
112 179
16 35
160 177
10 51
97 142
71 188
11 138
61 97
23 85
2 19
70 183
93 107
25 29
8 19
62 171
13 14
73 110
23 170
5 6
8 61
67 96
131 196
104 153
101 114
116 117
27 47
27 85
51 193
126 145
85 109
32 97
8 189
1 8
19 37
41 55
167 176
115 188
44 193
8 169
21 94
23 74
55 139
19 175
115 179
47 85
111 181
59 156
59 156
71 159
126 145
37 125
11 199
39 187
107 171
25 159
67 190
139 159
140 153
97 146
16 45
45 109
19 60
7 87
145 173
2 5
61 124
81 89
21 130
17 90
19 130
25 37
24 125
3 8
11 58
41 77
107 160
146 183
4 17
69 190
155 156
68 185
34 65
72 199
9 40
41 48
9 149
5 18
9 49
173 180
41 52
49 65
25 74
27 161
25 57
133 174
116 187
157 188
79 198
62 69
127 165
25 52
16 17
20 31
7 151
109 158
8 41
118 165
46 181
49 64
100 189
115 149
33 166
59 82
62 81
93 94
1 64
102 185
9 13
59 74
27 101
35 142
85 86
177 193
58 93
89 112
5 126
53 96
16 17
74 177
91 113
25 27
93 128
75 151
11 87
5 8
7 24
12 31
11 182
83 122
5 38
43 74
4 25
25 79
128 145
5 7
17 36
13 55
1 3
8 21
95 168
151 154
6 11
11 51
23 49
59 109
30 157
20 79
161 172
79 111
70 197
54 175
12 19
62 113
149 155
133 158
41 137
75 188
23 113
32 35
82 83
143 200
3 31
42 151
171 196
109 194
64 155
1 18
46 57
7 92
40 43
107 139
25 44
7 37
29 181
80 91
92 99
7 20
8 37
119 142
3 128
1 57
26 137
52 97
124 161
18 95
90 139
5 42
61 84
73 85
10 173
27 184
1 13
1 32
1 20
23 25
115 129
1 16
16 109
43 155
2 15
141 158
132 197
32 161
13 199
18 77
3 53
15 164
35 37
153 161
11 86
15 16
14 187
3 41
8 169
16 19
25 108
24 41
61 66
50 79
130 189
1 2
3 4
94 109
1 116
3 28
89 170
15 22
34 147
19 111
59 61
135 158
59 140
3 20
41 110
93 145
74 163
18 73
81 169
20 111
82 95
153 194
91 138
1 189
59 184
43 47
48 59
66 155
131 138
57 185
166 185
37 59
28 53
79 121
54 91
57 104
9 155
127 195
125 158
41 150
91 146
116 119
107 162
5 42
65 84
56 159
157 174
67 74
81 190
59 150
52 197
53 71
117 128
6 13
129 194
4 33
124 169
11 25
63 151
47 108
16 23
34 37
90 133
46 71
115 176
26 35
34 137
1 27
9 11
11 27
11 101
2 59
8 59
52 93
145 173
63 155
101 162
24 29
32 65
99 128
43 122
101 187
1 37
11 34
13 118
59 152
104 199
49 96
56 83
59 128
81 92
35 101
1 1
55 196
16 75
191 200
85 169
1 21
68 169
17 19
9 92
29 78
9 62
21 82
7 78
55 97
13 57
4 7
5 63
30 157
57 157
20 177
19 30
4 23
125 192
161 172
27 41
3 25
42 149
80 121
108 109
62 89
46 81
9 55
35 99
7 11
7 13
61 87
10 177
97 156
49 125
14 19
7 9
169 197
43 138
55 72
37 151
7 20
21 67
37 102
33 76
4 17
29 66
17 25
13 16
74 159
58 167
25 62
32 131
45 142
24 79
35 81
80 141
3 28
1 27
21 184
146 153
73 106
43 132
11 23
86 189
1 1
108 169
65 66
24 31
37 112
1 2
3 46
28 153
72 107
141 191
9 11
3 26
157 198
40 121
23 52
11 29
87 95
21 43
18 37
1 7
28 41
133 173
161 164
30 41
74 191
176 177
30 59
71 186
4 27
143 162
42 67
73 86
58 89
13 49
82 125
17 175
119 174
8 27
87 130
8 43
43 195
17 56
3 4
160 197
9 31
8 85
66 127
111 131
133 144
11 38
37 72
53 101
186 193
67 97
15 41
10 133
3 4
61 82
23 96
86 137
62 97
53 127
9 25
146 199
49 76
7 11
43 156
37 125
108 167
23 24
7 11
17 96
30 59
14 17
19 29
16 17
35 97
5 68
83 179
98 131
33 116
157 173
5 199
5 34
5 48
31 147
47 74
22 163
157 158
87 169
93 116
32 109
89 123
61 67
55 64
7 20
107 133
1 82
4 5
31 90
17 99
39 70
9 59
57 97
53 87
59 124
64 79
27 161
121 164
43 76
25 137
67 72
29 39
167 198
41 166
43 55
14 51
1 90
19 196
21 43
16 175
2 5
29 62
34 77
19 34
21 34
87 98
4 15
44 45
53 78
53 104
106 117
123 142
8 19
8 13
53 113
39 74
47 199
7 12
32 61
51 89
66 155
17 40
99 112
29 176
47 60
13 105
58 153
1 47
140 191
25 42
75 127
96 113
4 81
62 167
72 115
141 179
22 25
2 13
3 17
23 26
35 149
61 65
11 28
38 47
5 29
61 138
61 97
26 71
145 158
131 134
58 107
1 48
11 16
57 161
13 19
3 22
21 79
29 45
110 163
4 29
92 133
7 52
9 23
5 37
31 49
2 13
1 32
58 185
3 187
2 21
47 95
2 25
95 169
13 15
1 13
17 28
57 67
18 29
17 76
31 126
11 19
7 15
29 187
109 140
156 193
67 128
13 21
19 36
42 181
92 141
25 46
53 55
40 67
5 27
33 184
1 4
65 113
16 181
5 24
8 27
32 65
1 57
68 77
88 139
24 59
21 29
8 39
110 189
113 150
4 5
22 179
53 146
7 31
1 18
17 38
7 166
140 181
64 87
9 26
47 181
90 143
54 91
121 125
57 59
3 59
2 3
67 167
73 92
1 101
121 186
7 11
123 188
15 49
21 32
10 133
23 47
25 39
123 166
8 17
5 47
55 83
66 97
112 123
77 167
39 49
101 108
3 193
9 89
8 13
111 175
116 141
67 163
39 55
7 44
190 199
2 5
41 60
55 117
104 129
41 50
5 22
8 93
13 49
97 101
7 22
30 67
67 86
40 177
3 85
37 87
133 157
25 98
71 152
37 95
36 187
122 133
121 122
9 76
18 53
65 161
90 167
56 97
41 91
101 196
7 29
43 58
39 100
9 25
112 169
10 41
71 102
89 91
157 173
27 47
11 25
44 49
9 35
17 40
129 148
44 57
111 128
106 145
2 11
106 149
97 143
27 34
29 132
89 183
28 143
81 148
11 184
54 103
3 10
89 156
1 2
55 62
1 11
26 43
143 160
43 95
1 2
73 178
34 71
36 73
43 66
50 89
59 83
6 19
142 181
89 121
81 100
153 169
52 95
3 52
35 36
18 59
98 111
3 7
21 169
14 33
5 39
41 46
14 25
22 109
94 99
1 93
25 62
38 85
5 6
24 29
57 82
53 112
11 37
13 22
1 72
27 71
4 5
65 118
96 157
85 124
11 94
23 45
19 27
134 141
13 29
9 31
58 139
14 85
24 49
26 59
19 144
63 79
75 139
5 52
25 132
162 163
156 167
25 162
101 108
6 55
6 61
66 95
7 18
19 36
1 8
64 147
19 29
17 38
14 15
19 67
11 14
1 12
47 48
64 159
31 51
36 47
17 29
14 187
55 89
12 29
125 126
27 79
7 48
14 121
25 147
5 6
54 191
25 113
4 7
19 90
7 8
114 163
56 103
96 167
101 159
55 63
5 11
94 175
21 26
79 98
57 77
10 87
137 147
89 109
22 45
42 85
22 93
26 31
1 5
27 200
29 45
22 63
3 4
49 52
3 188
12 31
35 141
17 36
73 97
1 5
21 40
83 131
80 139
13 24
53 63
11 108
127 189
118 185
26 45
53 63
49 57
89 158
89 196
23 79
11 12
7 9
26 97
1 1
74 117
107 159
113 148
32 67
3 115
61 93
149 152
147 163
9 64
1 1
14 97
1 77
65 199
55 63
24 83
37 153
38 105
99 149
71 83
45 193
60 61
133 141
148 163
2 3
53 72
60 131
19 82
35 88
73 120
62 75
11 13
171 181
37 94
16 157
13 112
12 25
37 122
3 37
18 37
17 43
31 97
1 110
17 31
33 34
45 166
125 187
25 93
8 21
27 97
23 142
36 53
1 9
106 111
7 125
82 137
24 31
89 99
1 4
32 143
29 38
125 164
112 127
113 162
1 22
156 179
6 37
3 163
58 61
72 115
101 109
117 152
37 46
90 143
9 19
160 173
101 160
114 179
67 131
1 16
101 120
35 37
27 49
66 119
22 83
37 69
21 37
43 55
2 81
71 93
26 31
14 27
2 5
61 175
67 145
38 61
27 35
95 156
23 25
41 56
56 107
161 172
37 38
25 46
125 136
25 66
132 139
19 37
5 97
13 82
17 94
81 91
23 27
53 60
3 7
31 51
43 99
101 167
57 68
141 185
118 141
23 47
135 181
15 17
12 37
45 193
43 59
69 91
104 191
157 158
24 29
71 107
17 156
9 91
34 41
85 154
18 59
100 147
83 93
5 33
13 112
47 140
78 103
52 199
36 61
21 200
17 88
101 136
176 193
3 13
1 187
7 10
63 80
9 25
149 181
43 67
16 19
59 66
53 186
107 114
1 4
3 10
34 161
47 138
22 91
94 161
19 47
7 188
3 130
113 166
3 5
31 105
71 129
13 54
27 34
88 117
122 131
5 83
1 41
79 182
137 178
94 95
102 113
88 175
7 26
20 37
8 77
59 130
51 139
61 195
10 81
19 22
29 99
28 191
8 23
64 105
1 47
31 49
134 149
173 180
138 157
37 173
16 41
53 54
23 26
42 155
111 191
17 174
9 46
91 96
7 9
87 94
135 152
3 154
27 55
2 19
47 74
12 25
73 87
17 112
43 150
83 196
65 181
2 9
47 161
34 45
154 171
18 47
4 11
27 37
77 130
134 153
48 157
11 138
35 51
71 90
10 51
5 96
41 48
120 197
46 95
1 33
85 152
16 33
17 44
113 148
13 22
9 55
40 191
1 182
74 109
135 148
188 197
78 161
31 73
20 63
47 61
23 38
4 5
13 35
18 25
23 145
106 171
14 25
4 55
11 24
93 163
4 9
140 151
100 103
2 13
2 7
7 9
173 178
44 139
6 47
67 111
47 63
11 142
6 31
59 155
96 109
46 83
19 120
82 89
2 9
19 22
103 155
93 166
48 71
13 150
63 82
13 64
88 101
64 113
9 64
21 32
14 15
19 85
125 166
79 130
33 46
65 166
27 32
29 37
59 63
18 41
7 100
47 72
51 80
3 56
7 12
12 13
73 117
67 103
28 45
63 74
127 183
105 113
163 167
59 111
16 179
92 153
174 175
48 83
76 97
5 31
26 43
25 92
53 128
1 3
51 67
67 88
71 95
56 159
8 81
1 28
25 138
110 161
11 172
116 153
23 33
35 47
68 171
67 75
85 93
26 51
101 163
5 119
47 62
93 100
31 190
89 195
1 15
25 99
30 31
29 44
33 70
13 67
18 91
114 149
71 177
98 171
9 17
82 121
16 23
76 123
30 43
2 27
9 98
33 76
13 34
47 50
56 137
18 71
131 158
169 200
135 166
7 17
11 27
59 95
118 189
11 188
13 173
119 158
52 79
11 12
75 193
3 7
134 135
3 58
9 148
4 63
130 193
50 59
13 54
45 107
4 7
25 62
3 10
46 79
11 40
37 51
6 125
6 11
2 9
37 40
14 27
116 121
65 181
110 147
148 149
115 154
11 17
4 5
30 103
140 183
92 155
13 87
107 193
174 197
37 119
59 176
29 66
80 103
62 83
17 18
70 197
93 97
55 73
119 178
164 189
30 73
39 46
7 83
56 97
43 154
147 169
23 65
4 51
153 163
33 40
121 167
36 199
86 157
71 132
1 143
33 164
103 116
152 197
37 91
68 101
19 39
1 27
25 64
14 45
121 148
50 141
129 176
91 107
2 3
152 179
8 9
3 4
45 122
13 17
5 192
9 77
9 28
59 194
7 8
47 168
41 104
5 28
1 4
41 128
30 31
92 119
11 23
37 61
45 116
133 183
9 121
17 24
4 15
15 31
38 53
3 110
21 25
99 104
37 122
12 37
98 109
24 181
29 39
20 53
7 89
34 77
82 121
178 181
95 161
6 7
9 193
4 17
1 1
5 89
32 33
118 163
26 45
19 21
17 63
34 59
47 198
41 99
43 57
26 31
20 123
13 142
149 165
3 14
37 40
62 167
19 34
125 129
132 193
6 23
7 13
29 56
140 143
55 62
21 44
69 74
4 11
190 193
47 132
42 187
3 25
66 67
29 69
71 147
121 158
4 5
63 166
45 73
40 89
61 181
76 79
17 159
5 191
67 82
11 26
40 109
87 103
125 148
40 89
11 45
129 197
37 89
5 167
16 49
5 84
73 109
27 200
3 19
9 10
120 139
141 169
1 1
55 169
149 189
32 89
30 47
16 147
1 35
8 169
131 164
93 109
11 28
31 92
14 25
75 112
97 105
11 28
23 32
73 94
13 14
35 43
2 3
27 83
71 100
9 31
8 187
11 19
31 104
37 104
79 91
11 16
16 139
17 33
12 97
41 108
19 24
5 8
82 181
41 63
100 119
163 176
95 192
67 79
14 31
43 63
41 61
1 4
19 96
11 27
118 173
67 68
113 122
5 11
25 49
86 167
64 105
48 169
29 92
33 163
26 121
158 161
7 37
71 108
9 10
24 47
32 53
84 149
2 7
5 78
61 114
33 122
55 97
12 17
62 163
17 44
29 54
47 139
151 199
99 100
29 125
142 151
43 57
76 145
7 99
10 51
20 47
15 163
63 85
38 49
46 59
107 136
40 81
37 152
116 171
64 193
95 104
107 192
163 200
8 19
47 72
43 56
35 79
114 121
2 57
59 70
13 191
57 179
4 11
1 3
120 167
20 63
65 94
47 108
34 53
4 5
28 149
41 165
15 41
1 4
169 172
135 161
50 87
15 34
61 75
14 117
16 19
132 163
18 47
31 49
139 177
70 139
11 157
91 181
34 95
27 139
107 195
23 97
29 186
143 175
54 67
46 51
73 159
113 154
11 14
87 98
96 149
83 134
21 158
100 129
57 80
104 191
83 90
32 37
79 93
65 161
11 31
62 143
17 29
37 116
154 171
53 132
43 76
100 171
57 58
12 17
1 158
11 172
64 107
117 187
43 92
75 137
40 41
7 31
16 39
77 197
71 85
17 19
2 29
47 108
14 199
27 77
34 133
16 99
47 171
75 76
2 91
19 26
166 191
79 92
61 145
24 31
14 143
3 109
61 93
193 197
29 88
56 103
178 193
156 197
5 7
137 198
18 109
157 159
1 2
1 34
48 91
66 79
43 116
89 155
43 81
4 13
2 53
41 64
67 174
46 119
67 125
157 183
41 66
86 113
49 110
121 153
18 19
80 143
130 191
81 131
61 92
41 49
99 122
86 107
5 37
13 80
34 169
25 49
23 48
61 148
67 160
77 151
11 31
19 21
65 191
55 114
52 153
70 101
1 11
1 56
28 39
18 23
41 127
37 89
97 98
28 73
53 99
101 176
181 195
8 29
43 61
36 37
4 33
10 151
6 31
127 199
56 61
18 187
132 167
187 188
39 77
44 45
9 110
110 147
3 22
1 79
80 179
58 81
6 17
3 13
19 151
16 37
21 83
31 68
58 173
76 101
23 91
31 92
102 179
29 51
37 110
29 37
43 92
42 65
57 94
107 163
1 3
13 27
61 82
13 24
11 28
5 37
26 43
37 107
94 95
78 167
76 137
11 71
21 64
35 109
14 29
77 148
19 69
16 21
1 11
136 155
34 67
95 111
1 55
5 72
55 91
5 96
26 33
161 181
1 27
33 61
110 169
18 89
8 9
75 127
142 195
49 51
35 58
5 6
1 199
16 59
53 61
13 20
53 55
85 184
81 196
1 2
132 197
23 50
141 196
79 195
63 152
35 71
19 51
25 77
4 23
25 62
7 12
47 57
2 63
21 113
31 48
29 97
7 85
41 77
52 177
28 183
27 34
64 161
151 169
7 58
2 5
50 89
46 165
43 45
51 148
7 80
19 30
129 134
37 57
38 47
1 4
69 191
9 43
64 195
32 89
89 132
60 167
3 155
67 87
39 185
143 177
42 139
2 7
17 117
31 39
101 103
72 193
5 17
2 27
40 43
25 42
135 139
16 37
45 173
89 137
45 88
16 33
47 143
11 20
42 73
129 158
12 67
10 21
35 156
8 49
65 79
19 81
133 187
1 1
61 166
116 189
83 113
62 127
27 152
4 11
1 3
33 104
3 103
1 19
62 99
72 181
24 163
17 24
2 3
47 110
139 162
9 47
5 62
81 115
66 157
51 118
36 53
4 11
4 39
7 73
22 149
60 137
83 189
5 26
55 146
27 164
41 90
27 32
69 188
1 1
35 187
21 22
74 91
22 35
117 142
41 143
1 107
2 143
58 63
46 187
55 56
18 47
124 133
133 159
179 186
6 67
28 57
69 91
9 46
29 80
129 185
4 105
39 148
149 198
25 49
3 19
46 53
91 101
67 95
7 88
31 37
4 9
59 60
4 19
94 153
17 139
52 131
31 145
31 49
117 152
1 50
21 23
4 51
68 155
85 128
8 11
14 31
47 52
19 30
168 185
7 26
16 65
101 114
167 181
123 136
4 13
17 61
16 23
159 197
1 6
114 199
4 19
88 137
137 170
19 27
77 81
71 84
11 16
48 73
76 93
21 157
14 37
48 193
127 179
22 37
25 199
1 1
47 154
9 16
139 159
21 55
1 127
34 55
41 59
79 90
1 1
139 160
11 21
46 85
2 143
131 158
1 40
59 81
131 176
188 191
193 195
41 181
150 151
31 83
137 172
83 111
7 73
65 168
109 192
84 89
93 185
73 175
185 196
121 148
166 167
123 145
189 194
11 18
6 13
41 175
32 119
5 23
42 157
52 125
49 156
48 55
11 16
166 167
22 93
62 135
13 23
67 174
35 68
2 5
165 199
37 65
1 92
20 49
59 129
123 194
9 34
14 25
111 167
61 98
5 68
101 185
103 115
15 16
11 161
67 176
97 167
61 85
19 40
9 17
39 125
16 59
29 45
19 24
151 194
1 6
58 139
1 18
7 129
3 10
122 157
40 71
25 188
67 98
114 157
60 73
79 189
132 191
56 185
22 29
13 31
105 181
22 43
128 145
149 177
9 71
46 95
7 12
95 159
1 30
5 84
11 17
20 33
9 40
2 5
26 95
19 50
131 192
177 182
31 33
105 158
3 20
71 98
37 69
47 72
20 49
119 135
55 56
41 60
12 131
15 61
79 196
43 44
9 11
129 196
65 86
11 108
99 167
1 4
3 34
23 135
109 187
1 5
14 17
77 169
182 187
49 59
1 4
56 101
56 87
32 77
38 91
28 145
58 167
37 138
47 48
41 72
37 96
49 117
62 73
2 21
185 196
23 24
97 121
146 157
69 187
95 149
10 11
145 161
24 91
49 75
3 134
10 13
5 23
35 72
98 155
22 41
15 158
1 5
78 103
2 5
1 9
88 161
51 88
7 9
3 73
19 32
97 131
125 171
7 48
13 140
65 138
59 69
87 196
9 59
2 33
61 89
6 11
1 193
105 109
23 47
16 85
5 8
17 107
9 74
64 183
7 121
85 138
182 187
28 47
11 28
10 169
40 59
4 5
57 115
7 94
133 184
15 59
33 47
75 142
68 163
13 22
7 51
88 145
11 79
31 128
1 2
21 59
34 93
11 194
14 185
29 62
23 172
16 71
3 4
22 193
11 14
17 22
4 33
43 194
23 135
91 113
3 5
39 44
55 109
132 167
173 197
109 192
1 30
22 159
87 178
96 119
93 178
4 5
83 86
107 196
31 71
20 57
103 109
29 35
27 41
12 65
4 99
13 16
3 5
75 106
48 95
6 47
7 197
13 41
29 195
13 88
45 83
24 29
54 55
41 139
6 7
