10
3
544728022 153689801 431863569
962200031 220484001 642878600
3
421093150 239667044 200668081
921717358 939761114 474185560
3
517484553 194763387 57955343
815612679 384192788 271266363
3
214367561 759072795 528460561
303043703 861920493 583504876
3
143012658 242807202 110332706
980720465 657448488 334488691
3
184329365 305242128 482569564
668509079 585505468 956002280
3
518175407 27970101 437517233
969266718 179882056 740038765
3
99636654 85308299 52625777
870939659 329758907 691430187
3
544348624 286324309 158234319
592030520 903020387 445497379
3
224520377 915151545 251173721
676582523 946973847 660923972
