10
3
298079042 283121490 717390320 
437344567 909940091 774539057 
3
235438777 376875054 584255176 
478700356 640919350 964768573 
3
504253873 213254989 281505721 
790055054 369444342 899259056 
3
242453813 574481027 433905467 
604033969 874943153 488294451 
3
155021502 321365687 394277313 
588948932 362872881 425778936 
3
52876307 94941219 751149159 
735748077 203251260 879164786 
3
663056499 241618369 503842791 
755757947 456860073 596305999 
3
107105356 180740241 273817948 
400833579 232398463 522508241 
3
24856441 111491807 211600132 
28601209 565817774 605966853 
3
91266654 768554847 386349093 
650326880 874778998 549112198 
