10
3
277164454 177504386 630108854 
815592583 817130094 966582180 
3
553551886 526662439 221462453 
877993210 612603746 809537190 
3
169107669 114697789 9365466 
566730568 727422421 814482341 
3
773373879 420215722 106068835 
868342918 919639071 445011274 
3
785827099 88432369 496957960 
847893274 886893130 546354566 
3
276074498 189555574 447259685 
327471000 811723649 904119924 
3
254487440 141999220 783668113 
655265483 286400953 856639144 
3
699799997 363813036 81572773 
896355213 902554764 622223267 
3
39819095 607516258 491942336 
725732289 785625954 660829198 
3
2794373 145340672 359651028 
343276555 784482272 587829027 
