10
3
802940830 180816657 739400517
866223617 790954548 859222671
3
319700485 420670621 20112496
848710888 862460339 119058099
3
570852685 257303395 22343287
968627558 669195733 23553532
3
772960648 19212766 491996184
918599736 605893944 555566188
3
601445601 101290141 337160285
665968569 606274511 841109225
3
659192736 519477184 531264884
953499495 694385597 853541488
3
92167521 438236793 294231836
488912038 560375030 359102036
3
74216594 378531687 484632727
549783513 617787024 732464601
3
625320731 571351137 475371789
776225997 854936590 521398507
3
907073729 236631866 247588873
999058440 660072512 608891217
