10
3
115993273 597120648 886068528 
721362023 618405041 901128755 
3
684616276 385798500 452823159 
885203911 544535789 682511433 
3
616136314 31141818 241912255 
828030263 209761597 509249219 
3
334790687 771587111 334138763 
557406637 803908718 907322782 
3
116832581 153505687 37609451 
883976815 459234532 436169287 
3
211082727 156374764 216440195 
677195112 303140803 260122343 
3
439511514 350337286 620833044 
913893176 728857186 626946359 
3
321477952 298787701 520516312 
462189399 443480135 668123093 
3
447863533 768927547 510302926 
974945348 887534225 995271077 
3
110378239 616281684 123342896 
110889592 899369866 902704001 
