10
7
404918898 292311647 631396922 706089372 4898185 154066652 86654812
803261286 973316302 717003179 797462316 600001001 750252153 244616894
10
253859357 738242986 419522759 102326522 553403220 460105736 155341224 312766161 586806247 147676006
778607664 878991494 845146711 677678023 915736076 570191133 471702456 872004037 856620802 634608166
10
62148853 736534053 307627109 602345174 644025213 834091964 355887299 149716154 490270516 194843985
62914972 931265052 713081926 618678457 945486380 960572153 660500926 681046170 919169939 613704630
7
222276902 207964889 772299713 38682483 35146163 717492330 114043281
997628411 279053532 777711591 652528891 200397124 904673709 635458343
8
264378381 41042188 592498513 384394000 241020138 297430399 666274136 481708448
631051552 125409918 803125529 748471253 970028517 644399507 852347185 780329632
9
116458265 343601158 198501746 291523861 132058998 504705740 560086176 140777300 375750629
859213812 874991158 680136342 923780108 768688307 859520900 756980982 685204906 391058957
9
145670832 238678463 306775387 273402893 525123398 64248712 451117245 620867135 352786252
524407690 577998761 723429270 332568359 816358897 450756214 854558151 972287374 438402708
7
6683352 664251743 238984219 223522383 162189043 15343889 319409078
903411136 735296299 771081935 729297080 262536944 23097541 779294254
10
118764739 395396206 71362043 706418119 30742207 352498912 255253759 717074313 421135185 120609609
722753763 397991075 996361481 922482754 603105919 895545524 857318910 906183506 686395599 846626731
9
686441996 550804332 622735857 649732283 89079324 589615890 345874210 335417004 178652091
716977882 567591458 765957330 675156722 293039410 871703495 709298156 487089654 942769747
