10
7
121111846 445340255 191941417 423275256 868126532 333767818 25022569 
260853257 809478517 266094588 686280489 934489058 456034373 948948371 
7
301110391 272236238 727134768 371870131 919766596 151622847 242954800 
358031962 617845183 850880394 555542716 925523610 266646892 265133857 
7
539967256 15363170 22157751 364089458 181927887 172731200 158051763 
869081242 308522910 942957307 626305087 591696025 917055075 457519970 
7
644090489 314967437 309754331 535273444 233339059 459730403 440040601 
652336169 399638446 323783461 768504761 299256741 529777431 542455775 
7
224408908 723312536 207640139 229770494 165311713 127780881 53070058 
773302064 774992403 290037677 406395226 473896351 216576930 812757795 
8
349193486 37366699 16998271 7020133 471285308 168377218 459138501 310367635 
848992132 204215947 32372846 890505041 905041529 913252910 913487074 448538206 
7
635547810 57448100 302240864 776178017 40846720 830809048 548242619 
999159014 574209281 980716046 829397262 316803899 871115522 752396480 
7
211302531 134394925 913300016 701340514 5923431 57675773 192285471 
540639045 566039905 973307556 949606010 791193706 211253006 379616075 
8
3361223 251831911 175074714 348888435 13970673 680674643 361280764 366717101 
108800483 852289363 369666211 673652026 972269493 805458703 853584210 704238315 
8
82402005 270544528 511787787 404303945 106230846 147668480 49944040 281681539 
134700814 609167798 585713079 477550587 379520619 515337492 394056656 474459525 
