10
9
207858087 631694427 287886898 358182369 613992517 796728947 498835939 435131275 390639390
775917322 791575481 548422068 549231678 900712002 989988795 625864644 894221883 889007873
7
292127639 293563569 94414926 757026897 216093287 54668573 659126092
585405226 551240378 279162638 958909562 789494803 220481777 672347211
8
123652674 301077121 330566395 671472117 448766695 132370602 527921661 856432671
855527462 421856424 789184785 713731699 711826330 807912122 822619162 917155539
10
196056287 320590591 217501198 543619117 51675528 3629209 220953975 301104842 163487174 49996245
715798302 775010525 862066295 575493409 147685791 860016564 530076753 398977990 240726243 192907081
7
292441482 643736743 599477245 632937951 35861846 43484127 593744975
344348015 972513309 809708581 761222913 678969619 417928005 960086034
10
174353880 835112494 201813102 187660527 618685573 125242252 765303366 550653601 282890220 314827312
537196702 896924872 594933896 751685165 747739504 861403580 961769446 992007626 557639487 892468220
9
612644119 334531230 66717984 739672724 282745111 402439953 280043846 880946402 549256982
738081058 661904891 841446975 960357312 501632823 463190869 693358093 911846918 927099294
10
300826674 587609291 3906818 537033637 650594121 333279378 198134161 2607911 44645780 420319275
951841958 968649444 915445298 996439238 908632189 742888473 752577509 230114035 624818240 870300389
10
403752913 825977835 15589930 715126165 75130765 330732213 458113753 61434677 109690162 194481
791239990 894361528 234753288 819770282 910296779 886137850 792426280 428658442 864820199 375632966
7
132652493 398852441 137612305 16168308 256550106 345669805 39845072
986222088 721652333 683125021 283362999 570418589 651039994 969247027
