10
8
30947596 383236048 143686783 309066197 536154193 5357155 76140165 744480193
727145099 507226631 497967471 523313738 779787626 264931916 269289614 882809271
9
40989614 631023222 328430419 26599364 180448969 683186487 806322666 160679452 499905995
131736654 735260968 391251944 511881433 791591704 989948841 818690834 926233147 711012651
10
207578758 482143173 98329005 297566410 224337306 402110524 131744543 750925387 614241225 25907408
935859855 985995524 349358118 562000647 831254133 743805998 676492849 881674911 937773701 291041991
9
424609275 55836861 7696446 173905115 149316301 481156300 6922629 88895489 365529554
516828271 849176485 633071721 434074488 450715326 720639102 138834844 152892394 724170186
8
326872164 54809756 661347975 60265407 8892555 411103487 102034042 717465694
474574820 786501646 698289467 966558645 750517708 864660141 104823356 727393899
10
291248175 154075849 356685977 129822034 283617155 363702953 359705883 286676999 90843996 58369240
474938633 796865434 799699859 769725001 655532264 735688515 712054486 384109151 607586355 689242729
9
152205340 116765508 442326919 728163481 338756668 293719547 75051595 618138832 534860018
638264266 563216814 802581884 902646855 827928258 871881775 367741661 815982057 599378225
7
160660711 541440288 100572532 164477243 421687592 101700715 486140296
860234171 913887574 865965390 410354166 620468579 193152481 713486557
9
397131351 538063175 248016925 614456076 361934513 311259128 90743449 576065117 625541281
941272145 947679963 917442342 633246316 488537305 838421769 965875718 776163689 655125710
9
539168303 4947342 360138659 390611955 35131110 93069848 94632068 365412625 359043980
981864427 546380503 572054547 915758803 309666661 803870555 383998192 766062858 554842980
