10
7
527148962 715399291 137919183 531321136 50973907 95271028 254976744 
825165194 980761753 372939195 981935096 168277555 246414642 635564167 
7
101659477 797868142 700786608 2398186 482053627 267841983 47067041 
218316683 997740323 756305919 260795527 886244499 427633956 260347782 
8
389457848 115128858 109867659 264542428 415410419 138374020 425959684 169231455 
788352283 936543689 443259709 748401044 969642184 556012619 516568894 317506666 
7
216038500 52171167 794284683 222305307 69791412 355437701 169359558 
937948030 133651361 795480761 750397067 457591954 564026192 505660047 
10
299760354 707696332 237368889 206603292 239904571 100201637 339084160 22701891 164237682 656331862 
491188793 999218949 926401066 855574552 414057715 849527539 816708057 933708805 249479774 856711673 
9
207906375 217708278 502326598 135070918 11501568 486434497 92034361 22996349 533123675 
997699239 804041608 690529715 384297724 598145839 987698486 328582140 523282546 561823261 
9
31142725 54794690 155438389 271116078 111571496 468663445 937096631 298585685 159831062 
355539242 811478237 972199174 742739241 833858790 891739346 990005150 902339134 500415535 
8
334162105 274731857 724820136 159201145 651405938 663628758 253360780 20508971 
630466630 728516629 987035473 206885285 713696051 883526941 623360168 972928493 
8
843149542 421384958 212850632 369840395 643735531 568600466 392757469 410362364 
924080944 600490584 911863947 576796598 971643041 747140228 574653241 432486510 
8
563889278 829475290 689283757 938122286 88081681 109863116 56367001 51867506 
700718477 965589044 985254390 953793260 792139598 501354252 777792369 208702021 
