10
149
1 1 1 1 1 2 1 2 1 1 2 1 2 2 2 2 1 1 1 1 2 1 1 2 1 1 1 1 1 1 1 1 2 1 1 1 1 2 1 1 2 1 2 1 2 1 2 2 1 2 2 1 1 1 1 1 1 2 1 1 1 1 2 1 2 1 1 1 2 1 2 1 2 2 1 1 1 1 1 1 1 1 1 1 1 2 1 1 1 1 1 1 2 2 2 2 1 1 1 2 1 1 2 2 2 2 1 2 1 1 1 2 2 1 1 1 1 2 2 1 1 1 1 1 2 2 1 1 1 1 2 2 1 1 2 2 1 1 1 1 1 1 2 2 1 1 1 1 1 
2 1 2 1 2 2 1 2 2 2 2 2 2 2 2 2 2 2 1 2 2 2 1 2 2 2 2 1 1 2 2 1 2 2 2 2 1 2 2 1 2 1 2 2 2 1 2 2 1 2 2 2 1 1 2 2 2 2 2 1 2 2 2 2 2 1 1 1 2 2 2 2 2 2 2 2 2 1 2 1 2 2 2 2 1 2 2 2 2 2 2 2 2 2 2 2 2 2 2 2 2 2 2 2 2 2 2 2 2 2 1 2 2 2 2 1 2 2 2 2 1 1 2 2 2 2 2 2 2 2 2 2 1 2 2 2 2 2 2 2 2 1 2 2 1 2 2 2 1 
149
1 2 1 1 1 1 1 2 2 1 2 2 1 1 2 1 2 1 1 1 1 1 1 1 1 1 2 1 2 2 2 1 1 2 2 1 2 2 1 2 2 1 1 2 1 1 1 1 1 2 1 1 1 2 2 1 1 1 1 2 2 2 1 1 1 1 1 1 1 1 1 1 1 1 1 1 1 1 2 1 1 1 1 2 1 1 1 2 1 2 2 2 1 1 2 1 1 1 2 2 1 1 1 1 2 1 2 1 1 2 1 1 2 1 2 2 2 1 1 1 2 2 2 1 2 1 2 2 1 1 1 1 1 2 1 2 1 1 1 1 1 1 1 2 1 1 2 2 1 
2 2 1 2 2 1 1 2 2 2 2 2 2 2 2 2 2 1 2 2 1 1 1 1 2 2 2 2 2 2 2 1 2 2 2 2 2 2 1 2 2 1 2 2 2 1 1 2 2 2 2 2 1 2 2 2 2 1 2 2 2 2 2 2 1 2 2 2 2 1 2 2 2 1 1 2 1 1 2 2 1 1 2 2 1 2 2 2 1 2 2 2 2 1 2 2 1 1 2 2 2 2 2 2 2 2 2 2 2 2 2 2 2 2 2 2 2 2 2 2 2 2 2 2 2 2 2 2 2 2 2 1 2 2 1 2 1 2 2 1 1 2 2 2 2 1 2 2 1 
150
2 1 1 1 1 2 1 1 1 1 2 1 2 1 2 1 1 1 1 1 1 1 1 1 1 1 1 1 2 2 1 1 1 1 2 2 1 1 2 1 2 1 1 1 1 2 1 1 1 1 1 2 1 1 1 1 2 1 1 1 1 1 2 1 1 1 1 2 1 1 1 2 2 1 2 1 1 1 1 2 1 1 1 2 2 1 1 1 1 1 1 1 1 1 2 1 2 1 1 1 1 1 2 1 1 2 1 2 1 1 1 2 1 1 1 1 2 1 1 1 2 1 1 1 1 2 1 2 1 1 1 1 1 1 1 1 2 1 1 1 2 1 2 2 1 1 2 1 1 1 
2 1 2 2 1 2 2 1 2 2 2 2 2 2 2 2 2 2 2 1 2 1 2 2 2 2 1 2 2 2 2 1 2 2 2 2 1 2 2 2 2 2 2 2 2 2 2 2 1 2 2 2 2 2 2 1 2 1 2 2 2 2 2 2 2 2 2 2 1 1 2 2 2 1 2 2 2 2 1 2 2 2 2 2 2 2 2 1 1 2 1 2 2 1 2 1 2 2 2 2 1 2 2 1 2 2 1 2 2 2 2 2 2 2 2 2 2 2 2 1 2 1 1 1 1 2 1 2 2 1 1 1 2 2 2 1 2 2 2 2 2 1 2 2 2 1 2 1 1 1 
150
2 1 1 1 2 1 1 2 1 2 1 1 1 2 1 1 2 1 1 1 1 1 2 1 1 1 1 1 1 1 2 1 1 2 1 1 1 1 1 1 2 1 1 1 1 1 2 2 1 1 1 1 1 1 1 1 2 1 1 1 1 1 1 1 1 2 1 1 2 2 1 2 1 2 2 1 2 1 2 1 1 1 1 2 1 1 2 1 1 1 1 1 1 2 1 1 1 1 2 1 1 1 1 1 1 2 1 1 2 1 1 1 1 1 1 1 1 2 2 2 1 1 1 1 1 1 1 1 2 1 1 1 1 1 2 2 1 2 1 2 1 1 1 1 2 1 2 1 1 1 
2 2 2 2 2 1 2 2 1 2 2 1 1 2 1 1 2 2 1 1 2 1 2 1 2 2 2 2 2 2 2 1 1 2 2 2 2 1 2 2 2 2 2 1 2 2 2 2 2 2 1 1 2 2 1 1 2 2 2 2 2 2 2 2 2 2 2 2 2 2 2 2 2 2 2 2 2 2 2 2 2 1 2 2 1 2 2 2 2 2 2 2 2 2 2 2 2 2 2 2 1 1 1 2 1 2 2 2 2 2 2 1 2 2 2 2 1 2 2 2 2 2 2 2 2 2 2 2 2 2 1 1 1 1 2 2 2 2 2 2 1 2 1 2 2 1 2 2 2 2 
150
2 1 1 1 2 1 1 1 1 1 1 1 2 1 1 1 1 1 1 1 1 1 1 2 2 1 1 1 1 1 1 1 2 2 2 1 1 1 1 1 2 1 1 2 1 2 1 1 1 1 1 1 2 2 2 1 1 1 1 1 2 1 2 1 1 1 1 1 1 2 1 2 1 2 1 1 2 1 1 1 1 2 1 2 1 1 2 1 1 1 1 2 2 1 1 2 1 2 1 2 1 1 1 1 1 2 1 1 1 1 1 1 1 1 1 1 1 1 1 2 2 1 1 1 2 1 1 1 1 1 1 1 1 1 2 1 1 1 1 2 2 1 1 2 2 1 1 1 1 2 
2 2 2 2 2 2 1 1 2 1 1 1 2 1 1 2 1 2 1 1 2 2 2 2 2 2 1 2 2 2 1 1 2 2 2 2 2 2 2 2 2 1 2 2 1 2 2 2 2 2 2 2 2 2 2 2 1 2 1 2 2 1 2 1 2 2 1 2 1 2 2 2 2 2 2 1 2 1 2 1 1 2 2 2 1 2 2 1 1 1 2 2 2 2 2 2 1 2 2 2 1 2 2 2 2 2 1 2 2 2 2 2 2 2 1 1 2 2 1 2 2 1 1 2 2 2 2 1 2 1 2 2 2 1 2 2 2 2 2 2 2 2 2 2 2 2 1 1 2 2 
147
1 1 1 1 1 1 1 2 1 1 2 2 1 1 1 1 1 1 1 1 1 1 1 2 2 1 1 1 1 1 1 1 1 1 1 1 2 1 1 1 2 1 1 2 2 1 1 1 1 2 2 1 1 1 1 2 1 1 1 1 1 1 1 1 1 1 1 1 2 1 1 1 1 1 1 1 1 1 1 1 1 2 2 1 1 2 1 2 1 2 1 2 1 1 2 2 1 1 2 1 1 1 1 2 2 2 1 1 1 2 1 1 1 2 1 2 1 2 1 1 1 1 1 1 1 1 1 2 1 2 1 2 2 1 1 1 1 2 1 1 1 1 1 2 1 1 2 
2 1 2 2 2 2 2 2 1 1 2 2 1 2 2 2 2 2 1 1 2 1 1 2 2 1 2 2 2 2 2 2 2 1 1 1 2 2 2 2 2 2 2 2 2 2 2 2 2 2 2 2 1 2 2 2 2 1 2 2 2 2 2 2 2 2 2 2 2 2 2 2 1 2 2 1 2 2 2 2 2 2 2 2 2 2 2 2 2 2 2 2 2 2 2 2 2 2 2 1 1 1 2 2 2 2 1 2 1 2 1 2 2 2 1 2 2 2 2 2 1 1 1 2 2 2 1 2 2 2 1 2 2 2 1 2 1 2 1 1 2 2 1 2 2 2 2 
150
1 1 2 1 1 1 1 2 1 1 1 1 1 1 1 2 2 1 1 1 1 1 2 1 2 2 1 2 1 1 1 2 1 1 2 1 1 2 1 1 2 1 1 1 1 1 1 1 1 1 1 2 1 2 1 2 1 1 1 1 1 1 1 1 1 1 1 1 1 1 1 1 1 1 1 2 2 1 1 1 1 1 1 1 2 1 1 1 1 1 1 2 1 1 1 1 1 2 1 1 1 1 2 2 2 1 1 1 1 2 1 1 1 2 1 2 2 1 1 2 1 1 2 1 1 1 1 2 1 1 1 2 1 1 1 1 1 1 1 1 1 1 2 1 1 1 1 1 2 1 
1 2 2 2 1 2 2 2 1 1 2 2 1 2 1 2 2 2 2 1 2 2 2 2 2 2 1 2 2 2 2 2 2 2 2 2 2 2 2 2 2 2 2 2 1 1 2 2 1 2 1 2 2 2 2 2 2 2 2 2 2 2 1 2 1 2 2 2 1 2 2 1 2 2 2 2 2 1 2 1 2 2 1 2 2 2 2 2 2 2 2 2 2 2 1 2 1 2 1 1 2 1 2 2 2 2 2 2 1 2 1 2 2 2 1 2 2 1 2 2 2 2 2 1 1 2 1 2 2 2 2 2 1 1 2 1 2 2 2 2 2 2 2 1 1 2 2 1 2 2 
150
2 1 1 1 1 2 1 2 1 1 2 1 1 1 1 2 2 2 2 2 2 1 2 1 1 1 1 1 1 2 1 1 1 1 1 1 1 1 1 2 2 1 1 2 2 2 1 1 1 1 1 1 1 1 1 1 2 1 1 1 2 1 1 2 1 1 1 1 1 2 1 1 1 1 1 1 2 1 1 2 1 1 1 1 2 1 2 1 1 1 1 1 1 1 1 2 1 1 1 1 2 1 1 1 1 1 2 1 1 2 1 2 2 1 2 2 2 1 2 1 2 1 2 1 1 1 1 2 1 1 1 1 1 1 1 1 1 1 1 1 1 1 1 1 2 2 1 1 1 1 
2 1 2 2 1 2 2 2 2 2 2 2 2 2 2 2 2 2 2 2 2 2 2 1 2 1 2 1 1 2 2 2 2 1 1 2 2 1 2 2 2 2 2 2 2 2 2 1 2 1 1 2 1 2 1 1 2 2 1 2 2 2 1 2 1 2 2 2 2 2 2 2 2 2 2 1 2 2 2 2 2 2 1 2 2 2 2 1 1 2 2 2 2 2 1 2 2 2 1 2 2 2 2 2 1 2 2 1 2 2 1 2 2 2 2 2 2 2 2 2 2 2 2 1 2 2 1 2 2 1 1 1 2 2 2 1 2 2 1 2 2 2 1 2 2 2 1 1 2 1 
148
1 1 1 1 1 1 1 1 2 1 1 2 1 1 1 1 1 2 1 1 2 1 1 1 1 1 1 1 1 1 1 1 1 1 2 1 2 1 2 1 1 1 1 2 1 1 1 1 2 1 1 1 1 1 2 1 1 1 1 1 1 1 1 1 1 1 1 1 1 1 1 1 1 1 1 1 2 1 1 1 1 2 1 1 1 1 1 1 1 1 1 1 1 1 1 2 1 1 1 1 2 1 2 1 1 1 1 1 1 1 1 1 1 1 1 2 2 1 1 1 1 1 1 1 1 1 1 2 1 1 1 1 1 1 1 1 1 1 2 1 1 1 1 1 2 1 1 2 
1 1 1 1 2 2 2 2 2 1 2 2 2 1 2 1 2 2 2 2 2 1 2 1 1 2 1 1 2 1 1 2 1 2 2 2 2 2 2 2 2 1 2 2 1 2 2 1 2 1 2 1 2 2 2 1 2 1 2 1 2 2 1 2 2 2 2 2 2 2 2 2 2 2 1 1 2 1 2 2 2 2 1 2 2 2 2 2 2 1 1 2 1 2 2 2 2 2 2 2 2 1 2 2 2 1 2 2 2 2 2 2 2 1 1 2 2 2 1 1 2 1 2 2 2 2 1 2 2 2 2 1 2 2 2 2 2 2 2 2 2 1 2 2 2 2 1 2 
148
1 1 2 1 1 2 1 1 1 1 1 1 1 1 2 2 1 1 1 2 2 2 2 1 1 1 1 1 2 2 1 1 1 1 1 1 1 1 1 1 2 2 1 1 2 1 2 1 2 2 1 1 1 1 1 1 1 1 1 1 1 1 2 2 1 1 1 2 2 1 1 1 1 1 2 1 1 1 2 1 1 2 1 1 2 1 1 2 1 2 1 1 1 1 1 2 1 1 1 1 1 1 1 2 1 2 1 2 1 1 2 1 1 1 1 2 2 1 2 1 1 1 1 1 1 2 1 1 2 1 2 1 2 1 1 1 2 1 2 2 1 1 1 1 1 1 1 1 
2 2 2 2 1 2 2 2 2 1 2 2 2 2 2 2 1 2 1 2 2 2 2 1 1 2 1 2 2 2 2 1 1 2 2 2 1 2 1 2 2 2 1 2 2 1 2 1 2 2 2 2 2 2 2 2 1 2 1 2 2 2 2 2 2 1 2 2 2 1 2 1 2 2 2 2 2 2 2 1 2 2 2 1 2 2 2 2 2 2 1 2 2 1 1 2 2 2 2 2 1 2 2 2 2 2 2 2 2 2 2 1 2 2 1 2 2 2 2 2 1 1 1 1 1 2 2 1 2 1 2 1 2 1 2 1 2 1 2 2 2 2 2 1 1 2 2 2 
