10
148
1 1 1 1 1 2 1 1 2 1 1 2 1 1 2 2 1 2 1 1 1 1 2 2 2 1 2 1 1 2 1 1 1 1 1 1 1 1 1 1 1 1 1 1 1 1 1 1 1 1 2 1 1 1 1 1 2 2 2 1 1 1 1 1 1 2 2 1 1 1 1 2 1 1 2 1 1 2 1 1 1 2 1 1 1 2 1 1 1 1 1 1 1 1 1 1 1 2 1 1 2 2 2 2 1 2 2 1 2 1 2 1 1 2 1 1 1 1 2 1 1 1 1 1 1 1 1 1 2 2 1 1 2 1 1 2 1 1 2 2 1 1 1 2 2 2 2 1
2 2 2 1 2 2 2 1 2 2 2 2 2 2 2 2 2 2 2 1 1 2 2 2 2 2 2 2 2 2 2 2 2 2 2 2 2 2 1 1 2 1 2 2 2 2 2 1 2 2 2 2 2 2 2 2 2 2 2 2 2 1 2 1 2 2 2 1 2 1 2 2 2 2 2 2 2 2 2 1 2 2 2 2 2 2 1 2 1 1 2 2 1 2 1 2 2 2 1 1 2 2 2 2 1 2 2 2 2 1 2 2 2 2 2 2 2 2 2 2 2 2 1 2 2 2 2 1 2 2 2 2 2 1 1 2 2 2 2 2 2 2 2 2 2 2 2 2
148
2 1 1 1 2 1 1 1 2 1 2 2 1 2 2 1 1 1 1 1 1 2 1 2 2 1 1 1 1 1 1 1 1 1 1 2 1 2 1 1 1 1 1 1 1 1 1 2 2 2 1 2 2 1 1 1 1 1 1 1 2 1 1 1 1 1 1 1 1 2 1 1 2 1 2 2 2 2 1 2 2 2 1 2 1 2 2 1 1 1 1 1 1 2 1 1 1 1 2 1 1 2 1 1 2 1 1 1 1 1 2 1 1 1 1 1 1 2 2 1 1 1 2 2 2 1 1 1 2 2 1 1 1 1 2 1 1 1 1 1 2 2 1 2 2 1 2 1
2 2 1 1 2 2 2 2 2 1 2 2 2 2 2 2 2 2 2 1 2 2 2 2 2 1 2 2 2 1 2 1 1 2 2 2 2 2 2 2 2 2 2 2 1 2 1 2 2 2 1 2 2 2 1 2 1 1 2 2 2 2 2 2 1 2 2 1 2 2 1 2 2 2 2 2 2 2 2 2 2 2 2 2 1 2 2 2 2 1 1 2 2 2 2 2 2 2 2 2 2 2 2 1 2 1 2 2 2 2 2 2 2 2 2 1 2 2 2 2 2 2 2 2 2 1 2 2 2 2 2 2 2 1 2 1 2 2 2 1 2 2 2 2 2 2 2 2
150
2 2 1 1 2 1 1 1 2 1 1 1 1 1 1 1 1 1 2 1 1 1 1 1 2 1 1 1 1 2 1 1 1 1 1 1 2 1 2 1 1 1 1 1 1 2 1 1 1 1 1 1 2 1 1 2 1 2 2 1 1 1 1 1 1 1 1 1 1 1 1 1 1 1 2 2 1 1 1 1 1 1 1 1 1 1 1 1 2 1 2 1 2 1 2 1 2 2 1 2 2 1 1 2 2 1 1 1 1 1 1 2 2 1 1 1 1 2 1 1 2 2 1 1 1 1 1 2 2 1 2 1 1 1 1 1 1 2 1 1 1 1 1 2 1 1 1 1 1 1
2 2 1 1 2 1 2 2 2 1 2 2 2 2 2 2 2 2 2 2 2 2 2 2 2 2 2 2 2 2 1 2 2 1 2 2 2 2 2 1 1 2 1 2 1 2 1 2 1 2 2 1 2 1 2 2 2 2 2 2 2 2 1 2 1 1 1 2 2 1 2 1 2 2 2 2 2 2 1 2 1 2 2 2 2 2 2 2 2 1 2 2 2 2 2 2 2 2 2 2 2 2 2 2 2 1 2 2 1 2 2 2 2 2 2 2 2 2 2 2 2 2 1 2 1 1 2 2 2 2 2 2 2 2 2 1 2 2 1 1 2 1 2 2 1 2 2 2 2 2
148
1 1 2 1 1 1 1 1 1 1 1 1 1 1 1 1 1 1 1 1 2 1 1 1 1 1 2 1 1 1 2 1 1 1 1 2 1 1 1 1 1 2 1 1 1 1 2 2 1 1 2 1 1 1 1 2 1 1 1 1 1 1 1 1 1 1 1 1 1 1 1 1 1 2 1 1 2 1 1 1 1 2 1 1 1 1 2 1 2 1 2 1 2 1 2 1 1 1 2 1 1 1 1 2 1 2 1 1 1 2 2 1 1 2 1 1 1 1 1 1 1 2 1 1 1 1 1 1 2 2 1 2 1 1 1 1 2 1 2 1 1 1 1 1 1 1 1 1
2 2 2 2 1 2 1 1 2 2 1 1 2 1 1 2 2 1 2 1 2 2 2 2 2 1 2 2 1 2 2 2 2 1 1 2 1 1 2 2 2 2 2 2 1 2 2 2 1 1 2 1 2 1 2 2 1 2 2 2 2 2 1 2 2 2 1 2 2 2 2 2 2 2 2 2 2 1 2 2 2 2 2 2 1 2 2 2 2 2 2 2 2 1 2 2 2 1 2 2 1 2 2 2 2 2 2 1 2 2 2 2 2 2 2 2 1 2 2 2 2 2 2 2 1 2 2 1 2 2 2 2 1 2 1 2 2 2 2 2 2 1 1 2 2 1 1 2
150
1 2 2 2 1 1 1 1 1 1 2 2 1 1 1 1 1 1 2 1 1 2 1 1 1 2 1 1 1 1 1 1 1 1 2 1 1 1 1 1 2 1 2 1 1 1 2 2 1 1 1 1 1 2 1 1 2 1 2 2 1 1 1 1 1 1 1 1 1 1 1 1 1 2 2 2 1 1 1 1 1 1 2 1 1 1 1 1 1 1 2 1 1 2 1 1 1 1 1 2 1 1 1 2 1 1 2 1 1 1 1 1 1 1 2 2 1 1 1 2 1 1 2 1 2 1 1 1 2 1 1 1 2 1 1 2 1 1 1 1 2 2 1 1 1 2 1 1 2 2
2 2 2 2 1 2 2 2 1 2 2 2 2 2 1 2 2 1 2 2 1 2 2 1 2 2 2 2 2 2 2 2 2 1 2 1 1 2 2 1 2 1 2 2 2 2 2 2 2 2 1 2 2 2 1 1 2 2 2 2 1 1 2 1 1 2 2 1 2 1 2 2 2 2 2 2 2 2 2 2 2 1 2 1 2 2 2 2 1 2 2 2 1 2 1 1 1 2 1 2 2 1 1 2 2 2 2 1 1 1 2 2 2 2 2 2 1 2 1 2 2 1 2 2 2 1 2 2 2 2 2 2 2 2 1 2 2 2 2 1 2 2 2 1 1 2 1 2 2 2
147
1 1 1 1 1 1 1 2 1 1 1 1 1 1 2 2 2 1 2 1 1 1 1 1 1 1 1 1 1 1 1 2 1 2 1 1 1 1 1 1 2 1 1 2 1 2 2 1 2 2 1 1 1 1 1 2 1 1 1 1 1 1 1 1 1 1 2 1 1 1 2 1 2 1 1 2 1 1 1 2 1 2 1 1 1 1 2 1 2 1 1 2 1 1 1 1 1 2 1 1 1 1 1 1 1 1 1 1 1 2 1 2 2 2 2 1 1 1 1 1 1 1 1 1 1 1 2 1 1 2 2 2 1 1 1 2 2 2 1 2 1 1 2 1 1 1 2
2 2 2 2 1 2 1 2 1 2 2 1 1 2 2 2 2 1 2 1 2 2 1 2 1 2 2 1 1 1 2 2 2 2 1 1 1 2 2 2 2 2 2 2 2 2 2 2 2 2 2 2 2 1 2 2 1 2 2 1 2 2 2 2 2 2 2 2 2 2 2 1 2 2 1 2 1 2 1 2 1 2 1 1 2 2 2 1 2 2 2 2 1 2 2 1 2 2 2 1 1 1 2 1 2 1 1 2 2 2 2 2 2 2 2 1 2 2 2 1 1 2 2 1 1 2 2 2 2 2 2 2 1 2 2 2 2 2 2 2 2 1 2 2 1 2 2
147
1 1 2 1 1 1 1 2 1 2 1 1 1 1 1 1 1 1 1 2 1 1 1 2 1 2 2 1 1 1 1 1 1 1 2 1 1 1 1 2 1 1 1 1 1 1 1 2 1 1 2 1 1 2 1 1 1 2 1 2 2 1 1 2 1 1 1 1 1 1 1 1 2 1 1 2 1 1 1 2 1 2 1 1 1 1 1 1 2 2 2 1 1 1 1 1 1 1 1 1 2 1 1 2 1 1 2 1 1 1 2 1 1 1 1 1 1 1 1 2 1 2 2 1 1 1 1 2 1 1 1 1 1 1 1 2 1 1 1 1 2 2 1 1 1 1 1
2 2 2 1 2 1 2 2 2 2 1 2 2 1 2 1 2 2 1 2 1 1 2 2 2 2 2 1 2 2 1 1 2 2 2 2 2 2 1 2 2 1 1 1 1 2 1 2 2 2 2 2 1 2 1 2 2 2 2 2 2 1 2 2 1 2 1 2 2 1 1 1 2 1 2 2 1 2 2 2 1 2 2 2 2 1 1 1 2 2 2 2 2 2 1 2 2 2 2 2 2 2 2 2 1 2 2 1 2 2 2 2 2 2 1 2 1 1 2 2 2 2 2 1 2 1 2 2 2 1 2 1 2 1 2 2 2 2 1 2 2 2 1 2 2 2 2
148
1 1 1 1 1 1 1 2 1 1 1 1 1 1 1 1 1 1 1 1 1 1 1 1 1 2 1 1 1 1 1 1 2 1 1 1 1 1 1 1 1 1 1 2 1 1 1 1 1 1 1 2 1 1 1 2 1 2 1 1 1 1 1 1 1 2 1 2 1 1 2 1 1 1 1 1 1 1 1 1 1 1 2 2 1 1 1 1 2 1 2 2 1 1 1 1 2 1 1 2 2 1 1 1 1 2 2 1 2 1 1 1 2 1 1 1 1 2 1 1 1 1 2 1 2 1 1 1 2 2 1 1 1 1 2 2 2 1 1 1 1 1 2 1 1 2 2 1
2 1 1 2 1 2 1 2 2 1 1 2 1 2 2 1 1 2 2 1 2 2 2 1 2 2 2 2 1 2 2 2 2 1 1 2 2 2 1 2 2 2 2 2 2 2 2 1 2 1 2 2 2 1 2 2 2 2 2 2 1 2 2 2 2 2 2 2 1 1 2 1 1 1 2 1 1 2 1 1 2 2 2 2 2 1 2 2 2 1 2 2 2 2 2 1 2 2 1 2 2 2 1 1 1 2 2 1 2 2 2 1 2 2 1 2 1 2 2 2 1 1 2 1 2 2 1 1 2 2 2 2 2 1 2 2 2 2 1 1 1 1 2 1 2 2 2 2
150
1 1 1 1 1 1 1 1 1 1 1 1 2 1 1 1 1 1 2 1 1 1 1 1 2 2 1 1 1 1 1 1 2 1 1 2 1 1 1 2 1 2 2 1 2 2 2 1 1 1 1 1 2 1 1 1 1 1 1 2 2 1 1 1 1 1 1 1 2 1 2 1 1 1 2 1 1 1 2 1 2 1 1 1 1 1 1 1 1 1 2 1 1 1 1 1 1 1 1 1 1 1 2 1 1 1 1 1 1 1 1 2 2 1 1 1 2 1 1 1 1 1 2 1 1 1 1 1 1 2 1 1 2 1 2 2 1 2 1 2 1 1 1 1 1 1 1 1 1 1
2 2 2 1 2 2 1 1 2 2 1 1 2 1 2 2 2 1 2 2 2 1 2 2 2 2 2 1 1 2 2 2 2 2 2 2 2 2 1 2 1 2 2 1 2 2 2 1 1 2 2 2 2 2 2 2 1 2 2 2 2 2 2 2 1 2 2 2 2 1 2 2 2 1 2 2 2 1 2 2 2 1 2 2 1 2 1 2 2 1 2 2 2 2 2 2 2 2 2 2 1 2 2 1 2 2 2 2 2 2 2 2 2 1 2 1 2 2 1 2 1 2 2 2 2 1 2 2 2 2 2 2 2 1 2 2 2 2 1 2 2 1 1 2 2 2 1 1 2 1
147
1 1 1 1 1 1 1 2 1 2 2 1 1 2 2 1 1 1 2 1 1 2 1 1 1 1 1 1 1 1 1 1 1 2 1 1 1 1 1 1 1 1 2 1 2 1 1 1 1 1 1 1 1 1 1 2 2 1 2 1 1 2 1 2 1 1 2 1 1 1 1 1 1 1 1 1 2 1 2 2 1 1 2 1 1 1 2 1 2 2 2 2 1 1 1 1 1 2 1 1 1 1 1 1 1 1 1 1 1 1 1 2 1 1 1 1 1 1 2 1 2 2 1 1 1 2 1 1 1 1 1 1 1 1 1 1 1 2 2 1 1 1 2 1 1 1 1
2 2 2 1 1 2 2 2 1 2 2 2 2 2 2 2 2 1 2 2 2 2 2 2 2 1 2 1 1 2 2 2 2 2 2 2 2 2 2 2 1 2 2 2 2 2 2 2 2 1 2 2 1 2 2 2 2 2 2 1 2 2 2 2 2 1 2 1 2 2 2 1 2 2 1 2 2 1 2 2 2 1 2 2 2 2 2 2 2 2 2 2 2 2 2 2 2 2 2 1 2 1 2 2 1 2 2 1 2 2 1 2 2 1 2 1 1 2 2 1 2 2 1 2 2 2 2 2 1 2 2 2 1 2 2 2 1 2 2 1 2 2 2 2 1 1 2
