10
5
676437428 903889545 700650370 965758082 146716866 
676437431 903889567 700650370 965758082 146716866 
5
517457740 64600397 388618400 783268973 388618400 
517457797 64600397 388618400 783268973 388618400 
5
971452763 106948541 259878781 537741075 9504353 
971452780 106948544 259878781 537741075 9504353 
5
166814935 166814930 523598684 735284154 329924941 
166814935 166815019 523598684 735284154 329924941 
5
994023160 488812824 994023162 924287311 96730983 
994023162 488812827 994023162 924287317 96730983 
5
129813179 694461933 50255973 152913772 430760610 
129813181 694461936 50255974 152913774 430760610 
5
726186922 382486284 382486284 382486279 382486277 
726186993 382486284 382486284 382486279 382486277 
5
735098956 428141409 227381401 326189537 975797300 
735098958 428141436 227381401 326189537 975797300 
5
558042313 857454253 793626665 857454254 477849829 
558042320 857454258 793626666 857454254 477849829 
5
137552570 718038564 16979021 718038559 672516682 
137552663 718038564 16979021 718038559 672516682 
