10
5
462008700 417744555 925098328 70231697 547596413 
462008735 417744555 925098328 70231697 547596413 
5
294230630 403894618 294230635 403894620 403894617 
294230638 403894620 294230635 403894620 403894617 
5
757647830 757647826 757647828 184694646 161891480 
757647839 757647827 757647830 184694646 161891480 
5
43178954 540860154 540860149 800928388 800928383 
43179036 540860154 540860149 800928388 800928383 
5
78607482 78607485 78607485 537968607 421112528 
78607483 78607489 78607485 537968607 421112530 
5
216863722 216863722 805746734 216863725 216863721 
216863729 216863722 805746743 216863725 216863721 
5
488991875 31221377 695206408 31221378 624722872 
488991880 31221380 695206410 31221378 624722872 
5
689569209 573843975 829806519 321760117 321760113 
689569258 573843975 829806519 321760117 321760113 
5
174361921 174361926 976111434 141762982 470275968 
174361921 174361941 976111436 141762982 470275968 
5
188014203 410619350 631525595 329633522 630007919 
188014289 410619350 631525595 329633522 630007919 
