1 11712
1 630
1 192512
1 131
1 95
9 19379200
1 15760
7 624
33 129760000
1 199065600
1 3536
1 44
2 98125
9 31840
1 66400
1 1392
1 9994240
4 31484375
1 243840
9 838000
1 98880000
3 4925440
1 14
1 10464000
17 2071040
1 2270000
4 2903125
7 1222500
31 79488
17 288750
1 107000
1 45
1 115
1 64200000
6 773
4 109765625
7 195
59 111488
1 8460000
9 5320
3 90500
7 142031250
1 3648
5 203
1 15892480
1 7280
1 1240
3 793750
1 339968
3 484
34 479375
1 35
1 89375000
1 12646400
7 134560000
43 1012480
1 35584000
1 368750000
11 7950000
3 10703125
1 6
7 1248
4 108203125
1 44646400
1 6200
1 4656250
1 49375
1 91900
1 1380
7 234496000
3 8575000
1 362000
3 80896
0 1
1 5940
1 6112500
1 45
1 2176
1 1736704
1 270080000
1 338400000
1 125173760
4 441875
1 4582400
9 840704
1 134000
23 682
1 20200
27 81700000
1 448500
1 13800
1 3
11 23960000
1 6
1 16380000
1 214062500
77 576061440
1 56125000
1 8992
3 410240
1 452608
1 199200
1 284000
3 6200
1 952
11 1022400
8 13578125
1 147712
1 1832960
1 3080000
3 4450
7 3778560
0 1
1 456250
1 114800000
23 123
7 10650
0 1
1 4838400
11 1302000
7 15296
7 79700000
1 29440
13 240128000
11 37850
1 34304
1 368750
1 36406250
1 245600
11 796250
11 10534400
1 1376
1 9
1 11776
9 23705600
11 5740
19 884480000
7 93400
1 3732000
13 399218750
1 31
1 157280000
1 1249280
1 23
3 68288512
3 36782080
1 7328125
1 51456
1 834560
1 259522560
3 751000000
1 4040
11 28920000
1 515000000
2 565
1 63360
3 46858240
5 1779712
7 7264000
11 245120000
17 593280
9 78875000
0 1
61 911250
1 672
1 58496
1 137472000
8 955078125
1 139100160
3 222080
3 6850000
0 1
1 6850
1 1056
23 1234
7 7780
27 874000
7 242688
1 2375
1 140
4 176171875
13 4215000
21 138080000
17 31584
1 4546875
1 6
12 493
1 10300
1 1692000
1 8150
7 246720
11 3132
1 493750
1 12560
7 259686400
1 6
1 15400000
43 783000000
1 49
9 30218750
1 94921875
1 26080000
11 18620
1 2375
1 1740
29 15856
3 1030000
11 16825000
1 1645
2 164375
11 38984375
7 500695040
1 7360
7 167424
1 1360
2 377
1 3425
1 806000
1 45383680
3 1522000
11 338329600
1 368750000
1 54272
9 90875
1 608
1 7513600
3 24312500
1 2624
1 138
3 104320000
4 156640625
0 1
1 70
1 265600
1 11321344
29 760832000
7 33150000
13 12599296
7 256800
7 624
53 799200
3 61952
3 805888
17 4665000
1 828125
1 315200
1 56960
0 1
3 520355840
1 9824000
17 319040
7 249609375
7 41267200
4 8953125
1 465625000
1 107500
1 3680
17 115500000
1 2280
37 94880
1 1518400
17 29917184
13 108416000
7 53360
1 8608000
1 36416000
3 101406250
6 1071875
1 10480000
1 184375000
1 10800
1 35
3 1265600
1 4101120
11 4568000
1 6
7 35468750
0 1
11 88800
1 7
3 1975000
1 1960
17 1353728
0 1
1 14875
8 341015625
1 232
7 2268750
1 18
9 119296000
11 31456
1 13760
1 1605632
1 121984000
6 216875
3 28774400
3 66437120
1 11
5 124387328
1 369000
1 77414400
1 390400
0 1
1 114375
7 93600
1 600064000
3 72601600
1 741376
9 1626112
1 608800000
7 382156800
1 73750
17 113508352
9 31072
1 3792896
1 495
1 617600
3 1165000
1 68
17 1102
1 1216
1 12200
7 56492032
1 376320
1 6
1 6110000
1 27
39 2924000
1 991232
1 223232
1 678428672
1 339148800
7 1955200
1 946000
1 85
1 371500
7 53888
1 14
1 360500
67 39560
1 888
1 161600
3 130625000
1 568750
1 1008640
3 14300
1 20111360
1 4525
1 9100000
4 97125
21 242750
23 70696960
31 170200
3 201195520
1 70
1 52992000
1 36
1 24400
3 6200
0 1
1 3850
1 1300
1 13
19 1148160
1 5616000
7 13856
7 153616384
11 8928000
17 21478400
0 1
11 3116800
8 38375
1 15546875
1 83148800
1 11750
7 4116480
7 1236
9 134500000
7 911
1 2205000
1 58240
7 165632000
1 882900992
1 714400
1 10125
1 163400
3 80896
1 504365056
1 28
1 1590400
1 262000000
1 2169600
33 39232000
1 1009664
1 808
1 28600
1 67
1 82656250
1 297600
23 2457500
1 67600000
11 991250
11 3387392
1 784
1 1605
1 14
1 1216
1 115
2 13828125
37 395600000
4 109
1 4720
1 118
3 431489024
1 88
1 210500000
11 295200
3 5536
1 106430464
1 34360
5 9273344
1 435546875
7 384512000
11 88800
3 11392
17 1963520
11 27468750
1 38656
19 244160000
13 3517440
9 9650176
2 347
1 99375
23 295200
1 71250
3 1012
1 1075000
1 1962000
1 1888
3 98240000
1 92
1 255
3 49300000
1 650
1 118
1 32800
1 475
1 130
3 51520000
1 43687500
7 39520000
9 14450
1 429056000
1 73216000
13 48576000
31 19872000
1 12768
3 9424
1 14016000
1 290
1 36400
1 13500
1 11820000
27 451250
9 474500000
1 1990625
1 1226240
6 35234375
1 49200
1 464
5 949
1 104
1 22
3 39080000
1 91
3 1294336
16 14225
1 775
1 441600
1 70348800
1 184375
6 135625
1 87556096
1 13598720
1 1472
9 25360
1 23
3 11350
1 196875
13 37150720
7 562176000
1 95
1 147500
0 1
1 3
1 232
3 13647872
1 244
1 71500
3 1025
46 3103125
7 381000
0 1
0 1
3 1306250
1 16200
8 11675
1 11136000
1 416
31 29792
1 1335296
1 247808
17 219904
1 4640
1 45625000
1 24480
1 7730
1 764800000
1 325
1 124672
1 218890240
1 2720
1 220
1 54
1 40181760
31 3464
1 26800
1 1180
7 161250
1 272
3 384512000
3 7184000
3 3370000
1 1098240
1 261250000
17 138600000
1 85
7 60125000
1 366592
1 57
7 40384000
1 126877696
3 430899200
1 2432
1 45
1 336
1 1680
3 1594
1 158924800
7 14528000
1 7296
7 15088000
0 1
3 9020000
11 238500
1 6950
9 951040000
17 123375000
1 1350
3 3420160
1 216
11 1588000
1 3808000
1 25344
13 85100000
1 245
1 297000
1 488500000
4 2455
1 4850000
1 276
1 104
18 10475
7 1886720
1 4300
11 19476480
7 5971968
3 178
7 1565000
1 2425000
3 65680
1 24192000
1 692800
3 1550
11 1076800
1 66125
3 73856
1 13406250
1 1075
0 1
1 28753920
1 115
1 80960000
1 26125000
8 443
1 32400
3 874250240
1 417280000
1 9240000
1 8240
1 489472000
23 1077760
3 7960
17 29065216
1 228608
7 5925000
1 7912
1 2176
9 31989760
3 6195200
1 412
1 926941184
21 7192000
6 3235
11 385536000
1 4370
19 6970000
9 4415
1 38240
7 5340000
1 2150000
1 92
1 7
11 1529856
1 69600
7 97894400
9 48704
7 54528
1 29375
11 1665
41 341504
1 1948
1 2640
53 341200
1 24600
1 29655040
3 566000
3 416284672
23 59437500
1 25821184
1 162816
19 331640625
1 122240000
1 5046875
1 1264
1 79375
1 11680
1 399872
3 6775000
11 550625000
19 96174080
1 496875
0 1
1 1310
1 540
1 298240
3 51008
1 9
1 130
5 148992
1 2656
1 34
9 57125
1 416
17 17940
1 184375
13 17525
1 195
9 191488000
1 7888896
1 2488000
1 41472
23 36992
1 7654400
1 528
1 138750
23 556875
1 430000
1 1952
3 3020000
6 1034375
3 90125000
1 257425408
2 207
17 19759104
7 49100
7 5984000
1 72
1 275520000
1 827392000
3 457
1 11362500
1 776000
1 15840
3 61358080
1 5816
1 52
1 1592
2 8425
1 6
1 70
7 71843840
1 881600
1 360320000
1 1168640
7 5299200
3 263500
8 901
1 7520
13 18820
1 376
51 145326080
31 330800000
1 3046400
5 28934144
1 1418750
1 9446400
1 1756160
3 32200
1 27
1 124928
1 13240000
1 106
1 23936000
9 19760
1 6
49 16105472
1 308
1 2320
1 529296875
1 20578304
1 1072000
0 1
1 21888
12 269921875
3 53504
7 174609375
9 3496
17 813957120
1 1390000
1 1360
1 3502080
29 311500
7 479199232
3 2142208
1 8304640
1 5362500
7 830720
1 5947392
1 12750
34 21275
1 7400
1 310476800
1 35
37 68075520
1 3525
3 32800
13 2373120
1 26
1 1650688
1 361250
3 4490000
1 3
1 307
7 459800576
1 9400
1 1940000
1 1300
1 216
2 131
1 105250000
31 7770
3 20224
22 283984375
23 156139520
13 390144
5 682622976
24 56796875
13 843520000
1 1320
11 5970
17 63700
1 550
51 136160
11 674218750
1 5472000
1 7408000
1 31500
7 9970000
1 106800000
1 6
1 3
3 62656250
15 1382
1 117760
7 3436544
1 3620
1 1080
1 11375
1 145
7 5925000
21 283770880
3 4256
19 2417500
1 265600
1 36608
1 1450
15 963641344
2 603125
1 540
3 106624
1 36
1 1475
1 809600000
1 181657600
11 63616
1 9088
1 940
1 37632000
9 12700
11 15504
7 20172800
1 7840
1 48660480
7 1529600
1 129105920
1 97000
1 126464
1 6
1 152
3 34720000
27 39875
1 366080000
3 4172800
0 1
8 473
3 15390625
15 20704
11 389453125
1 675
1 11008
1 51712000
19 16288000
1 38880000
5 886
1 35
1 244800000
1 2007040
1 1548800
11 682240
12 12484375
2 169
1 62080
1 3440
7 18100000
1 35
3 241600
1 736
7 645000
17 2429440
1 8562500
11 982000000
1 535
1 236000
11 9952
1 217088
1 49250
1 3960
1 312320
1 36200000
1 4105
3 7930000
1 16138240
3 84125000
1 2232000
71 445952000
1 23
1 11730944
3 2854400
9 1038080
1 18500
1 765625
1 325
1 7766016
0 1
1 8250
53 21825000
1 396
19 545792
17 29720000
7 30259200
1 176685056
19 44350000
1 608
1 140
11 2276
13 117125
23 43468800
3 299218750
9 20120
7 6856000
1 55680
1 118400
1 23
1 107500
1 1216
1 243520000
1 8140000
7 724000
2 5359375
4 69625
5 103168
7 71
7 579000000
1 119000
22 899
1 249856
17 24280000
1 232
1 3827200
3 526400
3 7850
39 857000
7 10526720
1 6
1 248
3 905
13 6995968
1 64960
1 1175
1 14750000
1 784
1 35440
1 69200
3 283000
26 7546875
1 118489088
3 457179136
1 70500
1 16125
1 12240
11 8880
59 24975
13 126336
1 278
1 73750000
1 8920
1 18500
1 16625
13 155840
1 28928000
1 2585600
3 28573696
13 13776
3 224960000
1 490400
1 85
3 226918400
0 1
0 1
1 304640
17 1103750
13 1021440
7 9594880
3 26120
1 6625
7 18075
1 260
2 67578125
1 3550
4 571875
3 91136
1 46848
1 120422400
1 35
1 2736
9 5128192
1 356000
1 108032
1 2445
1 106
1 154624
15 11024
31 607360000
1 342016000
1 52
1 2432
5 1158
21 402944000
21 5457920
1 183040
1 8768000
1 1808000
1 1104000
1 23125
1 6
7 33669120
1 26016000
1 1360
1 24780800
7 841728
1 6560
1 25400
3 267520000
61 14580000
17 48512000
1 940
0 1
1 455000
1 1796
7 1828
3 1513600
17 14176000
1 490
1 114
1 430000
1 274000
1 18500
3 27656192
9 4771840
49 18460000
1 4864
1 92500
1 47600
7 24600
17 78960000
9 301000
5 3816
29 21975000
37 704800000
1 170
1 36750
1 6750
1 420
1 413000
1 1121250
0 1
31 175513600
1 6
1 240640
3 4885000
1 4640
19 11911168
1 127360
1 199
1 125600
1 315000
3 19360
1 138600000
3 1912832
1 118400
1 52
4 51625
1 163200
16 949
3 57548800
7 11968
1 18
3 366406250
3 395000
7 59899904
3 216015625
1 1932
7 604687500
22 2534375
19 1958
1 199200
1 23520
1 7448000
1 245
3 1628800
1 77000
1 458
7 1722500
1 76960000
3 82
25 1738752
19 1076480
11 17760
1 10750
29 27468750
11 892338176
49 499500
1 46
1 103936000
1 6880
7 6203125
19 53360000
5 1006
1 6750
7 6420000
1 530432000
1 10560
23 1291200
1 620
1 13300
7 390
49 13328125
7 709375
3 707200000
1 170
5 7446528
3 79232
9 361
1 1450
11 360857600
13 1025280
1 167
17 24550
3 421376
1 950
1 311875
0 1
1 4140625
1 870318080
7 5918750
3 31240000
1 32112640
3 846725120
1 3375
3 712
1 3950
1 28
3 2158592
19 347520000
1 374784
1 24600
1 351797248
3 24125
13 70156250
9 8540000
1 279040
11 3778560
1 5400
7 49150000
7 20256
13 22275
1 59520
51 846250000
11 365568000
7 11911168
1 171
1 42560
3 409375000
17 59300
13 41523200
1 299520
7 29625000
1 417857536
1 68608
1 7171875
3 13120
1 331776
3 2760704
3 22843750
16 903
143 15536000
1 1090625
3 163600000
2 154375
0 1
1 912500
1 590000
1 35
28 568125
1 590
1 70
2 371484375
14 14796875
27 258203125
7 321000000
3 121120000
1 720800000
1 168
13 3705600
9 21184000
1 35072
2 3015625
3 1234375
13 192102400
3 1445000
1 3
1 4249600
11 119000
1 2290
19 37560320
5 129499136
1 56640
1 223828125
1 278400
1 7
1 4625
1 708
1 37
1 12492800
1 58240
1 1008
9 48037888
3 3338240
1 9650
3 12400
7 23650
3 10300000
1 620
8 121625
23 20008960
25 1722368
3 20576
7 4823040
1 1950
1 26144
1 780
51 3404
7 40562500
1 236000
1 286250
1 158
1 5800
1 15984
3 62
3 4435000
3 974000
3 540160000
3 1312
3 2540000
1 201250
1 3952000
1 11488
3 73671875
1 7
1 104
9 673000
1 63400
17 748750
1 1175000
13 6299648
1 17140000
1 42880
3 97760000
17 5928
7 189600
11 3048
1 1424000
1 2232320
5 13408
1 7250
1 238000
0 1
3 67520
1 7080000
2 587890625
1 260
1 107500
11 96750
0 1
1 7176192
1 436
11 1278720
1 100352
1 13840
1 744
17 3812000
1 4736
3 1108
0 1
7 659000000
7 4290
1 3
1 13900000
1 16220160
1 18380000
5 109314048
1 18240
7 26960
5 1846
11 68550656
1 165
1 5900
1 553125
1 325
1 12752
1 2263040
3 143500
1 84
1 662500
1 440
37 858750
3 1415000
1 50688
1 13800
3 196750
6 605
11 84900
1 58000
3 77312
17 19050
1 30560
1 104
11 18600
1 2144000
1 65
1 3
1 3100
7 957440
3 37750
1 292000000
1 28
13 25369600
1 44600
7 1528000
3 12700
6 214375
3 76840960
7 33728000
17 444160
9 795607040
21 7216000
13 551813120
3 367360
1 3
23 144500
9 31750
1 1310000
3 20864000
47 8230
1 475
1 6625
1 708608
11 7104
11 14880
3 772000
9 222250
3 571250000
1 4562500
1 3046400
1 52
1 133
1 58000
1 9400
9 9236480
1 589000000
1 264800000
23 777256960
1 15180800
1 1904000
7 2566400
1 1880
1 18944
0 1
1 4340
3 6200
1 5424
13 55800
3 135156250
1 4716800
7 1248
1 46
19 14617600
1 30703125
1 24883200
1 1768000
1 134375
1 28
11 19320
17 18420000
3 824000
1 675
1 235000
1 31650
13 1134000
3 878000
1 1443840
3 5216000
2 11525
1 446464
1 39731200
1 982
1 62080
9 31328
1 5824512
1 496
1 272
1 348800
7 1636
29 1065600
1 323840
7 34324480
1 57440000
1 3
1 130
23 973750000
5 94336
5 15253504
4 311
12 17575
1 4567040
1 8680
3 709120000
1 14750
1 235000
1 3
1 33125000
11 80700
1 115712000
1 3
1 11
7 7802880
1 39
3 614000000
1 784
7 502661120
1 72800
1 1644800
1 5400
0 1
3 6995968
1 54722560
2 4155
3 836000
1 49
1 185920
1 36
8 314375
3 8830
1 55
7 624
7 359424
1 234
1 248
7 23700000
1 933000
9 56200000
1 19120
37 49875
0 1
4 4796875
1 6
1 11808
1 2208
7 238500
17 153437500
1 841728
3 2775040
1 337000
1 119750000
11 23800
11 183250000
3 59648000
13 30048000
1 6528
17 179800
13 37650
1 54720000
29 646093750
19 7770
1 416
1 113750
7 499
1 528125
1 484
1 95
15 56557568
1 98400
1 23360
11 609000
29 453750
7 2092000
3 68864
5 63700992
1 362000000
1 531200
11 142600000
1 2900
3 124
1 53984375
1 5900
1 853540864
3 40937500
1 572000
1 301056
25 2044
9 116750
1 1325000
3 578750000
13 180428800
5 7200768
1 103
1 19020000
1 11
0 1
0 1
1 55
1 80750
1 396160000
1 132300800
1 140
9 798437500
1 24525
1 4870000
1 40390625
1 25500
1 876
1 475
1 114800000
1 3
7 137109375
1 1233920
1 2700
1 92416
2 331640625
1 104
1 10650
41 115375
1 7250
1 13280
1 51456000
7 456800000
1 28
8 3009375
7 5357568
1 140
53 7192
1 502272000
11 26640
1 23750
1 3560
1 117500
19 17735680
1 12736
1 5800
6 463
1 120320
17 1618000
1 24084480
2 31328125
1 617472000
49 1123750
1 12880
1 386007040
1 35400
1 357500000
1 3
3 668800
6 10075
1 23142400
1 1675
0 1
1 6880
1 16435200
1 10800
1 211000000
1 70
1 6
1 21440
12 5171875
3 4064
9 63680
1 43515904
5 32636928
1 10125
1 110
1 293750
13 3718400
27 159500
7 299520
1 668000
1 57000
2 252734375
14 21675
1 3421875
9 58375
1 7850000
2 75703125
1 325
3 2480
1 597500
1 49280
13 11487500
1 28500
1 224395264
3 26083328
1 931250
1 159416320
1 208
11 498
3 9248000
7 35307520
1 857421875
39 385433600
9 15220000
1 95
1 6
7 148600
26 206640625
1 732160000
1 49
1 2498560
1 310400000
13 38320000
3 50432
1 48250000
1 71000
1 111200
1 6
1 3
7 1667500
29 159400
3 919000
0 1
15 1601536
1 7875
1 672
3 120200
1 120320
7 887095296
1 279040
3 311600000
3 5693440
17 31168
1 1179200
31 936250000
1 104
3 155
1 85
1 13856
18 4835
1 2072000
1 368500
9 93100000
21 3365000
7 490240
1 36
1 349000
1 17200
1 181043200
1 14
1 567500
3 139250
1 3
0 1
1 45350000
3 461500
1 15062500
1 24875
9 13647872
1 3976000
3 18268160
1 365000000
1 2150000
1 255625
1 582400000
11 6744
13 266403840
3 652000000
1 77400
1 675
1 3
1 1144000
3 290560
1 544
9 12176
13 118593750
3 644000
11 315904000
19 1815625
1 1072
1 5875
1 17664
13 15171584
1 45
5 86656
1 33996800
1 1465
1 42
0 1
1 686
3 316796875
13 21525000
1 2524160
1 238080
1 9856
31 14123008
5 746496
19 48192000
1 2700
2 3475
1 117
3 5140625
1 487000
1 1175
1 65800
1 9640000
19 82625
0 1
1 730000000
3 2017280
7 221093750
3 1208
1 6016
11 7144
1 23750
1 4370
3 8090
1 173600
3 35600
1 552000
1 330
10 469
3 161792
17 3196800
4 5921875
1 290
7 46880
1 231936000
3 7389184
1 3227648
2 11734375
1 33125000
11 27550000
1 7424
1 83600000
1 10600
1 8422400
1 4720
1 70
9 10280000
1 22300000
3 10688
3 5024
1 73000
3 382976000
9 145162240
1 3940
1 3
5 98048
1 467187500
9 1396000
79 23987200
7 92416
4 642578125
1 2003200
13 777216
1 2176
3 219531250
1 57472
1 1140625
3 225920
13 15856
1 76288
1 18625000
1 66
1 96250
7 3244800
17 656800000
1 9472
11 36986880
16 52421875
9 872960
7 44720000
1 101171875
3 198705152
1 16750
5 434110464
23 49200
7 107776
1 54231040
1 292000000
7 18309120
11 8110000
28 2071875
1 4623360
43 6970
1 7734375
1 20650
9 149609375
1 12125
1 10600
1 310
1 10560
3 1652
1 163500
23 984
1 3020
1 34
1 4064
1 61997056
59 6072
16 12984375
17 18309120
1 260
1 259522560
1 28
1 8560
11 8930
3 922624000
13 232320
1 6
1 27160
3 1312
11 8225
12 15175
1 808000
1 82
12 3935
5 439808
1 4750
1 231936000
1 7
1 1088
1 8650000
3 59120000
1 210534400
1 125440
8 570625
1 68608
6 583984375
2 162109375
4 33046875
1 38656000
1 462080000
17 341250
1 28
1 168
1 1620000
9 75280
1 442499072
3 159500000
28 22775
15 1742
1 236800
1 1414400
7 914358272
7 990625
1 44200000
5 1294
1 2432
1 5400
1 358203125
1 173600000
1 58400
1 3168
1 5875
1 418560
1 13360000
3 4832000
1 267578125
7 1815
1 148275200
8 2959375
17 436800
1 202500
1 1132800
3 102812500
1 142336000
1 3
3 586240000
1 846000000
3 2195000
3 78200000
1 6356992
3 912109375
11 837000
2 33828125
9 595840000
1 5849088
19 13980
1 3131250
3 40448
1 1265
1 3712
7 29921875
1 34400
15 21594112
3 79
1 14500
1 6125
1 583
3 410624000
2 154375
3 309760
3 1774
43 570240000
1 34250000
1 310400000
3 38440
1 58700
1 130500000
1 151360
1 17800
1 2720
19 139360
1 97000
1 1620
3 1975000
11 305280
1 8937500
1 584
13 26906250
1 28400
19 5162500
13 61187500
1 614000000
3 144400
1 523520000
0 1
9 415760384
15 18546688
1 26796875
11 8930
1 3160
1 70144
1 202500
1 4720
1 3104
1 16300
7 554240000
11 24678400
1 921875
3 75546875
1 19440000
1 134500
17 16039936
0 1
7 730880
1 60866560
1 23950
9 102016
5 159121408
1 228
17 15712
7 156
1 1412
19 28448
1 3012500
5 63700992
1 248
1 208750
3 20787200
57 58062500
1 1480
2 1340625
23 932800
9 1592500
9 95744000
0 1
1 16998400
3 33050000
1 195
1 53
3 899000000
0 1
7 85811200
7 3225000
0 1
1 1300
3 32125
7 1990656
5 99584
0 1
3 2825
7 30592
23 7398400
1 481280
11 13220000
1 1450
8 38375
11 1908
1 32440320
1 1296875
1 2850
1 4864
1 136
1 26476544
3 656
1 2013184
31 13552
23 104875000
11 108320
1 1958000
1 39875
3 4530176
1 21300
8 14671875
10 459
1 21
1 152
1 157000
1 30960000
13 14775
1 9656320
1 305
11 63692800
1 1443840
1 49280
5 209152
1 3211264
1 388
3 1652000
2 26375
1 6
1 20250
1 58320
17 1842000
3 1262000
17 1568750
1 1296000
31 1914
1 3100
3 1548800
18 76796875
1 125173760
1 44
1 2937600
1 355
8 118359375
8 6359375
1 684800000
3 3145600
7 1846
9 9031250
3 1772000
1 5800
11 5950
1 236978176
7 70750000
1 2040
0 1
1 96337920
1 293750
14 4535
5 5232
1 9360
44 24825
1 80400
1 19824640
1 680
1 246528
1 42
13 865234375
1 921875000
1 3860
1 3104000
1 726016
28 6390625
3 643750
1 34250
1 192512
3 122800000
3 484311040
1 21680000
3 79375
2 548828125
13 14704640
7 7769600
3 208437500
2 11171875
3 4100
1 43000
3 100960
1 120800
14 841796875
1 62208
1 82227200
1 5369600
1 319375
1 4578125
1 11875
1 16220160
1 272
9 1632500
23 6030000
1 9379840
1 411566080
0 1
1 217579520
1 688
3 20050
1 120160
1 63125
5 729
53 46596096
1 547200000
9 231875
9 3078400
9 585236480
1 14750
1 93440
1 5280
1 7650
1 35
1 254976
1 155200
1 123250
9 37560320
0 1
1 36960
3 163750
23 91093750
3 30200
27 184250000
1 76300000
1 70
11 59520
1 283200
1 1503232
17 11123200
1 80750
9 5464
1 103840
1 5406250
16 9203125
27 817000000
9 5930
1 4750
1 640286720
7 413440
1 148800
19 3272704
1 144
21 47440
27 21856000
17 8730
7 230500
23 4059136
31 209453056
1 3846144
17 203571200
1 992256000
1 54394880
1 1300
1 215
3 881
9 462080
7 97792000
1 3
11 867840
1 35250
1 514062500
1 71434240
1 475791360
3 6550000
1 2332000
1 72
1 136
11 964608
1 479723520
1 1488
1 2700
1 157000
7 285736960
3 1240
1 182500
1 620800
7 96200
1 33200
1 616
1 2848
1 1640
1 2176
3 80896
3 22681600
2 470703125
1 3
11 60125
3 128515625
3 68096
1 42250000
7 15351808
1 388800
3 9809920
1 6
1 1300
3 2480
7 23449600
17 509440
1 54784
1 49
1 540
17 873600
2 12425
19 851000000
77 639360
1 6208000
11 796160000
1 87031808
57 101089280
1 6
1 102
1 811520000
23 8275
9 4681250
1 19156250
1 3
1 4628480
1 26960000
7 21640000
23 25720000
23 190750000
7 6118400
1 2650
7 4188160
7 62750
9 146240
7 66682880
1 44
1 7
1 269000
13 19325000
16 74296875
3 5536000
11 22906250
1 5081250
3 257500000
1 1840
1 1056
17 28760000
1 128750
9 47744000
5 126208
63 41420800
1 10560
9 3784
4 937
1 33
3 31840
3 72400
33 125696000
7 1481250
1 5700
5 926941184
1 17875
1 2176
17 70942720
1 8840000
1 27520
6 846875
7 148125
1 925
1 970000
1 733184
1 12700
1 1180000
1 72
19 47920000
1 230468750
7 875200
1 59625000
5 7184
1 1736704
1 308
1 1825000
11 439040000
0 1
1 33152000
3 106375000
1 19120000
1 134000
9 511000000
7 439200
17 474500
37 19460000
1 761600
11 1523200
7 19640
1 169984
1 502400
11 60703125
1 191
1 392500
1 6
1 18500
1 29000
7 1636
1 3484
7 59440
3 66160
1 10880
1 2344960
1 368750000
1 32112640
3 37880000
1 401920000
1 42625000
1 33125000
1 103680
3 462400
1 550
1 28
47 55280000
1 1950
7 496250000
7 1436
1 122
19 162250000
1 676000000
1 6
1 2976
1 3
1 1425
1 2650000
1 14500
1 1080
24 330859375
1 39808000
1 14
1 21
5 4067328
7 20920000
3 322000
4 529
7 6140000
31 109125000
3 2672
1 15680
1 245
1 10304000
13 3824000
1 712500
7 184500
13 126848000
1 236500
5 439
3 13216000
1 23552
6 326875
1 101875
13 71120000
1 111500000
1 18600
1 774400
1 144
11 45696000
1 3564
1 269921875
3 332500
1 23712
3 8440
1 212
1 63100000
1 1102
1 32178176
11 38046875
1 65699840
1 190
1 11275000
3 174250
1 12600
49 201064448
1 59179008
1 2944
23 25568
9 16625
1 14233600
0 1
1 64160
1 1936
1 105
13 19850000
1 801112064
7 8785920
1 8576
14 4945
1 275
27 393200000
27 143840000
23 333203125
3 77312000
1 30600000
1 1300
14 389453125
1 69375
9 639795200
1 12492800
3 1130
1 272
15 1618
1 34800
1 146
13 405667840
37 154531250
9 4016
1 3275
1 1480
19 66300000
1 14480000
3 40042496
1 131
5 102656
1 316160
27 14096000
3 323584
17 1155000
3 1632500
1 2675
9 72613888
1 740
3 171827200
1 245
0 1
3 2024960
9 37421056
15 64946176
1 170
3 845000000
3 98875000
1 20187500
1 588
2 534375
1 1420
1 561250000
17 291520
1 144
18 183203125
9 97400000
3 347500
23 6856704
7 13455360
1 36
1 4700
11 203776
7 3448000
3 2050
5 169
1 416
1 608
11 62062500
11 490240000
3 867200
11 257200
7 3550
3 7825000
1 7360
47 797
9 19189760
7 978125
1 19276800
1 435159040
3 386252800
23 576061440
32 4715
1 7875
3 26048000
1 710156250
31 280312500
1 401408
3 54875000
2 149
1 28192
1 519045120
3 260833280
7 28256000
1 17560
1 1376
1 135
3 1165000
1 47000
1 33
3 22960
0 1
1 73000000
11 325632
11 1693696
1 77578125
4 366875
1 432
1 314000
9 439040000
1 25856
19 158240000
3 868750
1 46
17 613600000
1 15760000
7 530022400
1 35625
7 81125000
1 238000
7 2645000
2 4546875
7 758
1 10772480
7 28625000
11 9753600
1 58880
9 21280
1 100608000
17 71920
1 2443750
11 1116000
1 47000
0 1
1 32640
0 1
0 1
7 142868480
11 815923200
21 51136
2 571875
3 2620000
23 357031250
2 1035
1 560988160
1 178800
1 336
3 620
1 158597120
1 59600
5 226
1 435159040
1 55040
0 1
1 21120
1 197500
7 984678400
1 67000
1 226560000
7 194048
1 3
1 168800
19 113115136
1 211000
29 2165760
3 5004800
13 48900000
12 52375
3 1028750
24 24425
1 81
1 8350
7 270848
1 286080
1 136960
11 599375000
1 15040
3 442000000
1 3
1 7100
1 28
11 321484375
1 140
1 10219520
7 15350000
1 28
7 59968
23 388400
9 214375
1 149000000
7 3936
3 2086400
1 1270
1 7716864
1 403840000
1 5168
13 14980
29 11728000
3 508000
1 145120
11 10190848
1 11018240
1 28704768
23 3324
13 32342016
7 12325
1 184
1 4020
1 214687500
3 603125
1 12280000
1 368
5 463470592
1 615040000
5 3076096
7 3790
1 1036000
17 41550
11 1190
1 980
1 10878976
13 4255000
1 490
1 48984375
1 333824000
1 199168
11 104250000
1 12125
1 71200
1 87424
4 521
3 3385600
1 12544
1 70
1 68500
1 35
9 79840
37 110336
11 2584576
1 2290000
1 87296
3 774400
7 154240000
3 90800
1 1462272
1 510
11 74700
7 22700000
1 544
15 41549824
1 2112
1 1160
9 11725000
1 4625
5 1124
11 420480
1 271974400
3 53632000
3 93716480
17 72421875
1 195200
1 2375
1 267578125
1 16550
1 964608000
1 79500
3 447741952
25 6078464
1 153125
3 89200
1 37184000
1 448750
1 9664
7 242400
23 842
11 40650000
1 1075000
1 6560
7 82048000
1 707200
11 2503680
1 19906560
1 516
3 1937408
11 2039808
1 3856
1 348
7 881600000
1 22812500
15 2514944
1 3
27 833000
1 1632256
1 144921875
1 690
2 15078125
19 4115200
1 7
19 336328125
1 13100
1 153000
7 266250
4 2790625
7 586240000
1 92
3 16400
1 8576000
1 9360
1 20125
3 3289088
3 4840
1 5136384
11 238671875
7 7961600
9 49150000
1 474480640
1 485
3 1613824
7 13940000
3 81500000
17 3886080
7 18176
1 9175000
3 275600000
1 212
19 10484375
1 5865472
2 23203125
3 201728
1 343040
19 698613760
1 33
17 66457600
11 101248000
3 226816
1 19
3 8087500
1 105216000
1 680
7 19980
2 587890625
3 24704
9 147800000
1 72192000
1 5440
13 551000000
1 3575
1 187392
3 3860000
1 818
1 14
1 22080
3 129062500
3 44400640
19 60390625
7 221440000
17 635200000
1 88
1 10995200
8 11921875
29 738750000
1 272
3 2412500
1 430
7 3992
1 1582
41 677600000
11 2352640
1 1960
1 1825
11 216924160
1 14750
1 26700000
7 36224
16 200390625
1 10880
11 796800
1 55781250
1 88
1 18240
3 5281250
1 185139200
13 20325000
13 123008000
1 182
1 2892800
29 1974000
21 999680
3 229888000
1 775
1 22240000
7 847872
13 11975
1 99375000
1 624640
1 920
3 181534720
17 3062400
9 803200
1 382
1 2175
1 20250
1 2744
3 203776
1 836000000
3 13040000
1 650
1 366
1 5720000
1 14875
17 1417600
3 1975000
1 81305600
1 2480
19 2800640
3 9809920
9 499840
3 869000000
3 8046875
24 483125
7 199600
0 1
1 115840
7 115968
3 10784000
13 76880
1 1360
3 18907136
31 919142400
37 1518400
1 680
11 8370
1 205
0 1
1 1075
17 40181760
1 935854080
47 256562500
1 369
11 1488
4 2725
1 72640000
11 196500
3 193600
3 14450
7 169574400
7 96400
3 5740
3 1849600
1 221440
11 12384
3 6688000
1 38144000
3 277
3 241280
1 540
1 46750
1 310
3 16720
19 1996
13 680800
9 85120
1 264960
1 17400
1 1360
3 5576
1 1030400
1 759169024
1 912
13 4395000
3 13376
7 562400000
59 988807168
7 13560000
1 3
7 9820000
7 123392
1 630400000
1 7520
0 1
1 18875
11 10199040
3 1685000
13 564224000
1 260
7 414208000
1 23552
7 1126250
0 1
7 785000
1 6
1 6
3 45568
11 1190
37 716406250
7 3624
1 4736
1 2176
1 894531250
1 27197440
15 112590848
11 487000
5 19776
1 69400
1 533463040
3 802
1 3920
1 9536
1 1239040
3 22220800
5 15344
5 569
1 6425000
7 1222500
3 266500000
43 6924800
3 15350000
7 30784000
23 727343750
1 2416
1 34240000
1 650
1 5280
1 106880
1 168
1 107
3 178380800
1 32265625
1 15400000
21 598343680
1 550
1 4750
1 315200
1 109440
73 114875
1 82875
1 248
1 401408
9 62144
21 36080000
3 1141760
1 132
1 41472
23 60234375
1 2075
1 950
0 1
1 657500000
0 1
11 282560
3 7120
3 2473984
7 253437500
1 325
1 7
13 490496
1 12520
1 1997500
1 6784
1 27392000
11 512229376
3 1162240
1 9125000
1 137216
19 538125000
1 210
3 51520000
1 815000
1 121651200
11 32720000
43 15417344
11 609600000
1 36
13 6252800
1 1696
1 21125
3 64102400
1 9728
5 61079552
1 33
7 41811968
17 279552
3 862978048
1 2016
34 4015
11 539520000
1 29
1 275
1 308
8 1215625
1 162816
1 11776
1 230424576
4 25875
1 213811200
1 17400
1 2050
1 962560
13 986112
3 1294336
17 27488000
13 32550
7 266562500
1 129280
1 155078125
3 428750000
2 248125
3 163750
9 423040000
1 1084000
1 2324000
1 87031808
2 3453125
1 55
1 274432
1 33125000
4 291875
1 210
7 13248000
1 70
7 35500
1 6408000
7 16950000
39 9910000
3 24704
1 186
19 1916000
11 927500
1 4416000
23 546560
1 962068480
1 981401600
1 587500
1 94140625
1 26200
1 18500
3 13540000
1 32640
17 18657280
1 3
1 6784
1 66
5 504832
9 12620
0 1
13 40089600
1 184375000
1 950
7 599040
1 68
7 7585792
1 49766400
1 112896000
5 148373504
7 1672
7 8208
1 6
1 6
1 570880
1 45
7 45400000
7 438500
9 615200
49 398500000
2 23625
1 496640
11 167400
1 1856
9 5540
1 649
3 34750000
1 22
13 13540000
1 515072000
21 5642240
9 3964
1 71600000
1 65208320
1 86
17 14576
9 50708480
43 951296000
1 145920
3 283648
1 296
1 70
3 12775000
1 20400
1 7300
1 3680
1 18500
1 37350
1 392800
1 6
1 368750
1 708
1 29300
9 43150
23 43072
11 41881600
1 3
2 95375
3 2857600
0 1
1 536000
1 1550
1 11174400
1 170
3 21125000
7 766
1 775
1 8256
9 635000
1 3687500
1 7
6 1478125
1 32700
2 4775
1 110
1 796
1 10080
1 21400
1 5300
1 81592320
44 2409375
37 12015625
1 241875
7 96100
23 2155520
1 5888
13 538125000
0 1
1 168
7 568000
1 11300
1 50250
1 275
1 18
0 1
1 275
21 593125000
1 71761920
8 4035
3 112600
1 50160
9 111040
11 9970000
19 1251200
3 75008000
9 694
1 98
1 409375
7 4171875
33 6086656
1 92
7 140640
1 171520
1 296
1 1253376
1 12928000
9 49400
9 3545
1 4725
7 599680000
9 1388
11 923000000
1 3260
35 11488
1 325760000
3 23120
1 99
1 196096
73 200908800
3 273500
21 709885952
1 13156250
1 65
2 180078125
1 460937500
1 6
3 25360
1 45812500
17 173500
1 466000
7 325760000
1 7938048
1 197500
5 103168
19 1091840
1 340
1 528
1 3110400
3 3170000
7 6544000
1 774400
7 67338240
3 43663360
1 85750
9 10040000
1 324800
17 31328000
13 3036000
3 410
21 31227904
1 10900
13 56384
1 64500
3 13360
1 57147392
1 6120
27 1518400
1 374000
7 62375
1 21500
1 72
19 21939200
7 387
3 16150000
2 572265625
1 187800
1 550
1 36400
1 310400000
1 1364480
3 302
1 7734375
1 14
1 1300
11 31125
1 485600
7 1889280
13 74624
7 1542400
12 124609375
11 37200
1 1820000
1 7315456
1 5040
1 26
7 41280
14 113375
1 277504000
1 8883200
9 221200
1 29200
1 619520
1 204000
0 1
1 423000000
1 470
11 3804
1 1425408
3 103040
51 326696960
11 8099840
19 1284800
23 7672000
1 23125
1 99375000
1 24625000
1 377651200
4 521875
1 873600
1 65234375
1 366080000
7 501600
1 470000
1 775
1 35
3 251875
1 4624000
17 200750000
1 44544
1 787742720
1 386250
33 1412800
1 167500
1 36
1 10880
11 30450
11 248800
1 608
79 11993600
1 11024
11 23884800
1 36224
9 93800000
1 68608
17 3953125
17 2310000
11 251875000
1 1240
3 178
11 1316800
7 179400
7 3900
53 83660800
2 31328125
3 2225
1 1075000
5 133376
1 79953920
1 732800000
3 13675000
0 1
1 595200
7 5316608
1 4280000
29 1492800
1 245200000
1 13120
7 15820800
4 1690625
1 228750
1 676800
9 90250
0 1
19 339600000
1 79400
1 2656
5 71552
9 867500
1 55
3 7904
1 11600
1 52
1 136
1 2029568
21 438125
47 115040000
29 7590400
0 1
11 23850
1 195072000
1 542400000
5 7307264
11 2976
1 3475000
1 9633792
1 2552320
17 12432000
1 895000
1 29655040
1 208
3 44200000
4 759375
9 5776
49 266562500
3 3248000
1 5880
25 21397504
7 11700
3 4551680
3 3280
1 5328125
1 111200000
1 475
1 39250
1 36
1 840
1 1290
3 12880
1 28
6 1178125
1 2700
1 3720
7 41375
7 103168000
1 354400
1 109062500
7 39520000
2 646484375
7 76400
1 1640
8 71625
3 140480
1 25718750
19 17020000
1 2171875
1 198
1 68608
1 16547840
1 8544000
1 1190400
13 2131200
3 10112
1 182500
37 31920
1 18800
13 33520000
19 284480
9 79843750
3 1613824
17 460288
23 351200000
1 1680
1 36
1 26
1 68
43 172200000
29 13904
13 34609375
2 193
4 1315625
1 50240
1 3546875
1 172265625
13 411136000
3 281875000
1 1345000
33 107875000
8 5890625
1 45625
1 109312000
1 152064000
1 416
4 821875
35 9650176
1 54394880
13 111001600
7 134676480
1 167400
13 42300
1 70
5 163315712
11 260308992
0 1
1 456704
1 8760
1 70
1 2700
1 7184000
1 64375
1 5400
4 329296875
9 7288
3 11984375
1 2063360
1 248750
1 3660800
1 374400
3 101093750
1 971250
11 483750
1 3
9 682400000
1 3760
1 6
13 54900
21 1364800
11 476000
1 1360
1 14
11 48720
11 1838080
7 796672000
1 36
1 23
17 1298000
17 462
1 88
1 268
3 16460
1 6
1 194
17 6252800
1 1712500
1 564
1 40600
0 1
9 234752
7 1420
7 187750000
1 3260000
1 233280000
1 83456
7 91904
51 240250000
7 3578125
1 405504
7 8520000
7 290800
1 94720
1 3312500
23 554880
1 3950
1 5150
1 144640
1 104
6 83375
31 67747840
3 1609375
11 20150000
3 373000000
1 79298560
1 264
1 14600
1 22
1 95
11 903750000
17 60234375
6 14703125
3 6455296
1 44
6 33671875
7 8850
13 50872320
17 102812500
1 395000
1 12200
13 61375000
17 155500000
5 76544
13 1044800
1 700800
1 84736000
1 36
1 2900
7 6574080
3 12859375
1 395264000
15 232259584
1 43
31 3176000
1 3
1 2900
1 374784
8 951
1 470400
1 3
11 5968
3 1235200
23 359936000
1 73000000
3 1780
4 3605
1 51712
1 24125000
1 620
3 21536
18 2915
23 24600
1 10073600
7 541696
1 185
1 696000
1 76
1 540
2 8171875
57 1722368
3 3596000
3 7960
17 41050000
5 10336
1 86800000
7 50069504
1 83840
9 2644
13 88309760
3 302000
1 12672
17 28868608
1 461500
3 9651200
1 14
1 3648
23 4435200
1 54080
1 241254400
3 12437500
9 16925
23 343552000
3 133281250
1 333414400
7 3620000
23 738750
71 508416
1 155
1 18
1 7424
0 1
31 511488
2 613125
32 987
7 1290000
7 1538
23 1997500
2 38984375
1 7567360
1 31
7 175200000
1 94822400
2 221
9 441500000
1 32800
1 362086400
1 33200
3 13700000
7 355
3 627834880
1 401408
3 101500
1 60672
1 8928
1 14
7 11350
1 9760
0 1
1 326500
7 29024000
1 1872
1 1460000
3 593600000
1 95
11 148750
1 662500
1 25468750
29 4039680
27 938750000
1 9728
14 65859375
1 496640000
5 827326464
1 62080
1 7
1 38707200
1 6
1 6
1 70
28 72578125
7 9140000
9 541600000
1 1510
1 1886208
1 11
7 17700
1 11968000
1 13465600
1 668160
1 1132000
3 1239040
1 1072000
3 142400
13 526250
1 10920
5 13910016
1 3008
1 2584
23 562560
3 102195200
54 618125
1 35625
8 961
1 27656250
1 18513920
1 19300000
1 656
1 65
13 524375
89 192307200
3 3987500
1 124160
2 289375
4 185625
1 1980
7 8875
1 7448000
1 144
1 4175000
13 807680000
11 571392000
1 20400
23 221696
1 2176
1 542968750
1 37960000
1 9040
1 440
1 95
34 4655
11 52166656
1 1825000
11 313753600
1 20326400
2 5734375
13 3144
1 1130
5 96384
3 49408
1 3460000
19 227803136
11 7210000
1 16400
9 20562500
1 10880
3 522500
1 4012500
11 377000
17 1526400
1 721920
1 41800
1 505
1 45875
17 767590400
1 3
11 27232000
43 1602500
3 64375000
7 36700000
1 765952000
11 131858432
1 70
1 45800000
1 15024128
1 355840
4 2609375
1 468
7 382566400
3 732800
1 23296000
1 301120
1 45
11 1511424
3 63040
1 686080
1 3160
1 50176
1 708800000
2 6921875
1 475
1 72
13 84869120
1 1103125
1 68943872
1 271484375
7 24600
1 208
1 1160
9 265011200
3 2222080
1 1840
3 89500
13 589000
1 46
5 438
7 3225000
1 1464320
0 1
1 55
1 6625000
0 1
1 42560
11 21792
1 104
7 178585600
1 652000000
1 68
1 12048000
13 12057600
6 2565625
13 21792
1 3240
3 58625
1 3
1 3123200
3 3092480
4 14671875
1 336
11 31100
0 1
1 48320
17 128200
37 358088704
1 41875
1 3264
1 142
1 206
17 13880000
13 7664
11 4985000
3 83600000
1 104
2 66875
7 47872
11 79500
1 342000
1 3184
1 81400000
0 1
1 8580
7 405760000
17 4520960
1 70
7 5680
1 9937500
1 9408
23 957349888
1 310400000
1 517600000
1 8240
1 110625
3 43906250
1 18
1 3
3 8200
0 1
1 2140625
19 4552
1 50625
1 4750
1 208
7 395200000
1 536
1 10560
1 7570
7 2745600
3 158
1 5875
1 6
1 42905600
0 1
7 233920000
1 186500000
7 351000
17 74700000
1 2440
1 70
11 81800
3 78560
1 430
1 13120
1 3296
1 11125
3 10093750
1 140
3 1210880
1 19220000
1 445440
3 164
1 372
1 11840
6 344921875
31 79800
1 193000
1 34880
2 69140625
1 99
3 1354240
1 2976
1 21500
9 456500
5 349
3 4304000
1 36
1 26
1 110
7 2952000
11 11480
1 267200000
1 416
1 15892480
11 1836000
19 536320000
1 242500
3 21217280
1 2498560
11 4760
0 1
9 2540
7 20640
91 2557440
1 806250
1 216
43 46150
3 2110
3 310
3 88700
11 31872
1 174720
1 56937500
1 4125
1 28320000
29 135520
1 1004800
1 2336000
9 16150
1 14991360
7 312
1 566400
1 97600
11 654400
18 31015625
1 62336
3 836
1 85
7 17244160
9 4064
1 76
1 132400000
1 10790400
3 16192
1 32187500
2 903
3 12313600
1 96896000
5 2024
3 410
1 107840
1 180800
1 3039232
5 21168128
31 829
3 828416000
1 590000
1 3712
2 23075
1 882900992
0 1
1 98
1 72
1 711720960
7 9475000
1 110
23 425197568
1 55
7 26944
5 541
1 36
9 133
11 62200000
19 479000000
11 178560
13 2759375
1 464
3 441250000
3 801280000
9 3387392
1 121856
4 2165625
1 365
1 3096000
1 28573696
1 9537500
1 31440000
7 766000000
1 46093750
2 113
11 12569600
11 74375
5 354304
1 225600000
1 104
1 14800
19 930816
7 219648000
3 11509760
3 1756250
3 9804800
7 249823232
37 1974400
13 677343750
1 921875
3 1808
1 12441600
13 91900
1 125625
1 266076160
1 2176
1 66250
3 458000000
1 44
1 18534400
11 165250000
1 54
1 1380
13 5587200
11 7792
1 99532800
19 1038080
3 180160000
3 4499200
1 2700
27 12175000
1 577500
13 29550000
14 531
2 1696875
1 7
1 4014080
1 1111040
43 60562500
3 142592000
7 3900
1 339148800
1 3063808
1 4997120
1 175680000
5 29152
19 134200000
1 61184000
8 2455
1 36
0 1
1 16300
1 15680
1 88800
1 55
1 132
9 25272320
0 1
1 486000
1 72
1 842240
1 36
3 352768000
7 234
7 12256000
1 84672512
11 215234375
59 3372000
1 4240
1 39375
1 203750
1 36
3 504832000
3 93125000
31 72720
1 137600
1 602112
1 1699840
7 4530000
1 956416
0 1
1 80478208
1 3100
1 1680
1 2375
3 123904
1 49408
1 30624
9 2665625
0 1
1 19
4 2178125
1 454
1 323200
1 164352
13 1404800
11 74400
1 16056320
41 75680000
1 3
1 114500000
1 36
3 15350000
1 16600
1 45
1 646000
17 255312500
1 234291200
47 943000000
1 293750
1 1974272
1 905216000
1 62080000
3 378368
5 9888
1 2400256
16 413
1 43400
4 45375
1 325
2 3725
3 775
1 9440
2 291
1 102750000
1 61931520
17 294720
1 46284800
11 1590000
5 33619968
31 766400000
0 1
1 196
1 65078125
1 9440
1 1635
1 159907840
0 1
1 8012800
11 355500000
3 482560
1 40448
1 87
1 27968000
1 2900
1 1696
1 69
1 128750000
7 118528000
7 18960000
7 29376000
1 662500
1 516423680
3 62187500
3 4937500
21 120750080
1 54394880
1 240640
1 892
15 3304
1 2975
1 398080
1 95
1 1640
1 35
1 19750
7 160800
2 15515625
1 6
17 257031250
3 1265
1 366592000
1 7008
1 45
9 3388000
1 122200
11 725760
9 5320
0 1
3 64552960
1 1490
18 14734375
1 170
9 10160
1 30880
2 231875
11 1488
1 825
3 328
1 1904000
1 2944
3 68096
17 55375
7 71
1 28
4 437
13 18575360
5 389
1 240640
1 1556000
1 805000
1 103360
17 4445
3 2728
25 119424
1 2728
1 627507200
1 2185
4 3045
11 249750
1 12900
5 7233536
1 4603904
1 284800
1 1609375
1 164
33 11537500
1 244160000
1 3392
42 11984375
1 7740000
1 94500
4 4715
1 19720000
37 7055360
1 40448
1 26875
1 31280000
6 905
0 1
3 2640625
1 930
31 4005000
19 858880
41 842000
167 19980
7 3900
11 243840000
1 1032
9 72109375
1 25088
3 3560
31 18260
2 21275
8 343
1 18048000
3 13718750
7 195
1 29440
1 4860000
37 399500
2 100390625
7 24448000
3 424345600
1 1003520
7 710
1 6782976
1 114176
1 23120000
1 289792000
1 323584
7 402
11 106624
1 1203125
1 3100
1 140
11 3046400
7 526080
17 10015625
5 90624
1 23372800
11 2775
1 458000
1 7147520
1 98816
7 23363584
1 52640000
1 1450
3 2037500
1 132
1 31
1 422000
3 293000
1 1184
1 608
1 3211264
3 842187500
1 2720
1 2837500
7 6112
1 18688
1 106752000
1 58432
1 58
1 857500
1 12032
1 1425408
1 920
1 193000
1 22875
3 84736000
1 26
1 725
7 2460
17 155811840
1 31293440
0 1
1 772096000
1 1656250
1 113750
1 5920
1 2176
17 2510
19 521142272
7 2085
1 544
17 38553600
1 43350
1 23168
1 928
1 336
1 9400
1 239616
1 8375
1 32440320
11 2363392
1 92
1 9277440
3 9134080
1 46899200
1 105
1 3392
1 2137600
29 23031250
1 3552
27 3052
3 29888000
1 14464000
1 139200
7 177343750
3 763
1 560546875
3 25234375
0 1
11 3552
1 116000
1 32440320
19 20718750
1 3
13 528875520
3 775
29 142376960
6 490625
1 4520
1 101376
1 1725
1 232960
17 15392000
1 268750
1 71
1 260
1 161600
7 376953125
1 10560
1 1650
1 72601600
13 295937500
1 18500
1 51875
1 666
0 1
1 18304
1 244992
3 11560
17 2497500
1 12720
1 92
3 345505792
29 951040000
1 118000
7 166500
1 62187500
11 3117056
7 7639040
3 15488
29 176200
7 13632
1 684032000
0 1
18 618125
1 755000
1 3
1 47000
1 163000
9 2360320
38 13015625
3 136400
7 309
7 401280000
3 164
0 1
1 403125
7 7100
1 5150
1 63307776
1 3828125
1 148750
1 44
28 2696875
1 134375
31 8325
5 22464
1 24200
11 633077760
13 41950
1 20633600
1 6752
1 74250
1 20288
1 255
39 12531200
11 54336
11 214272
1 1510000
2 266796875
1 70
1 380800
13 426496
1 16360000
3 1976320
67 3192
1 172
13 381500
3 482560000
1 5350
1 38600
1 274432
1 3104000
1 85
3 113120
1 35250
3 133000
13 478750
1 11776
1 323584
19 2551808
5 209408
1 86800
1 7360
1 550
1 153000
12 4345
4 47875
1 4640
3 86272000
11 372
7 341000
3 57920
1 8625
1 3
1 356000
1 212
1 303360
1 156762112
6 61484375
1 155156250
1 12400
23 24345600
16 437
1 21248
9 9025
1 764800
1 55
3 3184
3 412672000
3 853540864
1 70
6 191796875
1 4700
0 1
9 129892352
11 1230
1 958000
1 3
5 41549824
1 4014080
11 14140000
1 708608
1 864256
1 10048
1 12576
59 291520000
1 478125
1 1003520
11 55500
1 14960
11 33013760
1 4515000
1 1080
3 3860000
37 1542
7 323747840
1 53888
31 187136000
1 11150
39 50124800
1 6
1 3
1 2550
1 4256
1 161875000
1 28901376
1 105
1 2640
1 505856000
1 16465920
1 13025000
1 555417600
1 3440
7 72704
1 7
1 14460000
7 150625
1 111935488
1 928
3 53504000
0 1
7 32250
1 11750
1 130
19 52559872
1 63963136
9 6475
1 282112
3 32276480
19 805273600
38 56796875
3 529600000
1 3104
11 166200
1 126720
14 4395
1 650
16 2065
11 134600
1 31500
2 5075
1 18500
1 36608
1 1616
3 13336576
3 616448
1 680
7 119375
7 1807500
17 1108750
5 78512128
0 1
3 5780000
11 1322000
1 1504
1 15280
19 958000000
9 25400
1 76595200
1 136
1 630400
1 370
13 16920000
1 5576000
3 407552
1 912
1 7256000
1 10600
1 325
1 150528
19 4193280
3 118528
1 396250000
1 30880000
1 2547712
9 338000000
1 270
3 3025
1 6
2 884765625
2 5453125
1 140
21 15484375
3 13120
3 13120
1 1062400
37 202496
1 3096576
1 107200
1 104
1 137216
9 4643840
1 3625
1 348
7 332160000
3 58937500
1 15750
1 7
1 6
1 440
1 345703125
11 29520
3 53515625
11 7557120
13 22225000
1 5060000
1 296550400
1 61276160
23 11091968
12 4955
11 6220000
23 3693750
1 456
1 17387520
1 19988480
1 55400
1 1284
1 425721856
1 63
1 2440
1 70
1 16680000
1 77343750
27 213671875
0 1
1 777216
13 260571136
1 137216
19 1706
29 838656
47 12816000
1 334765625
0 1
1 430
8 233125
3 418906112
1 672
13 131686400
1 783360
1 11
1 144
1 499712
1 1038750
1 489472
7 13336576
17 5104640
1 93696000
1 3097600
7 304375
13 957500000
13 19160
1 2965504
1 134000
0 1
1 15750
1 275
17 182720000
17 24453120
1 77568
1 45250000
7 309765625
1 100352
3 5032
1 3440
1 8499200
7 26150000
1 12377600
9 396875
1 7232
3 9490000
13 4255
1 14880
13 70300
3 2531840
1 567500000
0 1
7 95744
12 573125
0 1
1 30912000
3 4554752
1 6
6 250625
13 4955000
3 6615040
1 24400
19 8030
1 222400000
11 37720000
17 5144000
3 29056000
0 1
1 9975000
1 98500
1 186250000
1 119808
3 29504
5 444928
1 37
7 4540
19 87900000
4 5725
1 46899200
1 296
3 91700
1 5780
5 9072
7 4070000
1 38671875
3 5696
1 24250
0 1
13 17960960
1 27300000
1 62
1 115
1 420
0 1
1 1650
1 284000
1 636518400
1 122800000
1 1870
9 901250
21 41353216
7 886784000
11 815360
26 575625
1 147680
1 298125000
1 104064
3 176500000
3 3100672
3 1240
11 190400
1 31784960
1 7710000
1 1912500
1 473600
1 10772480
2 15546875
1 9040
3 251600000
1 6
1 3
1 31232
1 11300
21 7510000
7 33680
1 35143680
7 5680
1 28
1 28467200
22 98625
11 3720
1 24832
0 1
1 46776320
19 9136
1 103040
1 39500
3 45568
1 14848
9 735200
1 537500
1 27
1 579200000
1 4680
1 89375000
6 16175
9 81400000
3 98041856
1 1325
3 3988
17 1709375
1 37734400
11 47155200
1 1275904
27 861184000
1 35
1 8150000
13 192102400
11 77400
1 84787200
1 16056320
7 150240
17 61187500
1 30656
1 190080000
1 107500
1 239616
3 712000
1 188750
1 3041280
1 5640
1 724480000
3 32200
1 5144576
7 15417344
7 129296875
1 4080
3 25034752
1 444416
11 2493750
3 79250
11 100750
33 5955584
9 949
23 41011200
1 53750
1 6450000
11 20357120
1 114294784
1 1249280
11 63692800
1 31981568
1 12256000
1 725
7 572784640
1 214400
5 1642496
3 386560000
1 66191360
1 23046875
1 65
1 146022400
1 11281250
1 58
1 1482752
5 28224
9 163315712
1 604000
1 2864
29 232250000
1 10080
37 77900000
1 146432
15 8336
1 440
1 17200
13 9740
13 89280
1 2531328
2 193
3 2229760
1 5440
9 78880000
1 372326400
1 55
17 6296875
1 18437500
1 28
1 87
1 116000
1 5865472
1 228608
13 12556800
1 4416000
1 8100
1 11
9 60320000
1 265600
4 1915625
1 3
19 6791168
1 36300
1 158750
24 59453125
1 35
1 7875
1 5664000
5 422
1 46562500
1 66015625
17 65900000
1 88
1 13
3 935526400
1 2210
7 872448
1 5700
1 6
1 14675
9 157250000
3 322
1 460
1 37200
7 286250
91 1598400
3 112960000
1 144
1 587200
1 70
3 14224
7 194240
1 440
29 1082880
7 390
1 6200
19 967000
7 5060000
7 1191250
3 177280
39 278080
1 630
11 19875000
17 565600000
1 17375000
9 5320
3 632500
1 207872
1 2965504
9 2950400
1 2010000
1 23296
1 8832
1 155200000
17 17551360
1 2040
1 25700000
29 213248000
1 22
28 600625
3 31
31 85248
1 3900
1 96256
1 207600
1 72
1 310
1 4531200
7 987136
7 59904
3 6224000
1 685
1 76600
1 55
27 2322500
1 17
1 2021875
1 18
7 50585600
11 25446400
9 74874880
7 240320000
3 6856000
1 2185
1 236000
11 1190400
1 1425000
7 9088
1 573750000
19 455200000
1 473600
3 416768
7 7156250
11 20403200
1 378000
1 2432
1 305
4 3453125
1 46592
1 440
13 16860
23 130080000
1 396492800
1 85500
1 436
1 52
3 1448960
1 2262500
1 46750
9 6008000
1 74500000
1 196250
1 680
1 304
1 174218750
7 956000000
9 10718750
1 14438400
1 74055680
1 33700
1 12600
1 204000
1 492500000
1 1666560
7 620544
9 1518080
1 29500
12 380078125
1 6373376
1 71925760
1 1228125
1 30924800
1 111104
3 57400
0 1
1 58400
3 1092500
17 463500
1 928
11 217920
3 267520
1 1075
3 18080
1 6480
3 177471488
1 690
7 8850
3 1808
1 1715200
3 8422400
3 13888000
1 51520
12 2195
1 2913280
29 2124
1 150312500
3 1162240
1 255
1 17875
1 1294336
0 1
1 17530880
1 3
1 3
3 90308608
1 72417280
1 76
1 1692
11 36840
7 15640
1 1045
9 2728
1 14
7 1895000
3 32235520
1 4850
1 1153280
1 277500
1 136800000
1 26
11 3735000
1 416
7 33344
1 22642688
7 2284
29 6832
1 428800
1 28500
1 1840
1 12704000
7 19599360
3 197500
1 1220608
1 144
17 59440000
7 829000000
1 610304000
21 56080000
18 544375
1 18
5 214272
7 28096000
7 747500
17 75700
1 906
1 70
7 15940000
1 60625
1 461875
1 2375
17 370560
17 622000000
1 3416
1 50750
7 4268800
3 8225000
1 11392000
7 15648000
13 1674240
1 752640
1 1216
1 193200000
1 135
7 138608640
23 7872
1 43500
13 54591488
1 9850000
1 58203125
1 20864000
2 94375
29 30031250
11 984
5 24896
7 107724800
9 15499264
9 182200
1 416
1 38500
3 574720000
1 21757952
24 137890625
1 662500
9 79667200
1 6275000
33 22475
1 214
13 466875
1 5056
1 3225
1 4421875
1 19100
1 236
8 545
1 104
12 61484375
23 33480
1 1395200
11 1174400
1 4928
1 6
9 72734375
1 103000000
11 1860
1 3
3 48875
3 11100160
71 470528
1 3
1 116162560
3 472064000
0 1
7 2063360
1 357171200
1 3
1 6
1 208
1 22560
11 1046250
11 1987500
1 2040
11 5550
11 614072320
1 218890240
1 4454400
1 340
1 92
1 100480000
1 2015
1 548864
3 3097600
1 9760
3 36320
11 239040
9 8077312
1 55125000
1 106240
3 395000
1 23750
7 5856000
1 825600
3 1546240
13 731000
1 4019200
1 34570240
19 5459200
1 156160
13 199424000
9 3485
1 52160
1 1327104
3 7184
1 71250
3 5080
1 323046875
1 6246400
1 181875
9 754688
5 488636416
1 1840
11 11925000
1 12171875
25 703
17 3609375
11 8212500
1 1952
1 755000
1 9088
1 1286144
1 53000
1 445440
17 562954240
1 15584
23 13232
1 370
1 945000
1 295000
3 200320
1 70
1 740
1 24160000
9 272656250
1 99375000
2 21625
29 30361600
1 10112
1 68
3 486500
3 351797248
1 242688
1 284672
1 18304
1 91375
1 18500
1 1309375
7 1522
1 40448
1 1851392
7 15776
13 33680
1 6625000
1 680
1 3008
1 1936
1 3687500
1 31500
3 17890625
17 85875
1 49971200
11 1718400
2 4525
5 14204928
1 550
19 199600
3 145280
1 50432000
9 469120000
5 216793088
1 19267584
1 401408
1 54722560
1 215
11 97375
2 1978125
7 10272
15 6643712
0 1
1 1620000
1 340
3 20125
7 39
2 661
1 6
1 65
13 3220480
3 238400000
1 3855000
1 78
1 68
5 28147712
2 2646875
7 89497600
7 141819904
1 4640
1 88960000
1 29152000
1 152
1 30800000
17 369152000
1 10289152
4 1771875
7 4775
1 14
1 690
1 246169600
9 81800000
7 33650000
1 165234375
1 740
11 49550000
3 153437500
1 109440
1 202752
1 18500
11 30120000
53 78561280
1 9150000
1 86500000
13 123040000
1 11648
17 60992
1 46250
1 80250000
1 962560
11 110250000
1 35520
5 676864
1 253440
11 4976
11 3788000
1 3740
1 342016
1 207360
23 291307520
1 41440
3 654049280
17 608800000
1 152
49 56687500
1 3275
1 8151040
1 3216
27 213248000
3 31840
11 971875
17 1372800
1 9728
1 2432
1 140
1 145
1 156
9 21575
1 1467500
13 37650000
1 44
35 48448
1 17
1 35360
3 533600000
49 1582400
1 882688000
3 12896
1 47600
1 78
3 9950
1 1820
13 9766400
1 41300000
1 542400
1 540
1 440
8 180078125
39 1594
1 1395200
1 220
1 35
1 2350000
11 1904
0 1
1 397312000
1 240640
29 12780
1 505
7 10518528
2 524375
1 88
11 1061120
1 28
7 52166656
11 56704000
37 6488000
17 4745
7 88985600
47 62016000
1 3702784
1 23750
5 229
1 2575
1 20224
11 29245440
0 1
5 211
23 850944
7 214784000
3 26720
3 428750
1 1300
1 303125
7 123
2 2485
3 6200
1 11337728
9 35320000
7 108462080
1 6075000
1 381747200
11 271155200
1 11616256
1 182
1 6750
1 79052800
3 542310400
1 46250
23 3124
1 390
1 1274
1 701497344
4 17265625
23 492
1 2090000
0 1
13 314400
1 213
1 147968
1 29700000
1 306000000
3 6980000
3 988750
1 35760000
11 652288000
0 1
1 1856
34 97875
1 76
1 3150000
1 6496256
3 4745000
1 3950
53 119875000
7 41088
1 2150
3 1312
1 61875
7 765132800
13 369375
1 1870
1 3077120
1 366875000
1 27392000
11 1219200
1 6750
1 122240
7 34920000
49 1846000
1 37125000
1 16320
17 31160
7 6046875
1 356250
5 103153664
1 15800
3 2044
1 2540000
1 68
1 33671875
1 58
7 23936
1 9775
17 2559375
1 11828125
1 72
1 2225
13 400640000
11 11281250
3 10112
1 56960
1 18
1 6675
1 151808000
0 1
1 59000
17 144375000
1 177920000
1 3489792
3 34750000
1 97600
4 1835
1 2387200
11 111
1 3304
1 1300
3 53440
9 617676800
1 544
3 164
41 77300000
23 3403776
1 8525000
1 92405760
25 1458
1 330
1 6016
1 362283008
11 1968
23 807000000
13 25320
51 71900000
7 17750
7 5650
3 15385600
0 1
0 1
11 88600
3 9459200
1 12390400
1 140
1 130
5 1972
1 103000
21 967
21 74080000
1 123600000
11 2380
1 348
1 1088
1 1292800
47 975872
3 3632
1 79500
1 15392000
13 1122500
7 62800
17 856320000
1 6304000
1 34140625
3 2918750
1 6
1 1702
1 2320
1 11
1 4840
1 78336
1 197500
1 221500
0 1
1 204687500
0 1
7 2667520
1 31100
1 343654400
7 16752640
1 41
13 81428480
6 60125
1 14
17 114625000
1 29184
1 11125
3 169472000
1 1121280
7 215482368
1 144
1 4005888
1 17
17 4310
1 25952256
1 660
13 480768000
1 82
1 1850
13 337100800
1 1304
6 2305
3 249088
1 198656000
3 64400000
1 314240
17 207880192
1 6373376
11 98688000
1 438000
3 633856
1 6350
13 9580
1 29520
1 14640
1 785408
5 180092928
1 240640
1 1220608
1 470000
7 3391488
13 11660
1 3
1 868352
31 92625
19 5432
1 58880
1 4825088
11 252672000
9 772096000
1 72
3 400384000
1 138
1 206875
1 554
1 35
3 2480
1 8896
1 42700
1 12320
1 70
1 22814720
7 11968000
1 401408
23 13765625
1 185
1 1630
11 4920
1 52
41 6215680
1 99328000
15 2852
6 8825
3 949000000
3 10528
3 2032
37 91040000
1 88
1 680
1 1232
0 1
3 17140000
1 260
9 618880
1 11
3 456704
57 18580
1 3148
1 133750
19 3641344
1 64480
1 28
3 1975000
27 996875
3 9875
7 35102720
1 45
13 25272320
1 43250
1 2360
1 684800
1 151875
7 122750
1 920
1 72187500
1 285696
1 122
1 133200
13 4990
1 1568
7 4730
1 5375
1 5940000
3 1635200
1 7375
0 1
7 79626240
1 23125
3 252160
3 12820480
1 119200000
0 1
1 21100
1 929280
17 92400
9 193792000
3 6232
7 914358272
1 163200
1 22425600
3 190600
7 11850
3 2480
1 440
3 1047500
3 1427200
3 110336
1 65
11 95200
1 57687500
1 121088
1 1830912
1 416
1 373000000
1 14624
1 20400
31 766400000
3 262000000
1 316
17 109969408
1 3652
0 1
3 632
14 71171875
9 1980800
1 275
1 92500
23 31720000
1 490
3 2576000
1 10950000
1 266
1 23
9 724480000
11 18650
1 348800
1 736
1 60784640
1 37056
11 11900
1 912500
31 510720
7 104750
13 7356416
3 2053120
5 163
2 17265625
3 132031250
13 8130000
23 5049600
7 142000
11 2559375
23 77900000
4 19075
5 24192
1 15400000
7 150625
3 137297920
19 132874240
3 1652
7 23936
1 9
1 5800
7 1171200
1 224218750
1 6
0 1
5 23424
16 288125
1 9856
3 90560000
7 18720
5 866
1 31040
1 101500
1 335
1 3828125
1 18
0 1
11 68080000
1 408000
1 72
1 660
1 885760000
7 25100000
1 126720
1 1420800
1 11406250
1 1650
1 380500000
13 208125
1 4736
11 249687500
3 20864000
3 119200000
1 122240000
3 29800000
11 233216
17 190937500
1 404
13 536960000
3 21550
2 1015
29 25011200
9 2233600
1 3827200
1 18200
7 408780800
1 3900
1 199
3 676659200
6 490625
1 453632000
7 2193750
3 290234375
1 11714560
1 728000
1 2227200
29 18740000
1 4562500
19 146600000
1 140288
17 9154560
1 708608000
1 5640000
1 33996800
1 98125
1 774144000
1 74200000
1 169984
5 247201792
11 5952
1 2720
3 7923200
1 1296
27 951171875
7 454000
9 9130
14 11975
13 19820
1 13568
1 15040
1 2920
1 835
3 137887744
3 63593750
0 1
3 1265
28 14203125
7 19680
1 342968750
1 8875
1 3317760
39 9910000
1 211456
19 497000
1 1880
1 4225000
1 16850
1 734400
1 544
8 260625
11 20093750
1 176291840
1 38080
11 371875
17 425625
1 3275
0 1
1 615625
3 32200000
13 472064000
7 15340000
23 364134400
1 23552
11 24900
11 742000
13 5356250
1 27197440
3 1737500
1 1540
1 28
57 9970
19 7070000
5 524
3 575200000
3 439040000
1 928
1 1243750
1 29440
39 244250
8 541015625
1 7468750
1 1232000
1 1169920
9 545312500
11 5950
3 2032
55 7692288
39 55181312
1 388
3 1550
1 119375
1 6
3 65208320
1 2007040
3 142600000
9 254
0 1
5 419954688
67 249375
9 13936000
1 857500000
23 3692
7 94100000
1 220
7 193400
1 501760
3 3224000
17 182067200
1 10688000
1 33500
7 366400000
1 76
17 513000000
1 140
9 95488000
7 2670000
13 5881250
3 164
1 11560
1 269120000
7 853000000
1 306560000
1 271974400
9 3027200
43 23264
7 187187500
1 192500000
1 36992
26 541875
1 82
3 643840
1 59200
1 486000000
1 1216
1 925
21 11728
1 337000000
1 7440
1 11875
1 705
1 11312500
1 46650
1 154000
1 10225000
1 121500
1 2680
1 25700
3 321875
1 10878976
3 155
1 51046400
3 69625
1 18720
1 1542000
1 1292800
1 2864
5 1772
13 9610000
1 32640
1 28590080
19 1263616
2 351875
21 40837120
7 656640
1 144
11 37200
11 76240000
19 10203125
1 390400
6 4234375
1 238080
1 1710
1 2457500
7 9420
1 5888
35 11747328
1 1260000
9 131800
3 1452032
1 2124800
1 1256
11 5810
11 687360
1 4225
1 2064
13 280937500
1 8650000
9 9635840
1 895000000
1 505
1 827392000
7 1924
1 25856
1 3680
1 37800
1 7946240
7 50480000
4 935
1 35
1 950
1 951
3 220625
1 1632
1 76160
3 653600000
9 28840000
7 587000000
7 590080
3 103040
1 59600000
1 13
1 496
19 308125
1 31
45 901
6 25234375
1 6
1 230
3 175513600
1 410
29 27760000
1 6236160
1 81428480
3 70880
1 524000
3 49750
1 1113600
67 561875
1 260
1 1220
1 9809920
1 1300
10 669
7 41549824
11 14360000
13 12761600
1 950
7 237000
1 6312500
1 1240
91 4995
1 1788
3 7928000
33 22860800
11 951171875
18 23575
5 253755392
14 19675
11 30048000
7 26144
17 673382400
9 775390625
1 342016
1 145408
1 133760
15 894435328
5 7307264
1 11712000
13 88875
43 3476
1 96400000
1 460
1 139600000
1 58
7 452800
7 1170
0 1
1 165
43 1927168
1 38144
2 349609375
7 22405120
9 2504000
1 346000
1 223346688
1 705000
1 57
3 1312
1 70
1 29625
1 537500
1 497500
25 14237696
1 7995392
1 43700
1 12560
1 571250000
71 28218750
1 2736128
17 454033408
1 15990784
1 1768750
3 65440
1 166
1 30625
9 379
13 137440
1 368
3 35750
1 296
1 241000000
7 290816
1 87552000
1 1787500
1 3
1 343040
1 300625
1 117500
21 74080000
1 766720
1 5840000
1 2640
3 248
7 294500000
5 51249152
13 398720
17 999680000
1 47872000
1 101875000
7 47300
17 4104000
1 684800000
1 11575000
47 79875
31 341015625
3 1685
1 356800
1 6
1 28640
1 2210000
21 172400
3 1609375
1 36
1 4928
7 6672000
1 6120000
29 107375000
11 980800
1 1699840
1 3088000
1 2960
1 96250
1 8028160
33 116608
1 366400
1 85094400
1 3550
1 6
1 51302400
7 823000
1 3240000
1 90800
1 722944000
49 170600000
2 759375
3 23350000
7 3936
19 511200
1 566400000
1 60625
1 996800
64 2971875
3 902500
1 2498560
13 275906560
7 766000
1 2225
7 847872000
7 15025
1 980
1 29375
13 3125248
1 144
1 316160
3 2776
1 8028160
7 18828125
1 3
1 125184
7 44928
21 59456
3 11042816
17 224657408
11 253231104
1 15880000
17 144218750
5 8880128
1 564000
7 489000000
3 644
1 190
5 463470592
3 3560
3 426500000
3 1240
1 155520000
1 16880
13 5969920
7 597500
3 114360320
1 403125
1 1175000
6 2305
1 232812500
1 158
1 376
17 101920
1 27072
1 921875000
26 70375
11 179062500
41 513920000
1 4771840
3 10960000
3 37625000
1 5700
1 2656
59 43584
1 7575
7 29614080
1 7210000
7 533760
1 6
1 3325
1 11150000
3 26521600
7 61337600
1 69062500
15 181504
1 3712
1 13875
11 10199040
1 56852480
1 1570
17 388750
1 1660
1 3680
3 2060800
19 30650000
1 10875
29 3331250
13 145937500
3 2684800
1 1203125
3 3456250
23 4723200
17 73360000
9 34979840
9 11696
9 1656832
13 194250000
0 1
1 10560
41 28968750
1 54
0 1
1 6880
1 975
13 957500
1 626000000
11 4464000
1 416
1 45
9 25149440
9 59218750
1 308203125
11 3068000
3 43400000
1 4853760
9 8128
11 407142400
1 608
1 178
11 7952
1 6272
1 221440
1 41164800
3 190720000
17 409500
17 3996
9 9290000
0 1
1 1176000
3 4444160
5 36736
1 828750
0 1
7 875200
1 68100000
1 2037500
1 3
1 6
1 385
1 40156250
1 5775360
1 14750000
3 604
1 27
13 426500000
11 11808000
3 508000
1 884000
1 1888
3 90560000
1 10176
4 947
3 213401600
11 169140625
1 76
19 31808000
1 3
23 269120000
9 10562500
1 3
1 8760
7 71000
3 11620
1 53500
1 1849600
3 7328000
1 8120
9 68984375
9 289
1 6
6 42734375
27 5900800
2 346484375
0 1
37 102144
1 710
7 2754560
21 792800
1 9880
3 1678000
51 22225
1 3625
1 331776
1 7
1 2362500
1 77312000
3 87520000
1 14187500
9 258800000
3 13856
1 816
7 20062500
1 26
23 6905856
1 43600
11 557600000
1 6280000
11 186624000
1 84
31 348400
3 20710400
1 4633600
1 59500
1 12224000
1 29440
1 31
1 23
13 533125000
9 17093750
1 2140
7 290455552
1 21500
1 4997120
0 1
21 1153280
11 457932800
1 20111360
1 2478080
1 113875000
1 470000
1 8575
9 188481536
4 145703125
31 10329600
1 17
1 133760000
7 45809664
3 321875000
1 9408
0 1
3 172250
1 130
3 5696
13 903168
8 3421875
23 3844000
1 715200
1 58240000
3 2050
19 8450000
1 63520000
1 450363392
3 124
23 197600
2 13140625
11 569531250
1 459200000
1 1443750
1 4640
1 740
16 92625
11 1190
1 2375
19 3535
17 1153750
1 7264
1 1753088
1 7910400
1 53500000
11 15334400
1 643750
1 23125
1 6
11 60224000
2 781
1 370
1 208
23 40550000
11 201318400
1 985000
7 584704000
7 2925
1 220
49 11537500
1 55623680
59 23725
3 24992
1 802816
7 82375000
1 21
11 198750
39 100249600
1 304800
1 20250
3 1510000
1 193359375
1 59000
23 24600
1 10928128
3 103000000
3 1240
7 1198000
1 743750
3 462400
7 884375000
31 1824768
1 32600
1 18650
1 184
3 2518750
1 1995000
1 60032
1 401408
1 604800000
16 2228125
17 495625
1 1564800
1 260800000
1 8450000
1 1132800
3 1208000
0 1
11 39750
1 49
1 54394880
1 28313600
15 20021248
0 1
3 538400
1 17400
31 51100000
1 6750
1 108544
0 1
1 18
22 576875
9 7792000
3 287744
1 2650
1 43000
3 66880000
7 127180800
7 2992000
1 6
5 2404352
1 134000
0 1
1 4416000
1 650
1 42
11 3756
2 270625
1 190
1 1650
19 31808
1 9728
3 5152000
1 9130
3 35600
7 4890000
1 74186752
1 488
9 23525
1 3
1 145
1 1240
1 14800
3 282880
3 3280
3 164
3 866713600
1 19875000
21 748544
3 15700
9 59008000
1 284672000
1 28
11 15540
1 330
11 52125000
1 31981568
11 1524
7 42375000
1 4966400
13 214250
1 3170000
3 183200
1 190400
11 2476800
17 55375
0 1
1 47400000
11 5550
23 9290
1 1184
19 472960000
1 210
7 22720
51 196403200
7 3748000
13 22200320
3 485120000
2 345703125
13 4936000
7 2628
3 1568750
23 189200000
5 1519616
3 1427200
1 1810432
8 109
9 8048
1 101750
1 886400000
1 140
3 980418560
19 3129600
1 103000000
0 1
1 144
1 6848
3 1240
7 1922
1 65
1 356
9 6181250
7 650772480
1 145600
1 390
1 47520000
1 4384000
3 1064
0 1
3 285440000
0 1
1 16400
1 59800
51 971571200
1 108
1 4920
7 631808
1 924
1 890880
3 7184
11 6225
3 148160
0 1
3 25300000
1 11776
1 892928
1 365363200
1 7104
3 241600
11 55300
1 550
7 34176
1 1216
1 41728
5 163
1 168
1 6660
1 35625
1 13
1 98400
1 57088000
13 12175
1 26816
7 5675000
4 27578125
3 225200000
2 572265625
13 1224960
3 3100
7 1950
1 9218750
13 8912
1 23125
7 21037056
7 617349120
11 11890625
0 1
1 2420
7 35904000
1 10289152
17 3816000
7 149749760
7 284000
5 30736384
1 48768
37 37952
11 131600
11 656640000
2 943359375
1 179404800
1 28
3 1387520
1 18720
1 144
3 466000
1 31260672
1 465600000
1 736
1 680
8 909375
3 191680000
1 1088
1 9152000
23 263437500
9 6650
1 565760
19 75078125
9 2905000
35 2524
1 656
1 58880
7 376953125
79 47974400
1 36700
12 2195
3 79520
1 129200
1 220
1 3
0 1
1 1244
3 322400
3 22323200
1 195584000
1 115507200
1 5550
1 3051520
7 2410
1 26
1 290455552
1 2650000
5 982016
1 10560
3 904
11 3046400
3 28960
7 21568
9 43300
3 89522176
0 1
1 58176
9 72031250
1 4736
1 1550
5 2154496
11 1036250
33 318832640
7 7531250
1 368
11 177600
11 38875
5 610304
1 96800
83 15248
1 2703125
41 54187500
3 47937500
7 6896000
17 156640
31 28550
9 4371200
1 10100
7 8570880
49 499500
7 1276
1 496
1 883200
13 21953125
1 3264
1 1395200
5 106752
17 902144
3 677500
6 247
3 363671875
3 8046875
1 14
25 7020544
1 68608000
11 238
1 6
1 45
1 540
17 939
1 485
7 768081920
1 80625
0 1
1 273203200
19 1221875
1 144506880
1 24627200
1 254803968
21 4808000
1 6
1 45
1 1160
1 45824000
1 6950
1 158464
1 2225
17 619375000
3 14860288
1 6246400
1 87552
5 840957952
3 615040000
1 113
3 1235
1 4832
11 796800
1 28
1 308750
3 16220
1 6272
1 3850000
1 484352
7 607
1 22
1 9792000
1 120193024
7 38687500
7 602275840
1 118128640
1 7995392
1 14
1 10055680
1 2719744
1 3
51 26593750
13 99680
7 31480
1 9320
43 114875
5 1492992
3 1715000
11 2759375
11 42024960
1 737500000
85 237312
1 2846720
1 3
1 805000
1 40700000
1 74500
7 45209600
17 240500
1 108125000
1 29920
7 107840
1 17890625
7 1950
3 9664000
11 2034375
11 69058560
9 3116800
19 17220
13 21580800
19 8710000
7 71406250
7 26083328
1 55500800
1 52
1 13
1 2432
9 717824
1 3696000
12 35234375
1 31520
7 1068
1 15468750
5 993
19 36840000
0 1
1 236800
1 11
7 338000000
7 1886000
1 98041856
1 6176000
1 104
3 226
0 1
11 12748800
1 97689600
1 2546875
11 3075
1 427500
3 2171875
1 12390400
7 620312500
12 7203125
1 10048
7 145408
1 33344
1 29600
1 64800
23 398500
1 794624000
17 14041088
7 4697600
13 1214400
1 198656000
1 23
9 10380800
9 458750
1 1275
7 156
2 69140625
1 6045696
3 64400
7 71000
19 97440
9 16625
1 20582400
1 6300000
1 44500
1 33046875
1 19
1 293750
11 155238400
1 6
3 4025000
1 1160
1 288768
3 82688000
7 5181250
11 283136
1 2468750
3 90800
13 14928
3 2379776
1 97
18 4835
1 921875000
1 4740000
9 31552000
11 2544
1 7300000
1 4880
1 11
37 199500
1 116160
17 531875000
3 1240
1 219375
1 208
17 65900000
7 8368000
1 1066240
7 305600
18 4115
5 3653632
1 1260800
0 1
71 23475200
7 932500000
1 1860
1 3796875
29 9670000
1 135800000
3 73671875
11 14944000
1 1925000
1 7091200
13 7923200
17 5552
13 53964800
1 2944
1 2176
61 133800
1 304
7 6087500
1 12234375
3 18640000
3 857500000
1 18944
1 840
7 3704000
1 19812500
7 13536
1 852000
23 6150
33 706400
1 178125
1 170
1 157812500
7 13632
1 178750
23 110362624
9 45812500
1 39168
0 1
11 555
1 370278400
1 287
1 357500000
11 81536
11 20774912
31 639360
1 9088
1 4172800
23 230424576
7 834666496
9 1805
1 23424
1 3440
1 178
1 303000
1 267500
11 573125000
1 192600000
1 34680
1 41440000
3 2848
3 4450
17 711
3 3097600
1 247040000
1 11240
11 16928
1 765000000
13 1436000
1 185753600
3 1259375
1 2016
1 3688
8 343
1 11
1 67250000
1 45375
1 111360
3 197632
3 2468750
1 163200
5 137984
1 602112
1 2535424
31 934912000
1 17
1 6
1 22850
21 67300000
1 87031808
11 129368064
1 2784
11 9300
3 28979200
11 2775
11 25139200
57 491008000
7 25125
19 431875
1 2155000
3 734
1 61184000
1 11875
8 1528125
28 59140625
7 23616000
1 28200
0 1
13 3782400
1 2744320
11 761600
1 183040
5 434110464
1 440
31 416250
5 522190848
1 68096
3 5240000
1 11776
0 1
13 104640000
61 8468480
3 229600
1 104
13 14672
1 204062500
19 984064000
1 270
1 55
1 2710400
39 4678400
3 44125
1 26850000
1 53500000
1 2176
7 59441152
0 1
2 1265
9 35348480
0 1
1 81200
1 144128
3 1142500
1 373145600
9 20080
9 37840000
1 170
1 22
1 437780480
17 22963200
9 1116800
31 852480
1 7400
1 25984
1 124
6 213671875
11 90700000
1 207618048
2 8296875
1 2534375
5 3219456
3 1454000
11 1277440
1 3392
3 2225
3 15568000
3 13480000
49 738400000
0 1
1 3
1 547500000
1 184
0 1
31 3976
1 5875
1 935546875
1 336
1 348750
0 1
1 88
1 1849344
1 15875
1 46131200
3 2037500
23 933750
0 1
3 130625
1 1640
7 1371200
1 1732608
11 355200
1 568000
1 36850
1 3375
1 37027840
0 1
7 566875
1 662500
1 650
19 27616000
3 2886400
31 224657408
1 485000
3 163750
1 2886400
1 147500000
1 616000
3 113152
1 679936
1 782400000
1 9728
3 45200
41 119750
1 111875
7 69700000
1 370933760
32 616875
3 28096
11 24678400
11 7440
3 137890625
1 2944
1 92
1 110
1 1355
5 45248
1 14827520
1 3
1 460937500
1 455000
7 16187392
5 26443776
7 357812500
1 36
1 149600
1 14592
13 9560000
17 1685504
1 115
1 95360
9 597032960
3 14656000
1 18083840
1 463125
1 6
11 12325000
1 52187500
1 61200
1 69500000
23 388497408
1 2210
1 17520000
1 651264
4 14234375
1 231424
23 111804416
47 30624
1 10960000
0 1
1 74880
7 11968000
0 1
1 58880
1 8832
3 2050
1 498400
11 4485
37 75703125
1 1752000
1 69427200
3 92480
1 11993088
5 227072
23 80700000
1 1824
0 1
1 5400
1 45
1 5080
1 72
5 418304
23 853000000
1 550
1 89088
1 26720000
1 2460
1 44
34 13578125
1 6
1 6
1 88832
1 374800000
7 543293440
3 586718750
7 56800
1 111040
7 746875
1 136
1 98720
31 11912500
1 196875
1 3410
1 11776
5 1986
1 7
1 976
22 198046875
1 59584
9 4730000
1 31360
17 1618000
1 4562500
3 15920
23 853
1 1175000
1 434375
1 219136
1 228
1 472
0 1
1 24750
3 176800000
1 771840
11 31653888
4 181
1 8830
1 7
0 1
1 65680000
7 747200
16 288125
13 115125
30 689
1 962560
1 815923200
1 18360000
19 97700
3 2428928
1 38707200
1 257228800
1 138117120
7 414843750
7 40160
1 28240
17 896250000
1 235000
1 14320000
1 15040
1 698000000
1 773120000
11 785408
1 10144
1 33700
1 16056320
1 30625
1 17320000
1 2467200
1 806640625
1 239
1 5392000
7 3592
19 2352640
1 116800
7 2096875
1 2896000
3 6560
1 235
1 7929856
3 862000
19 20384
1 856
1 212480
17 2730
13 986000
3 151360000
1 31
3 7930
1 550
3 511360
1 2170000
1 596800
29 7490000
5 1352
1 34
1 105
1 60160
1 8200
1 11392000
3 246087680
1 977920
3 74720
1 115
7 25560000
1 464
11 12912
1 3460
13 183808
38 76625
8 38984375
3 1722880
1 472064
1 46800
23 53184
1 267500
1 2468750
1 5360
3 31
11 1116
1 32800
1 23552
1 15900
7 571473920
3 2468750
1 3808
11 6150
1 231342080
3 134656000
1 6
1 141120000
7 30848
1 6100
3 31
7 48230400
1 53346304
19 1467200
7 113024
19 132343750
4 91015625
13 84700
3 130880
1 569600
2 14975
3 131000
7 3900
1 196
1 23125
1 748750
1 916
19 33800000
1 9
1 18
1 662500
1 23296
7 191
1 110
1 201728
3 231200
1 550
1 2192000
3 4648
1 23552
1 244224000
7 14069760
11 55500
9 156875
1 11840
1 145408
1 2488000
3 1640
1 1195000
1 44
23 8910000
7 2449920
1 216
3 2576000
17 682
3 347
1 4569600
1 1296875
1 55
1 440
7 6096
7 152400000
1 3
1 30976
1 208125
0 1
0 1
1 765625
1 302400000
1 831488000
1 14250
3 689152
1 1781760
1 128800000
1 3828125
11 886
3 2570000
11 168704000
1 8288
1 571875
25 111542272
2 1045
1 7
1 55
1 876000000
11 75136
1 492
17 153440
1 3
1 60480
1 240625
5 7307264
9 88900
11 91700
14 569375
0 1
1 7400
11 1022000
1 950
1 236000
29 193400000
7 667500000
1 350720
33 25518080
3 139375
1 42368000
1 3136
7 505468750
27 725600000
19 34350000
8 270703125
3 31989760
5 393
1 1030000
1 20560000
1 95360000
13 5287500
33 56900
17 72100000
23 10305536
1 1099200
1 2900
9 1108
1 11187500
1 19400
7 135200000
7 38840
1 86700
4 3015625
1 617600000
0 1
1 72960
1 820
1 804687500
1 440625
1 6
1 605440000
1 36
1 142800
1 314245120
11 163184640
9 47744000
1 112066560
1 9
1 44
3 1662976
9 158750
1 6380000
17 43550
1 208
1 2712500
13 71120000
1 2350
11 242400
7 351436800
3 22304000
13 4681250
7 16409600
7 107875
1 1857500
1 12544
3 137984
1 44480
1 2020
1 130
0 1
7 5232000
1 48125
1 993280
7 958398464
19 26031250
1 45550
19 430440448
1 386560000
1 113000
1 165
9 552140800
1 21500
9 6590
11 2708
3 60686336
1 1856
1 76160
6 15390625
3 891250000
1 114
1 967500
1 492500000
13 321388544
3 391040
17 390800
21 495976448
97 38840
0 1
1 12544
1 55040
1 20400
1 516423680
7 140400
7 134963200
7 46800
19 183400000
1 669696
1 8080
3 3905
9 504832000
13 30850
7 6816
7 211328125
3 16351232
3 178000
9 287360000
1 16187392
1 1005000
15 103808
1 108200
3 21606400
15 3844
9 272656250
23 290500
0 1
7 2272
3 16916480
1 26
1 4928
3 410
1 1270
1 448790528
1 23
9 750400
1 55
1 537500
1 179000
1 1928
11 1990625
7 587366400
26 59875
1 340
0 1
4 3275
5 6048
1 34
1 333750000
0 1
11 1514000
1 46
1 3360
1 7850000
3 391000000
1 28114944
3 3632000
9 37550000
1 70
3 1054
9 9406250
1 437760
1 566886400
3 803125
1 1320
1 5920
1 99
13 15696000
1 6848000
17 7392
29 32702464
3 36550
11 980480000
1 70
3 1276
1 1019904
3 572416
1 6192000
1 176640
1 73000000
1 5180
1 270
1 11680
2 565
7 387000000
1 823132160
9 16580
1 725
13 9809920
1 310400000
1 58600
5 15925248
9 12850000
1 2368
1 1296875
7 54900000
1 144384000
11 186
1 1546875
0 1
7 16968750
1 122
3 534400000
1 231424000
1 220
1 5145600
1 944
1 3620
1 1616000
1 150568960
11 208666624
1 7487500
3 26752000
3 3565
1 107
1 1004800
1 7
1 270
1 461875000
1 1240
1 133750
1 2820
7 2131200
1 75648
16 59140625
1 9
3 103936
1 47800
19 71696384
1 21120
1 1330
3 626000000
1 3350
1 76
1 368
4 2090625
1 43906250
1 115600
1 7696
1 40375
1 3375
1 386250000
1 1310000
1 105
1 2575360
27 833000
1 64750000
29 27093750
1 217088
1 2494464
17 1254000
0 1
7 1853440
31 330800000
19 50640000
1 15450
0 1
13 22502400
1 4224
1 340
13 1995
5 38016
17 9340000
3 6740
1 464
1 7093750
0 1
1 13
3 587776
1 20400
3 17072128
5 304128
1 25722880
14 519
21 72200
3 36306944
3 726016000
1 567500
1 4730
1 56098816
1 138000
1 247040000
13 735200000
7 3706880
1 3760
3 1396000
1 2440
8 5075
1 1270400
17 34700
17 91750
1 1060864
1 1680
7 58200000
9 8032
3 2864
1 144896
0 1
3 241250
1 1312
1 816
1 37250000
1 632
9 14512000
15 116864
1 65234375
29 62193664
9 480640000
1 1095
9 1565000
33 17218750
1 310
11 140960000
17 567541760
1 884
1 78381056
5 919552
7 145408
1 136448
9 1204480
3 205
1 1056
0 1
3 140937500
1 1048000
11 330800000
3 1548800
1 5800
11 59520
7 64552960
11 32636928
3 1172
9 242176000
19 60875000
59 198912000
1 5800
1 20928
11 3690
1 1062400
19 75120640
5 2220032
1 53000
7 9671875
1 499712
17 46643200
1 8250
13 156640625
1 23
1 7160000
9 242560000
1 1414400
3 981250
1 9262500
3 53312
1 40250
1 4736
6 2705
1 2498560
1 2291200
5 5718016
1 7310
18 15725
27 6643712
1 676000000
1 1164800
1 104800
1 35430400
1 2760
3 154624000
11 124875
29 279360000
1 286
31 9136
3 67481600
11 86700000
1 85
9 120064
3 772000
17 6073600
5 58624
3 25760000
11 902758400
4 320625
7 374400
1 2490
2 1659375
9 27328
1 18500
7 19872
1 5440
1 31064064
1 31680
3 3308000
1 95360000
23 1598
1 414
1 790400000
19 102200
21 92930048
1 340
17 615680
9 683200000
5 1448
11 426639360
1 18343750
17 26265600
7 23375
1 7
1 889856000
1 95600
13 2543616
1 1830
3 724
11 12325
1 310640640
3 1831250
13 14368000
1 94250
33 5104640
13 3468800
1 675
3 9564160
1 1075000
8 4328125
17 163348480
1 88342528
7 1146875
1 4838400
0 1
31 4868750
1 624
1 25700
1 136960000
3 67788800
1 2216
1 136400000
1 23
1 725
1 4928
1 18250000
1 86600
1 3
3 52160000
1 2296000
1 3
1 262000000
1 3344
21 1882000
1 2320
4 613
1 41950000
1 84787200
21 545792
1 2375
22 358203125
1 350208000
1 14
19 567680
1 135987200
1 1656250
7 534937600
1 18550000
1 6832000
7 3405
11 82176000
1 684800
9 5180
3 15308800
11 815923200
1 38500
1 275520000
1 115212288
23 913750000
7 282460160
1 1450
11 4755
5 605184
7 27468750
1 45
2 24525
1 608
1 23750
17 342968750
1 97
32 15265625
1 28
1 6
11 2844000
1 3930000
9 1270000
1 45100
1 1472
17 20357120
1 24750
1 39256064
1 1521664
1 29500
9 191488000
7 1528
6 615625
7 266250000
1 18816000
1 7300000
1 3817472
1 398131200
1 11042816
11 196600
31 125435904
9 93552640
1 8880
31 4970
1 445120512
1 3625
1 5440
0 1
61 65078125
1 148750
6 19625
0 1
1 29392896
5 174592
6 3695
1 12750
1 61600
0 1
3 12437500
1 1936
1 14
1 3
3 49120000
3 3896320
3 47968750
1 1808
3 85120
13 405120
11 3219200
1 18
15 7872512
5 90624
1 9024000
1 158760960
13 447610880
1 12400
1 368
1 24125000
2 164375
1 619315200
23 3855000
1 62
1 24750
1 51360
1 6422528
1 2720
7 84400
1 34160640
1 4864
11 1590
3 8512
9 37560320
1 11776
17 871424000
4 5328125
1 4864
1 23200
3 57250000
27 188600
1 5950
7 130880
25 158072832
1 59440
7 11109375
1 2272
3 7184384
9 338000000
1 200704
13 16780
1 120422400
7 213975040
7 71434240
1 1404000
1 79298560
7 75104256
3 1968128
3 5171200
1 111875
1 91033600
1 171200000
5 876
11 5304
1 18240
1 57147392
1 802816
1 63111168
5 17235968
1 777600
1 11
11 27750
1 2191360
1 44
1 24250
1 82250
19 1094
1 17120
13 27062500
7 312
0 1
7 2370560
7 322500
1 619315200
1 725
77 311623680
1 10880
3 17960000
1 29600
1 100864000
23 12300
1 144
7 806912000
1 31064064
7 13388800
1 23750
11 1215
3 767187500
3 336400
19 4790
5 30144
2 3003125
1 17
1 376
7 390
1 47000
1 392500
39 446500
1 7
1 612000
1 94080
3 34720
9 10160
1 296222720
4 1221875
0 1
3 380468750
9 9710
1 83750
1 3075
3 155500
1 74400
1 835000
1 2286080
3 136600000
19 693108736
1 2192
31 967500000
1 6
1 3
1 12206080
1 4410000
11 839000
1 724000
11 52544
1 481280
9 231875000
13 26840
1 416
31 399375000
1 122
0 1
1 140
1 907200
1 95
2 1435
1 7952
1 30240000
3 25952
4 1409375
1 13160000
32 11890625
1 245
7 3139200
3 309760
1 1140625
31 41350
19 74160
1 142336
11 3172
1 318259200
2 515
1 435
1 78233600
2 3296875
9 24736
1 14976
1 54656000
1 23
3 38600000
1 646144
17 9260
41 170752
1 246272
1 70912000
1 338125000
1 866123776
1 8600
1 3
0 1
9 23822336
1 324
7 141875
0 1
15 1058816
1 116
11 1215
17 186750000
1 104
1 509375000
1 3
7 41950
1 403125
1 920
3 128800
2 435546875
1 273750
9 69280
1 23065600
37 15312000
1 92569600
1 746000
1 680
1 23200
3 965632000
1 82
7 64765625
8 62421875
13 179500
1 17
1 382074880
1 9
1 70080
7 85800000
1 3680
1 1730
3 310
1 26375
3 115250000
1 6
5 1324
3 2193920
3 6200
1 118620160
1 152
7 607360000
7 277217280
7 70200000
11 293760000
1 62128128
3 44500
7 998750000
3 628
11 255066112
11 1242000
1 5440
23 50100000
1 540
11 6106250
1 2979840
1 17200
1 93952000
1 1003520
1 249856
7 24550000
1 3360
1 82944
1 18
1 802816
1 672
11 683750000
3 2624
1 2120
1 23750
3 151
1 598400
1 1019904
1 18048
1 5478400
17 1384375
1 16625
1 24985600
1 644000
5 2863104
1 162109375
1 920
1 368
1 72
1 44
3 432128000
3 496
1 92
17 863232000
1 365600
9 74200000
61 19872
9 120400
0 1
3 138880000
11 7104
1 464
1 1428480
3 1510000
1 3620000
1 497664
1 216
3 4345
1 1669120
7 6620
11 3876000
1 5300
9 159500
3 775
1 59200
23 1122560
1 121750000
1 358750000
6 4525
23 583000000
1 1752000
1 550
1 21
1 7616000
1 295000
1 67000
3 204687500
1 5900000
1 712704
9 4168750
1 45625000
17 154600
1 3625
1 430
1 43456000
1 3702784
49 3924
3 65312500
1 116160000
3 9170000
1 7300000
3 604000
4 3421875
1 125440
3 22144
1 8390
1 496
1 1993750
1 2352000
1 16484375
1 111360
1 53625000
32 350390625
1 265000
17 27074560
1 28
21 431489024
1 730000
7 102912000
1 3872
1 2768000
11 6905856
1 41875
3 1274000
2 271484375
1 2748416
7 182720
1 6480
1 9
2 426875
9 168400
1 144896000
13 843000
15 23232512
3 8345600
23 25160000
11 66109440
3 575488000
0 1
7 1775
0 1
1 5209600
17 13744
1 35703125
12 12275
3 2225
1 7
1 62
1 3338240
21 38650
1 304
1 1505
1 200320
1 12192
1 971571200
7 1198000
1 6448
1 27744
5 351232
1 70
1 6725
43 125960192
5 3704
3 712
3 54531250
7 48200000
1 279000
1 2160
1 17200
1 27328512
1 9312500
7 235776000
3 61849600
4 904296875
7 356800000
11 58359375
1 87750000
0 1
1 440
1 109760000
49 389453125
3 2810
1 47200
7 269107200
3 125173760
16 2878125
11 20832000
3 6424
1 854000
1 840
1 185
11 74200000
1 56960
1 33
1 27400000
57 502792192
11 119520000
1 32400
3 117248000
15 699400192
7 157491200
7 116160
8 728515625
23 7872
0 1
3 34764800
1 4640
9 53964800
1 49561600
23 123
9 2660
1 8352000
1 140
1 36400000
1 9369600
1 13120
1 30625
1 460
1 3416000
11 10425000
7 562560
3 23281250
3 56704000
1 1060
1 358203125
1 2432
1 6
1 23552
1 61120
3 1316
9 2812000
1 3473408
11 6360
1 447200
1 14
11 833945600
1 6880
9 115736576
1 7360
1 17
1 426000
7 1928
11 496500
1 645
7 1354000
1 172
1 7424
1 61375000
13 1922
1 30125000
1 2136
1 1182500
33 66100000
1 25856000
1 1775
1 63360
1 4475000
1 97600
1 2590000
3 833536
1 3825
13 147660800
3 13664
1 1350
1 2289664
5 3912
13 2377600
7 522400000
1 587500
1 412000
2 66875
1 81200
1 39168
1 189200
1 3375
1 140
7 302343750
1 188
2 696875
1 10880
1 2752
1 248
13 130304000
0 1
1 1188
1 620
7 528875520
4 3935
3 39296000
1 3
23 22624000
41 1482000
2 64921875
5 25853952
7 295600
3 54800000
1 440
1 72
1 182500000
1 405
1 290560
3 480640000
1 22750
1 73
1 29375
1 1180
1 118500000
1 47600
13 17080320
8 408125
3 171776000
11 1902000
1 42880
7 135200000
1 2190
0 1
7 120576
3 220364800
1 10992000
1 297280
1 4685824
7 160800
15 9273344
1 7
13 15072000
3 286718750
1 12032
0 1
3 9104000
1 3576
1 1960
9 210176
1 198
5 100224
2 355078125
11 260833280
7 768081920
1 12400
9 72601600
3 5672960
11 70375000
1 40448
1 371875
19 45437500
1 30562500
1 42
1 225024
1 31
7 59250
26 56953125
9 3670
27 180500
9 30112
1 84500
0 1
39 4015
3 5612500
13 279600
2 181875
1 130
1 635904
3 151
1 353280
1 3
7 21950000
1 424
1 35
1 11750
31 425472000
7 769
7 1775
1 668750
2 967
7 1006592
8 6578125
11 1523200
0 1
11 13328000
1 2140000
1 6
11 622
7 30700000
3 10160
1 1131250
3 187600000
17 411136000
13 1178000
1 12375
1 5964800
21 480625
1 11600
0 1
0 1
5 1436
1 24062500
9 6837500
1 355205120
1 190
9 2660
7 3820
1 6528
11 13491200
1 451200
1 68640000
29 581600
7 4985000
1 5568000
1 63520
1 323747840
1 2283520
1 825
1 2350
1 889600
1 2478080
3 200867840
41 76300000
1 1336
14 143359375
13 93900000
19 209687500
11 19480000
1 5960000
1 89800
9 2072
17 22520000
1 4750
1 29800
1 32800
7 2155000
1 4048000
2 188125
1 1068800
1 66600960
1 69500
1 2352500
3 329728
1 21
1 7424
1 35750000
7 5212160
7 351436800
1 273612800
1 672
5 26116096
7 39120
9 508000
11 417920000
11 666
1 55
1 11875
2 163
7 124750
3 7240
0 1
9 13664
1 63700992
1 176640
1 2173440
0 1
1 827500000
5 23072
17 1163200
15 224768
1 3616
1 162000
0 1
1 5840
1 1740
1 475
11 859200
1 11494400
7 9020000
1 2744320
9 13300
9 47936000
3 709120000
19 455500000
17 35471360
67 79800
13 1486848
1 284
9 437600000
17 365600
1 14233600
1 18
13 421396480
9 941000
1 8440000
5 74624
17 5490
6 971
3 1550
1 1914880
1 1246875
7 82176000
7 87800000
1 550
13 835715072
1 1840
3 209500
1 1088
3 39270400
13 636160
1 3
17 34668544
3 2604800
1 366250000
1 12608000
1 970000
1 84
2 7475
25 396886016
1 1059200
1 51840
1 28
1 41728000
1 436
13 303750
1 2424
37 13740000
3 782237696
3 326500000
1 58000
13 49050000
0 1
1 9160
1 18
1 3
1 654687500
16 4695
1 232
1 4750
1 43000
5 3674112
3 899072000
1 14976
1 373
0 1
1 2275000
1 745000
1 15680
6 78875
1 184375000
9 168640
1 70
1 15278080
1 49408000
11 236288000
1 264765440
1 96800
7 17629184
7 370400000
1 1300
7 256800
1 10320
3 46240
3 2060000
1 45
5 95104
1 6
23 96731136
0 1
1 28625
11 356761600
13 81592320
1 544
1 2995200
23 51008
27 2627200
5 13156352
57 31590400
3 144800
9 1632256
1 11400
67 12768
1 144
3 80076800
1 410
7 624
2 474609375
11 22688
9 32300000
15 240910336
39 408371200
9 3169280
3 6218750
4 14475
0 1
4 3009375
1 2118750
7 704800000
1 14
21 241408000
19 62656
7 29949952
9 22304000
1 3
1 186
1 146000
3 11417600
1 260
4 911
3 56171875
1 2488320
1 11450000
1 33300480
1 290
7 6696960
1 24832
1 316211200
1 710
1 11392000
1 31981568
1 325
3 15906250
7 46880
1 173250
7 11952
0 1
1 365000
1 826880000
9 2612000
1 15616
17 30944000
1 1855
1 42
1 1952
9 683200000
1 1428000
0 1
1 3512320
1 62720
3 33760
1 616
7 20217856
1 3824
1 29440
31 997120000
1 50585600
1 2640
1 605
1 232
1 912500
1 22
1 1420
5 14368
13 79843750
1 437
1 1472
21 1438400
1 243500
1 63232000
1 202752
1 184
13 689766400
1 5840000
1 14848
0 1
1 4116480
1 1607680
1 5860
1 193
1 28
3 1240
3 4100
1 3970
17 697139200
1 90200000
1 765625
4 82375
11 894400
1 958000000
1 3
3 105312500
1 1648
1 140
1 39526400
7 614843750
1 3
1 26944
3 45875
3 35781250
37 638720
1 59520
1 144
7 416875
1 15712
0 1
1 5824000
17 38960
1 28
1 2368
3 62750
1 228800
43 5816
17 5020000
1 1204480
3 2468750
1 334000
1 110
1 100992
1 23987200
29 3312640
1 182500
0 1
7 2207500
1 1850
7 48103424
1 5640000
1 13250000
1 540
1 1088
1 4625
0 1
1 4670
1 2176
9 2792000
1 5158400
1 232
7 62128128
23 319600
5 13385728
3 93125000
1 6
3 50750
1 280320000
3 22480000
7 9984375
7 718400
1 38
13 10065920
1 202000
1 117309440
1 5400
7 3706880
3 102343750
1 39731200
3 42560
1 192512
1 130
11 1996
1 3136
1 136
1 16484375
1 405504
1 7
1 117760
27 59937500
0 1
1 136
0 1
0 1
13 4490000
1 9125
1 1184
7 3706880
7 312
1 63680
1 7328125
7 125625
1 267500
1 17420
3 1975
1 10750
13 14360000
6 989
7 234
1 10209280
1 2432
1 2662500
1 1450
1 272
1 4864
17 957000000
1 365200000
1 241920000
9 1078750
11 817561600
1 749000000
1 115
6 619
1 144
3 176600000
17 6610
1 25360
13 60866560
9 602000000
1 476774400
17 6368
23 23025
1 68800
1 375600
1 61100
1 8820000
1 708000000
1 256573440
1 3211264
1 360625
3 2050
5 913
11 238
1 92500
1 30259200
1 4864
1 35
11 286800000
1 2719744
7 624
17 15544320
1 52
1 1376
1 140
1 166
21 184524800
17 963584
11 26265600
1 13450000
3 96512000
3 2710
1 151400
5 3564
1 476000
1 440
1 45
3 2825
13 387600
48 13328125
10 807
1 72
1 1360
1 275
1 182
29 1082880
13 21427200
7 89625000
7 27120000
1 3722240
1 2432
1 64800
0 1
1 555
1 476250
3 9875000
3 1452800
7 16820
1 624
1 130
1 26
3 38256640
1 610304
1 385
1 3665920
1 179830784
29 133200
41 827000000
3 1312
3 1777664
4 386875
1 7
21 61375
1 13696
7 9090
13 6262500
13 3684000
1 33200
1 2770
3 33550000
5 26083328
1 70
1 38
1 72400000
1 170
1 27
7 3792000
1 208
1 12156928
1 6
19 1461760
0 1
3 31
23 24544000
1 300160
1 16093750
1 2715
3 2528
1 67040000
3 8406250
39 618125000
21 59072000
19 611942400
1 275
11 12300
1 6350000
8 3065625
1 16318464
1 1856
3 41
1 975
1 2736
9 55214080
9 449920000
1 58880
1 416
1 22
1 235000
1 38
37 194600000
1 3
1 802816
1 8656250
1 9700
1 131500000
17 1916
21 132200000
27 19993600
0 1
1 680
7 2095
1 5664000
9 40640
7 779200
1 6
2 11921875
1 5350000
1 4656000
11 28569600
1 6848000
22 24675
9 277600
1 48128
13 39872000
1 8968750
1 118000
9 94600000
11 5168750
1 417333248
1 70123520
1 13670400
11 5416
7 2806400
1 236000
0 1
27 12112000
13 38469632
1 102
24 6359375
1 12280
3 31712
1 5703125
13 15072000
1 1720
1 5456000
1 7112
1 1320
1 1337500
1 6188800
1 284800
1 30656250
1 3
1 2288000
11 4592
7 56800
1 15334400
1 14848
1 277504000
1 325
11 188500
23 1057500
7 9560000
5 382464
11 111
1 9625000
1 11800
1 5850
1 116480000
3 46240000
1 28320
1 4966400
1 159
7 36240
13 209280000
3 311000
3 2008000
11 29750
1 18944
3 410
1 23984375
11 3555
1 61760000
11 232750
1 128750000
1 196
1 9
1 6
1 974
1 615625
1 54560
7 597500000
1 5509120
1 61875
7 632320000
3 694400000
0 1
13 721715200
1 305664000
3 9008
9 13300
17 7192576
2 13575
13 51937500
27 9410
1 2850
1 7424
51 69680
9 986
3 41
13 5712000
1 108032
7 4770000
1 3844
23 82022400
1 76
1 9953280
1 1429504
1 16240
2 9675
0 1
1 94000
9 2072
19 842187500
3 6531250
3 939453125
1 94080
1 921875000
13 246016
11 430500000
1 342016
1 1680
5 1010688
1 5400
1 1004
7 397656250
9 1892
7 314375
1 2176
1 2498560
9 1574912
1 22
1 248
1 1056
1 9
1 24062500
1 190
1 3820000
13 95937500
31 549218750
1 3648
7 15392000
1 264
7 122421248
3 409000000
1 406
9 359500000
1 9
1 19648
13 12112
3 141400
8 34921875
7 3164160
1 31
1 521600000
1 305
19 24422400
1 74
37 159750
1 101000
3 1648640
7 67920000
1 714342400
3 310
1 20400
1 508000
4 2553125
1 15421440
3 2473984
1 85
43 13796875
35 11728
3 22075
1 39731200
3 11300
1 71424
1 14800
41 9287680
1 70
3 4034560
1 440
1 331250
1 619315200
17 7671875
1 3123200
1 11712
1 794624
41 19300352
33 28843750
1 528
19 725600
3 2344
4 34921875
1 15875
7 6278400
1 6
3 31
9 2185
11 9868800
1 306
1 70200000
0 1
3 9482240
1 218250000
7 62900
1 236800
13 6284800
3 94592000
1 442240
7 105800000
1 3240000
13 35160
1 265
1 1660
1 580078125
3 392396800
1 7080000
2 534375
1 3150
1 34
31 27720000
11 4872
1 11
1 23375
3 206080
19 1654400
1 1540000
11 1278720
1 1095680
1 11
1 5504
1 390400
5 894435328
1 146875
1 193280000
1 70
7 71000
9 2672
3 12100
1 550
1 78
1 48960
7 138400000
13 167400
3 517760000
1 4736
17 74200000
11 40896
4 809375
1 110
7 4595200
7 422500000
1 326000
1 1817500
1 117760
19 10736
1 616
1 297984000
5 38272
1 442499072
3 12125
1 282880000
1 141312
1 2482176
1 170240
17 2995000
1 952893440
1 3
1 236
1 4650
1 677000
17 111872
1 577536
7 1507200
1 3317760
1 58
1 752640
1 428000
1 394000
1 25200
7 118875000
9 117875000
17 1892500
3 6200
7 33960000
1 40400
1 55
1 20224
3 48320000
1 71360000
1 33
0 1
6 565
1 127040000
1 94720
3 83125
1 52
3 4520
1 501760
1 5400
5 969728
1 334000
91 319680
1 50400
1 12460
1 146240
7 129120
3 5216000
7 975
1 3892
1 440
7 964608
0 1
1 724000
23 438125000
1 189792256
1 91648
49 738400000
7 135400000
31 389453125
1 236
7 1136
11 62912000
11 236191744
7 3070000
1 619375000
1 3
6 5796875
77 63936
29 392396800
1 158597120
13 19097600
1 4940000
1 1548
3 14300
12 503
1 1111040
13 9551872
1 6016
2 39609375
1 182
1 3178496
7 24700000
15 6406144
1 357171200
7 208928768
1 30625
0 1
3 3527680
1 403456
3 152576000
7 6412800
7 195584
3 3088384
0 1
11 82100
7 1148800
1 58000
7 568000
1 11120000
1 54784
3 439353344
1 9728
7 64320
1 3050
9 530022400
7 229888
11 762
1 5890048
0 1
1 6550
1 33728
7 624
37 2490625
11 469500000
3 571250000
1 5299200
1 8929280
5 218
1 9660
11 54132736
13 23136000
5 42176
1 35
19 415360
13 9126400
11 63600
9 39760
7 1705
1 19020
3 712000
11 849000000
2 689453125
1 50176
19 131500000
1 8250
6 841796875
1 9728
1 15546875
11 3901440
3 2470
7 90368000
9 26650
1 244
1 31500
7 780
1 370
1 83600000
3 4100
19 25812500
17 39320
1 635000
1 3
21 17980
1 1987500
1 14480000
1 304
1 161792
1 787500
1 69680000
23 27230208
23 65339392
1 675
1 269062500
1 3
13 773000
1 5088
1 12928
1 264
11 253760
49 1674
1 148125
23 81203200
1 6
1 14720
1 92480000
1 590
1 3
3 8780
13 18784
1 232
3 1424
1 25100288
8 2295
3 10432000
11 121920000
1 268
23 157280000
1 166656000
7 9781250
1 3680
12 463
1 62080000
0 1
1 19820
7 350800000
22 2603125
7 2928000
1 13840000
51 55115776
1 274000000
3 13550
3 392167424
3 932000
5 23789568
27 1358000
1 29440
1 3360
1 778043392
7 3216
1 241250000
1 88704000
7 3512500
1 8600
17 18025000
11 57408
1 1260
1 11648
1 53600
1 21120
11 654400
3 241600
1 19520
1 227082240
17 159129600
1 130
1 42176000
3 62504960
1 288768
7 39
44 4515
1 84500000
1 72704
11 13424000
1 129280
31 8270000
1 15134720
11 7420
22 56328125
1 72
1 53920
7 10531250
3 824000
9 192200000
13 879616
1 755000
1 3
1 755
1 9
21 97100000
41 2295
1 10880
3 360156250
1 46
29 13250560
1 6914048
1 9093750
1 50176
7 61062500
7 519372800
1 2568
1 267776
7 845703125
7 987758592
1 1772000
3 170800
3 1513600
1 29
1 580
25 64946176
11 15856
0 1
1 2848
1 516
0 1
1 55
7 120375000
1 14593750
7 189500000
1 2360
1 6125
1 756
1 8496
2 9425
9 862000
3 22988800
17 600625000
13 3923968
1 36
1 1850
1 10112
21 2300800
1 181
1 2568000
1 17200
1 58560000
1 258539520
1 38671875
1 216960
9 119296000
9 30496
1 68864000
1 23859200
1 34432000
7 11525
13 5270
53 982016000
9 24650
1 886
1 137000
43 78160000
1 2962500
1 88250
17 602240
11 178560000
1 760832000
0 1
3 7775
4 388671875
1 161177600
5 342360064
1 516
11 88200
29 1656320
17 4605000
1 11750
3 908288000
1 420
33 12121600
1 5440
1 6
1 569600
1 2375
1 184
1 499712
5 13968
11 37200
1 2670592
5 45416448
9 257000000
1 208
11 12325
1 3430400
1 275
11 298125
1 620800000
3 7240
1 1620000
1 11125
1 103
38 13765625
1 550
19 308125
1 104192
1 1360
17 954000000
1 236000
11 4990
1 282400
3 7136000
9 26600
1 699000000
1 15680
13 2505000
1 208
1 7290
9 2553125
1 189
11 1860
1 56800
1 2704
0 1
7 5680
1 62464
13 507084800
1 840
1 3828125
11 98625
8 1321875
1 11110400
1 24400
1 426
31 1654000
11 1923200
43 17220000
27 121446400
1 3
1 62464
1 39120000
3 430720000
3 1780
1 79052800
1 132
1 211250
1 248
3 124
6 22421875
1 5865472
19 1278720
1 2225
19 179062500
1 6850000
11 119
3 193600
1 680
1 444416
1 7232
1 860
7 473125000
3 171200000
7 1452800
13 1089280
9 739840
1 9728
1 39976960
1 141721600
23 1345000
9 120400
23 224320000
11 36812800
3 28736
0 1
7 227600
1 62
2 806640625
23 4193280
1 63125
1 3215360
5 6610944
7 16820
1 196500
1 48200
9 498125000
13 182016
1 13100
1 160625000
11 104625000
7 16768
11 31320
1 21500
1 4150
0 1
1 1992
7 75360000
1 257280
1 83456
2 361
1 21
3 10526720
29 163800
1 1223680
7 18700
1 664
1 274000000
3 186400
1 54657024
1 56960
1 164
1 427950080
1 104
1 54784
3 1562624
11 47488
37 466432000
1 47972352
7 43392
5 3308
3 226250
2 331
3 6752
3 6200
1 3240000
0 1
1 55500
1 140
19 2902400
1 4704000
9 603520000
1 4966400
11 1384375
1 10200
7 31760000
1 85
1 4691200
7 288500
9 60108800
1 15232000
1 1340
1 1315000
1 88
0 1
1 748
3 523
1 34
4 470703125
1 63000
19 3695
25 14073856
1 26500
17 50892800
0 1
59 1248750
0 1
37 149531250
1 55
1 66250000
1 223346688
17 1747200
1 32120
3 941056
1 304
3 133
28 14578125
33 35703125
1 21187500
1 344
3 26720
1 41728
9 365600
1 1030000
1 83840
41 16580
1 39
1 59965440
1 18944
1 14150
1 11875
1 205
1 29375
7 106500000
3 1287500
1 16320
1 13040
0 1
1 5792000
13 36915200
5 11744
1 155
1 50400
1 56500
0 1
13 27492352
1 6
13 774
3 450363392
23 9637500
1 952
3 95937500
1 1488
11 245200
1 302400
1 17240000
1 2988
47 8775680
1 208
0 1
11 361676800
9 154173440
3 907673600
1 26
1 146800
1 182500
3 161792
1 1546240
1 784
5 13904
3 10703125
23 56768000
9 1976
7 5484375
13 7915520
37 19140
1 985000000
5 26083328
11 144400000
29 29550000
1 616000
3 297812500
1 1240
21 912588800
1 119799808
1 24400
1 6
6 330078125
15 103168
1 69500000
1 9
11 124400
23 3396
1 196250
13 35160000
5 4632
1 749568000
11 53187500
3 33250
7 7140625
1 195559424
7 35891200
1 9250
3 575488
1 53500
1 8600
1 310400
37 38320
7 37440
43 22297600
13 5817600
47 15952000
1 570
13 3264512
9 83125
9 19744
1 212
13 652902400
1 10289152
1 520960
19 254464
1 271974400
12 904296875
13 3724000
9 112250000
1 147500
1 550
33 5753600
39 218560
0 1
19 20439040
1 617600
1 3
1 232
1 11275
1 4864
1 1360
17 151093750
1 66880
1 969
1 5350400
7 609600000
1 13840
33 269687500
1 5920
19 134200000
1 19148800
33 943
1 13
11 623360
3 1347584
1 260
1 10175000
1 12416000
9 83800
9 57147392
27 1862000
11 76513280
17 46016000
7 17750
11 6488000
1 3
21 24755200
3 872500000
1 145408
1 108625920
1 4562500
1 47872
29 340500000
1 45200
3 5964800
7 492306432
7 882500
19 55616000
1 11900
2 2045
1 7424
1 405
3 111875
13 12057600
3 55424000
1 3375
1 77343750
1 354000000
13 74480
1 174687500
1 2944
1 403840000
1 32560000
1 5184
1 2700
1 98508800
5 740352
3 44150
1 285
1 4014080
1 3360
1 198
1 672500000
3 3387500
3 23859200
7 156
1 32375000
0 1
1 110
7 886784000
0 1
1 3430400
1 540
1 7424
1 38375
1 3975000
9 686000000
3 11852800
1 344
1 428000
1 460
4 103625
7 65156250
1 232
1 475500000
1 938000
9 34480
1 9218750
1 474500000
13 1604
3 410
1 43
1 304
1 135
1 230078125
1 44
1 41472
1 3080000
1 6
1 168
2 110125
9 42035200
1 3
1 4656250
1 36
44 943
1 2396000
1 223500000
7 29360000
17 663200
1 54750000
31 4561920
1 3
9 129200000
0 1
4 783203125
27 180500
3 3750400
1 510
1 15400
3 7651328
1 50176
1 129500000
7 11312500
3 252160
1 12860
1 213600000
1 23360
11 38461440
71 12460
17 454033408
1 3964928
1 68
1 17536000
1 171520
1 110
1 53000
1 72320
1 1480
7 32384
7 195
1 26
9 627500
5 29152
14 119625
1 202500
7 1974272
3 571473920
3 56125
1 70
