10000
649 915
163 504
53 235
130 131
109 475
214 757
719 788
479 975
515 811
367 972
69 221
21 44
53 157
77 398
227 332
38 87
145 976
396 403
203 381
675 838
157 309
827 962
17 56
455 654
377 809
605 908
907 929
631 978
286 621
289 462
425 428
139 144
259 368
623 642
767 773
32 281
235 624
88 871
391 423
219 266
838 905
65 909
268 285
589 812
83 97
381 455
104 775
155 254
329 332
90 121
616 767
139 280
197 286
407 494
28 841
8 791
161 278
152 295
169 795
121 548
4 75
293 780
297 554
119 218
57 248
15 596
328 395
726 919
31 69
138 229
607 686
462 905
81 158
9 50
193 297
521 978
112 225
15 17
34 53
747 844
253 423
519 955
138 707
119 179
4 821
47 67
159 341
356 505
238 817
418 897
257 345
229 384
500 599
5 6
769 819
155 548
388 879
169 449
79 281
3 641
206 221
155 498
127 355
2 31
237 952
379 639
665 869
435 577
682 895
52 77
295 712
341 369
311 320
47 146
92 287
254 615
166 213
11 16
229 378
443 651
67 478
119 797
7 230
691 938
348 757
123 268
1 236
228 233
170 307
27 637
293 823
106 215
83 225
175 184
679 926
186 287
611 691
49 467
839 933
15 511
619 992
176 983
1 976
573 575
135 521
569 898
244 469
179 804
287 815
229 495
233 751
313 404
283 723
161 206
607 904
611 990
96 143
14 869
229 454
161 766
856 927
295 631
2 125
151 729
19 21
432 457
173 537
464 489
50 849
135 347
523 548
17 20
63 137
71 165
297 617
505 778
234 437
773 948
135 304
123 175
405 902
538 843
105 863
92 987
121 582
7 12
481 493
379 412
263 423
13 326
571 771
193 783
201 632
206 785
154 317
7 12
72 77
524 783
48 49
711 967
47 972
247 326
46 931
12 19
13 87
184 991
171 206
299 673
197 658
170 263
364 499
421 764
106 115
205 327
52 85
375 377
219 685
215 403
227 554
199 761
383 826
49 118
165 212
535 727
13 38
345 587
190 389
105 164
34 69
63 326
110 401
13 16
11 14
671 830
653 691
697 743
94 663
301 769
67 321
125 156
683 999
47 605
259 787
401 933
16 53
361 788
769 890
157 200
89 397
469 614
190 997
251 639
371 403
506 573
136 149
13 344
97 115
95 924
205 456
552 593
207 949
831 913
115 847
175 667
49 269
387 569
49 649
451 686
16 131
49 59
49 54
13 35
659 791
676 801
474 571
691 768
417 454
33 256
14 111
6 7
263 316
71 98
376 661
7 8
79 238
31 873
537 725
565 726
199 225
127 233
399 983
309 860
34 49
630 953
332 347
46 281
270 811
10 11
647 949
169 738
97 378
135 244
1 1
443 732
167 234
180 293
688 709
227 905
85 397
153 761
143 933
16 59
12 433
819 971
613 926
98 495
31 386
111 466
23 170
267 551
137 190
32 305
368 431
706 735
137 150
30 611
488 675
305 731
306 605
147 218
46 647
125 828
198 611
127 473
10 17
159 743
194 421
167 700
261 721
567 989
97 111
499 505
195 418
361 364
199 788
30 143
389 491
152 181
71 182
634 777
198 971
319 863
770 851
112 307
2 7
200 207
13 18
233 488
109 248
1 1
3 308
491 520
183 325
103 897
577 702
189 866
124 293
266 279
318 839
1 1
141 487
108 307
682 995
94 203
25 47
385 804
151 618
110 269
904 911
367 441
695 728
351 647
92 421
845 893
265 324
625 817
81 158
241 962
5 7
383 994
74 131
215 339
32 613
240 493
605 808
163 572
57 670
255 529
137 186
543 983
147 169
144 793
488 827
3 49
64 321
559 700
51 76
9 23
484 885
412 989
101 218
553 590
173 472
556 823
113 220
293 421
571 738
81 173
649 812
408 859
519 566
49 223
260 751
14 111
41 89
225 767
560 879
197 302
78 763
550 687
540 589
343 694
29 159
77 369
29 114
189 253
37 688
697 981
35 59
55 307
409 460
10 51
25 493
159 416
27 295
267 410
69 76
9 13
192 805
104 699
31 247
179 289
291 419
274 715
395 759
334 621
773 798
552 589
379 438
179 232
5 182
23 54
547 591
2 361
463 949
499 637
389 479
557 902
119 123
463 464
944 949
44 325
127 352
360 977
268 455
89 158
318 569
13 496
65 69
557 687
417 472
67 217
118 167
42 83
14 23
305 317
167 920
127 454
227 315
713 907
62 549
18 95
276 295
7 16
1 15
173 232
498 833
59 488
153 715
13 41
571 993
493 762
33 800
209 250
136 209
49 81
448 467
223 348
2 13
610 931
97 163
175 242
10 859
48 145
545 584
502 765
541 773
206 239
18 65
409 487
69 835
266 425
35 44
13 27
377 981
375 433
1 134
221 295
239 258
229 425
326 751
345 898
95 337
92 429
173 209
608 693
3 34
425 481
188 895
56 57
68 631
303 605
114 263
27 38
179 288
13 42
16 21
397 797
187 485
1 454
187 228
274 943
3 8
503 902
559 954
25 139
460 743
116 987
7 27
222 835
833 864
304 397
87 595
46 495
55 851
146 245
79 594
205 977
392 491
959 970
103 138
115 208
317 838
435 737
58 215
170 951
316 729
43 89
40 313
56 97
236 821
4 189
351 433
417 775
45 673
292 529
302 577
397 429
189 215
131 400
269 702
91 115
45 253
23 836
427 886
65 81
41 667
209 326
206 231
148 515
53 239
86 421
139 796
296 887
743 893
2 237
618 989
58 85
478 781
234 605
77 103
217 221
346 899
387 647
245 753
699 874
671 697
528 883
118 239
43 267
369 430
11 46
41 56
689 747
5 174
489 956
202 761
143 852
127 376
131 333
181 667
365 487
221 264
2 853
337 492
667 724
119 283
421 794
733 951
147 197
134 159
659 849
834 955
8 323
217 316
89 127
26 73
691 781
247 542
672 881
26 587
347 795
13 25
13 131
35 54
156 233
386 797
2 225
615 832
499 582
197 332
205 544
318 457
29 104
44 897
268 295
364 701
77 195
377 748
148 963
264 311
59 405
124 289
160 299
2 33
107 555
325 891
587 688
99 244
31 302
204 331
81 721
437 491
205 207
278 603
378 491
779 935
437 450
115 861
45 101
451 914
181 909
527 776
86 99
451 749
636 727
165 208
74 995
229 674
167 240
89 140
320 877
52 551
202 563
811 913
131 207
410 527
893 901
37 94
611 941
269 470
355 887
787 827
103 238
446 883
257 454
146 369
151 686
99 161
26 27
26 305
13 331
157 212
502 935
145 247
287 384
418 983
537 616
307 928
29 271
519 785
31 67
351 512
362 855
533 691
120 209
17 447
272 437
56 621
35 278
139 544
107 855
527 623
153 457
422 523
720 811
269 858
397 649
37 726
41 51
305 851
549 592
513 758
687 700
643 831
265 282
167 820
818 927
187 208
635 806
83 289
276 449
23 75
306 307
50 877
125 188
70 97
9 130
13 108
129 131
165 421
230 777
336 395
669 727
63 953
727 762
88 651
675 727
371 659
416 825
178 597
261 637
83 88
5 851
246 863
52 171
131 463
16 63
33 997
157 534
509 600
2 75
106 401
338 691
18 23
695 839
9 181
2 27
8 91
259 290
2 237
118 433
12 665
873 967
119 332
596 715
11 29
5 919
923 965
5 216
436 833
11 90
73 236
9 506
823 887
229 497
173 568
117 470
2 147
85 127
181 969
518 985
79 98
337 594
113 478
738 985
265 388
96 247
8 15
245 304
113 434
84 319
51 143
107 815
1 2
465 473
753 985
505 647
471 997
43 135
45 172
609 808
213 509
55 486
881 886
6 35
29 612
887 980
14 121
386 533
691 799
161 676
413 485
331 344
39 181
223 280
478 755
169 460
221 258
420 949
39 548
419 491
64 107
611 944
126 311
165 848
695 788
334 495
31 122
544 905
164 821
77 793
117 197
518 673
46 279
230 871
22 23
667 716
15 223
747 811
101 185
673 980
23 130
172 237
707 1000
26 33
58 873
74 99
470 533
396 743
286 591
333 337
100 887
286 475
81 175
424 569
742 937
284 849
104 383
289 503
209 857
115 174
2 37
19 92
78 215
51 76
2 761
307 814
169 905
213 686
98 557
425 806
107 355
311 579
57 119
877 899
277 488
480 607
431 928
341 598
22 329
25 314
623 857
143 257
421 480
153 496
108 181
389 854
373 812
167 376
149 236
697 980
371 443
16 173
193 566
37 483
83 113
7 109
130 141
97 129
65 306
227 444
637 999
424 987
137 556
229 295
301 446
71 740
233 266
455 487
721 904
15 202
3 109
53 861
578 703
59 613
16 85
262 277
1 2
183 400
37 476
741 883
185 399
98 937
506 653
147 848
260 723
9 26
97 692
44 71
287 366
41 712
208 915
19 147
25 56
502 855
365 626
18 89
143 211
293 978
236 265
325 604
645 689
175 949
19 334
283 325
4 19
287 579
320 787
80 533
41 143
339 685
86 113
199 345
169 370
5 6
185 822
505 813
197 272
153 242
1 411
43 328
40 127
403 418
55 729
316 379
61 94
3 4
73 91
112 449
225 914
831 946
183 443
44 49
619 912
34 43
147 274
169 296
221 844
146 233
709 923
35 152
139 148
69 952
167 984
428 987
487 602
59 477
487 879
84 881
27 34
137 147
89 675
68 105
807 826
526 897
11 250
523 857
47 96
16 47
926 977
704 725
13 727
347 796
198 199
209 785
71 315
344 605
688 693
323 467
143 592
2 65
631 826
173 255
933 949
23 281
914 935
49 90
221 469
9 790
163 914
8 553
241 966
47 387
7 811
480 979
155 498
418 735
113 931
107 196
122 509
82 385
457 458
541 689
114 481
19 41
667 849
249 841
29 222
49 215
38 879
715 851
901 999
11 23
197 203
101 344
232 397
384 667
249 503
61 135
298 321
515 518
10 33
751 807
427 496
129 133
11 39
25 853
210 227
409 884
59 85
578 909
353 619
343 722
26 145
461 881
709 801
165 334
235 982
651 823
25 76
99 499
77 160
35 53
131 166
35 947
134 781
23 98
127 323
19 27
175 712
30 79
5 7
224 527
284 543
643 732
115 123
218 671
548 965
231 449
390 427
37 109
281 738
22 27
207 983
613 633
641 891
127 186
480 677
331 357
617 727
170 171
293 665
53 131
409 593
250 811
577 585
190 237
283 797
236 335
314 459
63 164
197 810
149 674
12 731
887 903
797 971
240 349
206 409
115 247
27 160
227 730
193 472
729 896
461 909
47 118
15 28
814 951
28 947
179 661
83 321
183 757
686 901
109 210
149 579
280 331
61 274
387 772
289 395
43 938
279 289
217 375
53 166
32 119
206 229
430 917
178 247
73 708
452 573
23 174
16 35
29 37
43 885
36 37
909 976
513 728
157 504
49 733
149 163
27 193
1 31
85 473
199 412
365 496
358 973
872 977
664 841
20 643
251 471
67 156
434 817
457 975
200 851
394 649
202 295
591 916
469 790
69 116
437 999
14 31
438 887
131 974
593 844
69 82
52 127
89 161
9 247
258 359
334 943
27 56
19 52
426 673
84 317
495 599
73 470
602 769
771 857
219 268
82 611
461 741
181 237
332 381
49 89
100 109
183 838
127 145
233 476
41 100
180 211
89 177
254 301
236 325
7 43
82 387
322 625
211 219
27 109
647 999
5 49
227 865
383 465
593 953
251 925
207 277
7 25
497 659
685 858
11 192
106 139
139 198
215 919
70 417
236 285
299 337
459 923
190 523
19 132
23 59
563 885
18 65
249 797
651 884
97 287
31 42
153 265
4 55
28 687
274 283
122 495
188 345
532 787
599 605
331 849
213 290
110 151
53 381
567 955
19 52
143 372
263 268
5 13
53 192
488 775
708 935
462 755
48 73
3 14
412 991
97 223
427 955
99 254
197 686
115 938
389 527
71 694
475 607
455 902
375 842
150 287
5 12
4 289
195 254
128 131
141 652
736 823
63 760
39 53
516 865
98 555
206 465
153 193
288 889
235 457
121 584
198 595
28 65
128 665
213 290
121 235
251 902
449 589
282 331
3 593
182 593
207 952
226 401
27 47
31 37
1 1
781 868
39 124
127 678
205 279
231 346
446 737
1 39
11 23
457 571
139 393
5 243
5 221
40 43
31 112
205 483
791 921
367 515
14 27
206 235
595 633
493 567
385 878
157 282
141 163
719 922
64 109
72 97
981 982
5 97
581 979
688 711
384 775
1 17
95 109
305 409
95 333
118 253
113 419
211 359
109 240
77 130
8 779
213 737
585 931
303 622
112 703
31 223
179 217
106 277
749 944
725 752
5 12
759 848
589 807
434 565
61 960
261 880
65 762
38 39
193 307
3 49
684 767
24 91
401 514
22 27
1 1
127 427
77 334
332 831
108 209
48 49
256 581
37 45
371 503
88 883
175 176
125 156
206 351
815 936
23 62
239 948
557 933
246 281
227 956
121 399
44 125
77 614
7 75
196 369
28 69
269 954
252 491
235 411
229 271
92 337
353 958
41 119
608 733
7 233
850 939
47 102
373 899
316 753
142 171
540 827
542 777
258 325
19 91
485 998
397 676
241 484
161 950
382 863
121 123
357 365
109 609
329 363
145 523
83 269
179 486
105 181
101 332
608 713
71 145
7 31
510 691
174 295
65 814
292 655
36 143
103 147
377 511
424 467
531 848
88 463
529 881
269 879
713 824
787 951
9 22
5 64
217 250
97 110
177 323
471 619
305 646
1 7
300 511
824 981
118 487
205 517
77 255
164 219
43 152
471 574
14 75
259 702
49 241
41 108
306 361
829 849
27 65
17 426
679 923
35 232
402 415
163 402
492 571
5 7
914 963
221 327
846 875
780 899
658 981
29 333
44 95
278 445
26 47
839 866
143 398
73 464
451 926
81 188
612 809
328 735
275 401
347 603
612 899
165 322
296 589
677 885
284 715
769 960
61 418
467 806
95 113
265 536
353 400
115 172
319 321
71 108
627 844
93 350
7 30
85 134
214 331
103 254
77 796
437 664
193 498
46 81
207 220
631 940
515 581
21 319
353 468
21 167
11 57
131 647
589 867
170 219
381 467
123 628
197 969
15 26
235 496
63 239
391 770
796 919
22 57
767 856
26 199
727 745
634 973
308 325
725 996
161 289
244 431
94 439
742 941
288 761
166 475
169 192
182 743
7 529
97 143
617 980
103 122
731 776
135 479
30 197
95 193
59 71
229 278
5 6
1 150
139 667
227 797
34 919
31 200
372 391
1 63
11 105
9 601
32 47
160 423
37 109
71 779
102 139
53 487
310 737
398 749
96 325
121 155
97 425
230 433
770 967
134 259
255 737
491 931
468 673
266 383
104 225
52 349
571 688
127 442
3 7
151 227
176 557
5 12
1 10
418 907
851 923
119 241
78 199
661 833
176 497
381 446
53 73
781 860
320 409
167 455
104 843
79 813
457 652
238 387
1 54
661 960
179 286
443 454
9 17
47 761
95 759
187 322
432 617
367 581
251 268
859 940
52 345
128 463
5 18
513 677
583 830
117 293
10 21
1 1
171 343
41 811
194 861
96 493
74 93
569 770
177 431
556 729
305 753
17 27
539 556
229 585
67 329
899 974
253 940
278 329
201 241
21 661
34 625
63 73
50 197
248 283
94 151
279 376
780 893
68 475
131 437
566 809
817 868
493 712
52 69
674 825
449 938
81 316
182 999
282 379
23 58
108 293
593 906
259 451
173 788
679 751
57 530
512 551
183 464
177 836
102 265
467 658
637 944
501 700
341 514
72 223
13 167
132 785
342 365
211 935
307 443
709 788
1 6
751 766
198 299
117 349
255 937
337 361
249 329
38 313
20 759
141 680
12 281
228 449
23 292
337 353
185 991
55 149
122 149
193 330
47 77
8 507
83 821
67 592
589 903
123 671
201 341
62 559
215 259
243 379
529 536
29 828
32 615
97 421
199 662
21 365
368 447
584 811
49 663
100 903
623 697
353 792
223 413
99 766
45 97
9 106
46 155
245 264
309 413
172 327
74 123
83 151
143 340
111 508
677 946
467 759
446 831
191 894
11 13
203 396
5 7
4 107
624 893
200 901
625 726
1 3
662 679
14 41
118 329
388 607
197 404
20 41
155 787
52 859
153 304
593 906
113 140
9 34
402 865
397 739
113 257
4 49
279 913
81 134
173 299
252 415
397 423
398 755
235 361
50 273
47 56
136 525
209 405
341 941
9 844
5 319
837 911
428 871
41 148
25 884
69 436
134 317
133 442
321 647
4 19
22 27
54 917
695 868
49 73
34 99
577 940
292 327
119 334
341 755
31 137
215 726
151 181
80 947
22 273
59 81
259 885
283 329
75 278
2 3
76 229
287 846
77 439
501 782
345 388
221 467
421 837
220 433
164 931
47 357
34 699
461 501
253 632
101 253
153 580
1 383
38 43
402 659
76 79
419 725
29 49
582 583
388 401
477 494
235 484
442 887
731 891
11 137
453 970
72 961
135 587
79 261
439 473
283 356
317 425
811 871
42 97
89 162
46 79
196 477
63 715
9 73
844 861
11 142
285 826
408 979
269 307
111 361
243 409
251 320
193 793
71 566
165 343
624 893
77 79
179 685
59 81
11 295
3 97
383 815
258 433
397 964
509 944
675 967
55 243
177 269
276 979
313 500
302 571
262 743
843 958
579 797
38 607
395 912
291 491
824 975
88 353
305 889
113 241
211 243
396 775
134 167
23 406
54 929
83 370
7 858
321 583
40 637
95 187
63 200
17 83
619 661
23 78
151 424
510 899
2 5
129 419
35 129
1 25
94 325
111 257
389 486
3 778
3 10
329 904
196 239
533 578
8 47
276 661
481 580
108 307
355 477
10 99
79 83
41 114
211 380
21 34
68 101
181 205
971 983
51 847
536 839
605 677
303 979
74 319
247 553
17 852
739 939
449 459
535 672
42 475
27 628
245 774
425 591
78 943
231 244
94 311
8 141
51 616
67 817
87 392
411 485
251 413
319 422
1 3
34 405
82 729
542 921
572 631
413 502
145 162
463 957
79 155
47 484
189 983
901 955
215 704
565 918
212 355
73 303
302 407
225 856
842 983
458 923
395 578
102 443
225 232
209 238
445 904
209 283
14 51
21 25
523 735
533 752
360 907
449 654
193 468
316 993
101 201
20 121
123 170
884 963
29 105
236 443
167 295
135 386
437 485
9 709
113 409
47 206
474 685
461 752
44 307
589 739
133 542
153 254
228 281
158 359
332 607
95 667
3 143
6 205
3 430
209 631
265 604
173 431
56 243
780 803
519 839
381 511
235 293
10 19
139 198
19 34
484 653
310 603
37 458
57 157
1 4
379 830
212 215
24 401
521 751
37 404
724 729
292 711
151 171
314 371
157 481
289 893
101 118
58 73
20 33
257 306
4 7
80 249
699 970
211 493
445 917
31 40
218 231
59 131
482 583
502 755
596 737
487 763
19 140
661 930
101 177
311 367
821 869
177 323
255 683
361 649
11 173
356 589
514 817
177 593
6 19
118 977
189 323
44 93
427 799
1 18
274 593
264 683
784 873
449 461
668 991
277 799
881 939
179 994
707 969
94 415
439 520
77 86
878 881
262 361
27 191
349 375
299 678
313 705
304 329
285 436
184 363
103 131
36 583
1 9
389 850
290 471
68 183
424 465
7 54
544 785
77 109
10 31
89 292
99 388
113 481
39 332
269 308
392 445
45 164
58 85
83 316
99 886
391 964
4 15
23 481
387 658
373 532
100 169
764 937
397 486
86 479
53 60
37 65
621 775
6 229
629 796
163 428
47 98
4 27
295 546
318 497
499 851
67 999
34 97
219 311
204 415
545 617
151 192
25 51
286 317
105 331
688 749
283 613
341 750
431 452
18 337
398 541
91 643
55 763
44 239
125 212
299 818
265 502
277 914
63 407
8 11
1 140
223 269
120 773
226 951
139 173
466 733
797 813
71 103
2 23
1 33
700 719
147 206
61 373
959 986
215 809
179 264
58 473
933 937
32 33
383 796
414 905
31 491
8 237
53 57
141 884
159 286
1 136
279 433
1 221
26 43
79 271
80 237
25 148
43 97
452 895
447 508
303 472
1 9
214 599
51 59
267 547
587 954
729 898
15 106
115 154
133 292
122 343
1 2
235 259
272 851
114 239
403 670
341 511
304 549
632 949
845 973
229 476
548 595
454 491
366 415
225 314
170 777
187 764
144 157
103 192
394 925
103 232
305 409
653 871
455 743
93 827
262 425
74 229
39 236
769 980
683 947
86 157
457 682
141 424
517 810
41 289
59 704
27 28
616 691
53 78
641 794
535 718
181 244
221 649
133 169
253 300
61 93
127 150
467 570
199 424
325 464
2 27
225 847
172 311
1 35
20 21
40 993
276 523
213 322
525 529
109 307
580 873
594 835
111 245
29 98
289 322
243 956
365 456
521 738
677 991
543 946
434 439
83 413
351 460
123 523
151 326
268 889
341 446
458 465
261 605
79 288
149 357
668 891
102 691
74 133
301 741
137 422
13 53
374 631
275 551
609 982
209 487
140 401
387 475
37 451
276 697
257 504
465 767
290 903
7 23
224 799
51 133
55 278
4 5
5 802
393 484
4 21
163 397
58 191
295 429
359 670
195 989
13 55
328 983
369 899
279 853
59 151
269 306
16 325
962 997
149 444
102 781
787 976
879 904
39 85
397 809
97 174
36 73
423 619
580 989
172 251
26 655
85 148
317 663
817 905
415 611
129 262
83 401
236 247
279 881
20 79
361 462
379 653
278 535
171 277
59 148
809 839
39 49
29 80
313 791
425 571
38 991
57 136
413 845
683 791
2 323
256 735
331 342
53 355
421 449
817 911
11 36
145 938
394 487
3 278
776 837
436 657
35 36
39 47
61 398
463 862
391 656
149 676
175 208
263 380
118 993
136 383
245 271
606 643
262 355
227 313
123 368
750 797
63 937
441 626
377 753
109 332
53 943
778 879
748 943
194 315
4 407
781 909
790 897
461 784
126 439
439 596
468 881
13 99
45 398
354 883
428 439
59 172
16 27
172 233
137 235
31 66
104 287
371 400
19 146
43 318
149 827
478 993
556 587
673 864
23 157
131 343
273 404
422 989
475 556
11 23
645 767
142 985
231 647
61 456
197 649
585 952
104 529
533 582
186 379
205 263
209 229
245 762
199 230
486 665
5 393
483 899
326 391
175 279
617 752
3 4
251 510
211 250
217 250
199 218
131 249
137 799
653 732
43 655
129 914
289 414
157 856
409 894
64 105
314 775
141 968
54 745
545 904
275 332
95 172
7 16
818 825
271 316
73 601
175 268
343 708
359 379
358 375
259 422
357 863
188 211
787 846
224 391
26 489
573 838
106 823
468 977
80 81
718 835
156 529
44 447
161 214
569 959
89 94
283 442
11 48
115 142
5 7
118 823
12 35
95 499
105 307
57 70
688 937
517 971
62 343
61 596
19 123
269 652
317 635
14 471
19 631
121 646
636 749
390 733
139 254
17 907
121 311
198 269
215 438
202 831
526 987
473 493
8 115
241 804
97 687
26 193
249 307
137 368
61 884
37 961
577 751
605 758
9 259
116 831
54 595
22 49
221 415
249 851
171 245
469 627
441 652
253 389
244 417
651 776
1 89
16 683
517 521
356 529
13 196
103 140
20 137
304 875
817 998
180 431
2 631
223 458
337 341
84 121
447 482
164 227
188 357
233 816
97 747
155 454
1 34
2 317
37 264
21 29
200 469
71 185
419 562
619 657
137 166
280 419
239 286
137 927
246 305
12 19
566 685
139 331
343 471
76 159
22 427
216 371
9 49
34 223
71 581
525 718
33 302
64 303
819 842
791 813
111 215
333 820
234 641
123 221
338 489
511 972
418 645
191 946
110 249
271 482
347 348
461 551
152 365
285 307
161 192
349 833
718 797
703 742
41 276
695 772
365 643
265 448
557 861
93 131
319 765
160 213
8 893
101 229
17 23
211 820
29 67
446 585
85 161
684 803
9 121
367 627
28 611
111 311
547 983
564 905
871 970
447 788
252 697
99 163
122 759
18 71
25 367
194 689
224 265
269 671
146 895
127 594
15 394
507 536
321 533
31 66
544 649
429 791
597 886
17 38
75 647
349 822
19 85
649 999
254 301
101 193
33 739
34 141
6 17
441 551
40 143
47 183
547 772
817 818
3 7
163 276
167 826
99 271
401 773
122 173
229 794
89 275
667 859
671 763
320 591
237 272
13 386
30 43
123 998
395 791
45 847
154 919
202 245
35 73
315 331
164 295
47 267
11 283
53 513
149 170
115 498
317 357
409 550
83 114
34 169
26 113
761 813
483 961
316 455
297 565
872 987
25 781
109 898
115 248
88 695
791 828
363 958
181 318
23 61
39 92
189 277
413 957
36 251
381 382
73 174
358 405
300 343
144 199
791 836
89 163
201 325
547 732
118 143
99 119
58 443
13 158
84 397
3 248
36 547
651 958
133 781
250 869
333 412
418 773
116 499
1 100
69 724
775 906
135 337
156 961
31 34
186 577
62 561
67 949
2 85
250 837
73 164
21 25
67 86
523 981
65 357
232 821
368 369
40 93
26 109
120 227
121 786
255 484
156 289
301 828
153 482
129 287
165 578
183 346
302 387
27 418
604 745
274 277
635 754
59 216
555 748
46 155
491 836
120 499
67 851
454 665
49 207
224 435
123 340
261 697
153 322
141 362
341 912
61 879
333 418
352 703
638 943
7 678
97 375
105 491
947 964
368 985
37 94
89 160
6 755
293 498
190 337
280 551
184 325
317 809
51 736
870 901
53 160
636 785
1 30
1 3
77 89
106 119
82 917
169 453
13 37
55 544
136 229
22 415
363 859
149 974
82 309
635 694
511 814
799 802
11 98
142 149
78 121
163 434
659 959
564 569
76 257
631 978
475 533
356 541
45 307
71 481
845 931
66 151
55 214
565 832
20 33
6 167
5 42
105 214
515 871
85 826
72 77
677 913
269 275
67 152
796 985
241 342
492 919
541 663
15 124
103 196
895 971
271 451
149 223
233 825
31 324
179 771
63 166
74 95
1 1
27 526
53 250
378 883
239 445
272 755
52 811
181 325
2 35
428 479
133 313
543 799
255 424
149 214
157 977
789 908
243 584
7 134
671 861
2 21
135 161
40 163
8 297
232 409
209 941
322 381
2 9
957 977
291 848
123 676
297 313
181 190
12 233
281 528
9 638
205 273
278 823
179 315
475 803
574 843
577 928
327 704
19 77
149 389
134 159
783 920
161 879
197 414
76 261
709 870
59 82
879 940
947 963
257 316
756 859
169 651
579 853
346 505
328 397
19 686
296 397
426 655
300 661
246 271
555 581
74 83
67 221
721 880
52 67
75 106
597 934
2 21
229 414
31 35
663 710
721 801
274 339
429 991
597 772
46 93
151 479
199 371
41 69
23 427
188 367
528 599
621 940
154 241
298 655
33 74
570 677
353 510
27 911
47 75
255 424
16 33
428 493
599 631
139 512
670 783
49 59
161 475
59 234
4 17
525 926
253 972
445 882
227 566
101 836
224 513
389 960
41 960
25 223
217 360
209 227
335 877
347 769
326 797
65 189
37 97
431 837
33 145
235 277
648 649
16 139
5 11
439 677
340 503
515 551
741 991
661 895
717 796
21 43
853 911
581 619
472 929
355 456
188 277
73 296
809 896
118 511
461 816
27 73
73 92
35 37
493 747
375 491
5 6
209 590
265 354
167 293
742 863
578 673
567 818
931 960
177 763
857 893
1 4
62 67
57 62
364 873
233 272
17 338
759 766
551 620
2 129
116 127
31 59
621 700
412 473
206 327
168 191
773 880
149 199
313 315
222 535
337 424
187 249
281 771
433 769
200 387
836 961
43 421
209 920
731 861
273 512
17 672
121 142
61 226
41 201
3 22
172 225
1 2
181 440
801 949
829 876
644 807
228 563
337 627
579 694
764 997
271 782
143 586
169 347
191 490
69 131
23 267
272 743
11 46
401 879
631 670
9 74
35 306
107 404
363 494
140 709
83 756
129 937
258 347
262 923
277 326
55 359
460 509
242 289
98 99
95 383
403 981
163 547
412 677
57 421
33 52
531 922
27 472
7 12
313 317
421 733
77 347
221 233
166 509
196 969
161 395
11 403
815 853
389 680
37 66
40 243
284 317
292 409
28 121
149 411
306 533
225 686
33 251
110 203
16 979
248 759
199 820
39 953
97 109
399 881
476 645
409 668
55 109
65 153
844 949
607 748
471 499
1 688
1 9
491 857
380 387
15 646
203 293
277 939
9 11
475 728
178 485
66 533
74 151
169 990
29 35
69 208
227 249
412 607
313 369
50 583
178 241
217 319
59 186
173 182
386 893
311 315
73 130
83 258
740 907
455 542
218 347
488 553
198 365
35 121
37 102
53 80
287 423
164 235
235 951
31 174
41 161
575 997
221 791
137 803
611 959
41 592
11 159
477 985
153 922
237 835
97 273
153 167
245 286
424 627
441 470
37 155
43 112
501 806
11 289
427 803
61 87
335 601
353 618
580 883
443 670
95 144
3 17
353 609
117 311
16 19
510 937
43 689
130 933
42 283
519 938
169 335
13 506
361 924
388 403
167 496
83 356
698 823
139 897
5 39
695 817
275 401
7 89
53 86
59 521
51 488
239 458
233 547
256 625
115 186
204 649
369 856
649 933
70 613
433 820
148 309
237 541
124 183
23 423
244 361
611 800
491 849
264 397
70 83
48 559
298 347
175 176
162 247
51 464
192 325
67 136
15 991
360 701
653 719
475 593
3 5
343 954
256 381
517 678
53 892
286 465
7 139
673 735
192 997
103 777
15 179
31 181
4 13
89 221
43 243
22 361
641 853
741 812
11 147
116 653
83 117
727 889
135 328
123 341
48 139
307 380
211 314
83 576
541 672
193 645
674 805
1 70
121 377
17 27
86 93
315 662
55 806
783 886
142 349
865 988
25 331
180 191
127 164
440 573
380 439
583 823
271 851
56 695
197 198
229 268
527 808
227 534
52 93
50 333
143 632
4 73
214 399
45 47
391 838
475 889
445 511
411 985
834 899
247 878
16 21
1 45
137 325
25 34
163 861
487 869
141 443
189 386
175 421
287 785
6 227
131 441
422 803
257 451
206 269
729 863
341 754
283 292
79 427
191 594
49 65
399 526
333 589
125 332
9 271
280 411
724 837
131 423
3 35
9 623
622 993
83 160
571 892
197 876
103 140
58 135
115 898
661 824
83 135
32 843
796 911
549 767
105 806
39 995
46 715
271 468
6 647
754 777
265 774
173 768
247 853
138 235
77 240
203 549
137 853
151 476
7 17
209 700
449 609
565 718
499 778
67 180
22 23
465 649
197 924
65 88
317 335
41 823
179 600
48 97
49 977
29 274
35 141
68 203
7 20
591 917
60 71
172 751
702 815
682 729
503 652
136 359
487 961
367 458
757 792
223 426
438 727
121 148
69 212
256 867
379 790
278 515
64 565
103 104
96 667
580 827
755 824
14 403
115 373
5 121
67 825
323 365
61 110
41 76
680 723
434 771
683 941
152 985
171 220
68 431
49 708
466 621
178 329
278 395
43 61
424 491
32 311
167 299
131 653
67 219
273 662
235 288
429 580
286 321
206 823
5 193
6 443
629 688
171 794
49 60
20 29
758 915
943 951
493 588
49 96
349 373
93 772
602 703
46 73
31 89
576 721
43 202
757 965
167 248
63 673
113 583
62 123
647 787
78 529
287 296
22 87
505 608
4 27
169 523
572 841
741 899
184 199
507 821
141 646
261 434
392 955
201 262
163 661
304 539
4 151
92 495
376 881
899 923
220 377
239 280
137 570
391 693
47 169
238 589
866 995
460 677
24 671
740 853
246 407
14 181
356 591
572 993
43 62
211 900
221 928
1 4
517 999
733 981
955 987
23 129
381 769
504 799
293 499
495 739
27 124
1 219
469 926
217 442
346 883
154 205
395 442
39 332
14 137
125 142
166 479
38 49
41 203
212 237
61 279
173 224
186 227
101 305
1 2
414 653
377 907
73 234
112 365
181 371
11 760
75 238
93 106
73 163
746 789
476 751
187 304
560 843
95 97
1 789
107 194
67 70
5 378
241 768
1 300
11 14
31 929
72 457
212 677
15 151
76 921
159 550
161 177
126 187
65 526
355 522
417 566
113 121
31 67
371 890
1 421
505 546
802 849
69 94
121 323
298 879
278 499
136 989
259 285
953 961
95 177
385 904
512 965
23 41
7 52
694 839
47 939
200 319
449 485
40 463
134 297
94 99
167 710
113 931
11 36
157 167
439 631
257 279
32 51
553 866
43 68
276 695
274 949
531 904
7 550
163 760
738 931
114 199
103 146
21 383
336 397
527 734
95 786
79 113
500 753
9 772
229 346
606 869
468 721
37 41
297 329
133 272
53 418
169 321
167 377
182 477
16 141
93 209
383 404
229 367
776 937
31 60
350 851
211 641
53 206
319 367
378 935
211 503
269 280
80 229
684 917
369 556
103 167
28 585
501 934
115 229
444 455
297 941
5 18
149 738
711 985
61 67
71 316
99 245
359 886
347 443
34 95
14 45
40 259
611 706
106 263
27 139
458 615
155 208
191 464
594 647
164 217
331 368
818 895
10 589
11 23
209 876
199 258
23 143
209 500
73 220
61 212
49 50
293 665
404 681
251 260
397 872
367 815
4 17
302 753
817 942
62 821
106 681
85 162
45 469
4 15
119 122
81 302
839 939
73 168
317 622
17 20
109 151
439 641
387 683
3 67
47 51
35 71
205 206
40 347
657 958
531 997
185 209
127 650
19 107
27 187
241 318
148 171
87 199
402 407
13 20
193 429
83 634
769 883
8 175
15 71
232 795
16 735
208 913
343 776
334 647
251 515
514 885
60 281
4 9
341 480
231 656
9 20
39 137
211 569
67 162
41 190
19 104
176 247
133 536
73 132
227 757
86 429
155 158
59 188
146 375
396 419
11 32
37 731
201 373
391 702
145 747
259 610
299 875
366 409
224 491
25 344
36 41
695 824
69 712
12 323
12 35
342 473
223 961
61 870
67 820
139 186
20 37
672 883
337 399
237 772
297 872
76 177
193 495
361 529
889 930
237 344
535 913
344 349
319 538
2 9
4 65
49 55
97 369
473 574
99 167
17 26
41 388
382 459
317 419
9 388
17 259
288 305
86 119
163 200
93 635
83 129
542 999
487 645
181 270
756 923
63 211
9 31
612 887
68 249
151 546
236 911
343 825
133 354
778 847
191 314
14 73
213 323
143 366
22 975
139 177
43 488
148 409
142 397
331 487
156 209
10 17
219 421
91 127
9 38
233 331
310 843
249 253
313 824
901 903
454 481
644 757
315 506
12 41
119 337
25 226
136 371
284 323
798 829
588 809
2 59
501 580
886 923
605 842
104 125
145 196
11 18
298 543
1 758
15 44
70 811
15 22
355 842
536 541
109 288
124 133
253 311
599 958
187 279
102 883
43 232
196 353
35 626
700 827
71 595
106 693
218 365
515 774
1 109
81 763
425 786
15 383
154 295
111 113
267 491
719 952
167 173
56 141
8 13
16 37
482 909
355 429
115 281
95 281
44 383
359 953
166 617
355 867
71 118
331 565
769 972
248 919
137 201
211 406
99 170
169 424
783 916
69 110
122 181
498 661
235 432
103 690
734 873
303 974
62 243
766 811
86 563
77 703
1 216
203 487
479 924
244 591
517 531
98 543
17 28
517 980
365 868
86 969
357 557
59 156
373 414
213 374
22 305
295 549
313 911
367 671
23 956
293 491
11 90
121 500
251 326
199 980
53 222
249 704
139 165
604 617
413 500
269 486
14 45
393 658
73 450
453 689
227 234
363 383
208 323
211 551
361 843
233 848
191 630
157 326
167 225
455 493
103 149
670 909
26 215
103 294
289 830
799 906
371 467
145 256
298 307
22 31
38 105
651 760
203 242
49 193
628 957
110 853
1 2
539 950
364 697
453 454
379 808
121 321
311 439
659 930
23 49
615 946
85 96
815 916
19 45
45 307
161 332
44 45
125 646
497 817
461 715
65 943
99 235
121 241
537 884
81 97
140 739
164 309
171 293
397 413
166 217
241 363
227 416
137 149
109 992
407 944
289 291
433 822
37 189
164 921
407 565
517 636
493 513
99 479
9 10
12 49
753 833
129 590
196 327
7 61
45 64
166 313
464 711
129 754
27 79
86 87
64 437
129 145
33 212
68 69
129 206
202 463
208 237
625 918
47 265
96 197
14 995
21 158
101 737
437 830
17 188
167 223
153 413
19 119
95 311
11 38
127 164
221 350
6 79
52 201
808 993
139 300
137 329
50 253
44 179
130 219
497 720
137 847
278 611
431 567
43 133
215 256
137 197
89 596
590 943
37 68
11 127
117 193
593 742
293 465
29 33
191 410
11 119
365 368
253 266
333 443
36 355
62 175
429 874
519 907
384 389
367 940
244 389
89 644
108 323
530 889
298 341
736 933
213 341
559 766
262 437
121 609
955 999
89 129
18 883
49 281
581 890
10 103
10 41
116 923
486 763
24 53
16 767
103 387
79 189
565 943
103 493
305 689
611 632
28 43
111 391
321 724
3 50
68 169
65 93
37 801
141 671
257 421
641 999
89 390
43 381
161 258
579 923
761 784
333 890
318 913
68 851
327 686
136 141
65 439
22 39
61 115
197 486
580 799
240 257
241 764
221 259
25 49
49 71
227 414
125 223
60 289
8 283
33 79
589 804
488 833
373 385
22 31
172 175
31 119
166 411
101 641
140 177
634 913
143 888
214 229
327 349
412 965
24 713
90 329
263 464
77 815
49 66
26 155
94 211
138 293
203 592
27 190
17 49
380 539
65 68
121 227
149 191
69 146
11 417
699 913
14 29
97 343
29 94
382 435
133 368
11 193
142 183
157 662
657 832
22 29
233 246
919 951
357 955
9 10
158 377
499 848
349 364
667 925
13 34
174 251
85 994
581 834
11 85
569 753
52 867
748 905
19 29
293 336
383 470
115 117
97 134
119 198
263 577
16 115
391 453
855 892
99 458
41 105
187 530
586 835
590 737
83 888
184 763
200 467
308 565
23 87
19 227
760 763
169 287
134 323
2 5
247 888
15 29
119 198
484 663
59 75
329 807
1 62
492 869
473 785
48 113
32 99
295 552
15 182
70 481
117 344
70 71
19 130
455 808
1 965
116 165
215 264
702 709
96 947
24 925
577 830
166 333
2 5
48 715
557 957
195 289
193 999
626 795
45 92
351 659
409 743
109 295
319 333
867 995
387 761
224 373
86 121
480 881
143 213
130 167
1 1
375 989
53 755
2 3
407 940
237 326
423 922
627 833
156 341
302 309
383 627
30 41
307 400
209 258
273 355
35 103
143 966
188 245
117 119
75 88
264 863
71 215
92 333
647 702
219 242
296 483
285 839
615 806
145 422
158 297
104 317
10 51
898 979
358 849
49 837
404 755
67 683
11 14
229 238
750 833
419 818
105 193
241 399
171 172
383 763
306 377
139 535
303 386
37 134
68 97
179 680
570 707
172 705
52 133
34 383
737 920
33 79
569 623
266 409
549 868
71 92
13 110
97 306
519 869
3 766
139 928
59 337
19 930
282 341
13 181
133 276
2 3
55 712
13 53
691 948
53 598
735 787
239 993
136 155
25 951
421 437
71 83
274 361
645 956
179 440
323 398
298 403
195 814
1 28
256 491
265 376
49 64
606 991
557 984
268 479
229 384
212 317
19 245
45 707
241 346
405 422
493 785
307 393
15 911
47 765
397 490
157 888
409 935
47 806
283 903
89 108
185 193
367 771
238 247
148 421
492 731
165 223
714 979
1 3
1 6
55 204
536 665
463 518
181 882
4 21
47 66
2 247
265 804
456 521
26 339
36 43
58 355
9 280
643 723
155 241
201 854
103 290
59 836
639 800
163 258
3 94
89 260
635 802
35 122
10 259
438 551
77 197
776 983
160 727
92 331
127 970
752 831
581 792
173 879
7 13
162 413
360 673
16 63
73 203
35 37
62 143
82 101
135 407
148 301
14 17
767 955
581 723
171 887
55 599
7 25
142 289
116 661
91 94
74 191
30 479
106 127
8 187
25 68
41 394
16 925
7 846
90 697
72 199
683 912
345 907
549 848
12 325
59 147
640 819
47 926
147 317
63 772
399 622
309 845
8 27
469 484
5 6
146 453
96 349
81 224
901 991
11 82
375 656
9 332
108 791
173 189
17 134
45 52
303 670
600 907
401 464
65 87
71 519
889 943
191 252
89 112
163 768
21 440
263 354
272 369
54 137
347 369
502 889
175 506
151 362
10 187
413 677
394 991
42 311
544 591
85 228
400 849
51 122
18 277
80 321
104 203
62 63
67 244
51 56
404 417
659 792
318 547
123 512
527 759
561 994
118 335
417 853
703 819
523 801
662 857
15 16
729 860
296 373
516 799
17 42
140 643
28 153
129 880
13 72
413 488
712 831
181 239
315 407
635 997
323 366
149 484
67 487
77 383
323 479
283 905
101 335
12 25
32 63
24 55
540 571
100 597
187 606
37 905
71 793
285 392
550 629
36 43
219 332
430 523
38 967
84 127
579 904
441 949
508 851
43 186
499 703
729 989
88 227
579 1000
27 374
603 917
1 25
289 966
58 139
71 600
68 401
286 991
106 323
52 61
239 803
676 695
280 943
532 643
219 227
11 16
233 399
656 985
657 745
101 468
677 922
56 869
35 74
11 227
542 879
247 458
164 229
9 74
541 917
130 289
106 567
635 814
65 396
54 445
258 485
7 125
122 877
263 273
181 310
363 575
71 168
83 100
247 825
201 284
61 777
117 307
56 187
507 721
495 631
539 866
529 637
193 921
848 923
11 477
235 813
627 706
572 757
10 31
437 476
256 485
704 771
10 153
364 925
205 263
34 199
161 226
529 629
371 384
23 48
447 488
87 113
133 751
142 421
113 858
15 71
5 7
118 139
145 789
221 744
341 388
61 160
355 571
320 571
81 322
91 316
77 89
437 580
587 919
401 430
181 216
34 905
655 936
537 572
595 647
317 814
159 187
36 53
747 997
352 547
240 737
365 921
355 623
122 841
25 56
4 163
256 469
205 774
43 414
377 490
311 939
157 979
943 958
17 297
13 344
109 468
27 89
212 755
23 297
7 282
173 283
173 805
7 157
603 941
272 331
121 510
29 191
201 217
277 399
265 317
382 403
313 727
940 949
113 801
13 172
67 129
316 497
519 545
397 488
94 311
9 122
49 766
205 232
153 874
109 134
261 802
663 755
7 101
131 295
5 13
135 713
407 722
41 145
77 181
179 882
390 623
51 151
671 716
178 929
50 63
127 779
31 286
227 521
79 88
373 430
462 487
163 279
88 309
191 193
263 871
691 850
355 493
395 909
7 220
355 403
18 59
5 448
86 87
237 290
65 179
743 893
772 981
13 138
17 81
127 176
181 377
101 166
286 613
91 600
144 829
98 363
51 508
708 761
93 175
1 63
91 708
417 422
19 149
827 845
208 659
19 22
189 416
196 571
22 221
821 852
151 285
2 15
540 587
149 629
234 805
243 368
229 465
351 458
68 999
192 353
5 9
253 367
67 112
611 889
533 607
17 22
305 846
5 156
127 620
732 967
213 506
815 953
190 277
247 869
31 315
97 318
299 707
57 139
43 133
405 506
45 203
129 181
615 922
193 402
193 455
7 69
343 388
380 857
79 102
19 257
548 833
5 11
881 961
25 62
35 333
131 156
259 470
362 519
1 9
509 775
109 885
7 241
188 585
183 389
82 137
90 383
19 44
395 929
307 850
100 647
17 18
140 247
54 497
123 457
416 751
212 857
87 874
143 295
442 465
563 570
1 142
857 918
42 569
919 925
250 407
69 458
58 797
67 189
89 152
231 244
47 442
142 455
3 11
463 843
697 813
1 121
79 171
27 109
397 650
261 566
411 724
371 374
259 751
105 149
367 628
231 425
97 475
245 446
647 956
111 343
29 141
99 565
155 674
17 126
44 51
121 197
74 651
25 303
369 593
817 944
508 973
93 389
118 439
269 786
422 755
153 217
485 574
143 320
25 146
129 874
317 927
19 29
449 681
257 418
67 86
185 226
253 810
42 677
172 345
371 885
218 565
11 67
207 329
391 434
1 322
83 878
1 569
391 531
93 481
27 227
10 51
175 572
191 316
453 625
79 214
551 768
1 6
370 689
207 442
14 19
317 423
253 921
166 391
167 209
212 341
9 70
192 379
459 787
126 485
775 901
199 222
626 855
11 52
734 747
25 416
122 521
672 691
141 571
797 854
44 67
53 285
89 230
43 794
922 957
441 632
50 149
71 225
198 743
77 829
507 596
660 701
255 871
127 225
631 837
341 439
393 598
613 757
905 906
47 140
595 797
769 970
188 739
5 38
256 579
8 311
747 854
393 406
294 667
495 658
79 178
821 978
263 654
253 588
61 190
877 966
481 675
779 846
203 246
95 174
123 833
140 197
45 149
181 815
546 755
218 961
14 123
401 778
12 263
361 473
542 911
451 650
241 385
381 449
47 83
363 706
93 106
207 389
123 251
610 899
317 856
692 747
343 790
98 129
33 283
296 955
102 295
42 109
53 65
683 787
397 837
51 109
107 367
101 308
5 6
554 931
187 206
163 744
19 96
25 391
125 271
375 919
137 768
616 709
368 461
17 50
166 403
96 109
101 192
11 24
4 13
215 564
2 837
8 159
61 408
119 444
793 937
61 334
83 174
27 68
91 92
464 785
161 403
331 335
21 121
555 976
183 227
77 747
270 493
244 441
64 83
51 316
5 19
154 183
31 258
475 604
163 731
122 157
71 211
163 853
313 976
75 779
277 697
28 815
493 648
84 449
29 114
92 127
465 827
177 488
203 291
398 737
3 466
731 736
163 477
502 779
678 703
67 231
38 657
99 244
71 151
173 568
213 314
38 53
101 696
151 859
213 974
257 827
129 185
323 945
256 295
89 626
347 896
591 740
297 302
232 349
532 795
512 865
267 593
303 395
338 425
216 973
654 671
53 237
124 139
477 715
269 731
375 592
24 419
377 761
56 395
115 226
46 493
347 842
615 848
19 85
185 188
15 242
31 59
206 315
267 458
500 687
45 488
269 537
65 362
643 867
34 55
101 499
216 227
69 985
161 733
276 827
82 147
37 490
122 167
128 215
56 779
95 633
70 321
524 811
131 160
128 405
437 544
792 805
11 156
659 661
145 192
5 13
7 629
145 149
637 771
826 975
253 425
484 859
438 847
140 437
229 541
79 116
60 139
404 911
245 304
221 308
136 721
82 157
43 567
15 191
19 28
55 138
471 601
427 818
554 673
41 423
59 148
817 991
160 491
35 171
361 396
663 740
124 753
123 959
656 915
23 346
208 769
327 364
372 953
169 740
185 321
55 94
19 441
863 888
610 661
92 99
252 311
737 947
28 187
148 167
157 162
564 889
191 518
773 998
318 761
7 19
241 907
419 655
761 796
113 201
740 833
827 995
20 311
50 429
431 608
159 304
43 448
107 464
29 39
621 863
475 587
172 753
112 275
650 757
77 136
29 221
652 667
458 989
127 431
214 403
83 119
77 78
187 199
432 455
9 763
130 413
182 339
13 270
4 55
741 922
379 797
735 872
1 22
23 28
49 752
96 119
257 400
133 485
209 752
350 639
20 101
259 321
494 839
243 275
647 829
4 35
127 398
427 443
686 811
566 949
202 869
652 969
795 904
251 304
224 229
70 103
29 158
32 357
1 2
206 211
241 831
783 839
527 835
239 343
7 26
23 194
313 984
99 497
171 248
67 173
793 883
100 331
176 243
25 466
252 331
488 709
181 182
23 27
318 965
245 331
33 185
580 781
31 78
318 637
275 669
363 442
569 984
98 209
147 800
335 786
212 213
127 289
287 297
67 153
287 349
274 791
172 447
226 637
267 400
281 725
457 783
121 190
89 315
227 793
882 949
139 158
892 959
35 642
153 172
99 410
83 99
242 467
17 591
841 935
418 601
178 587
426 535
218 381
11 108
305 382
536 873
629 923
289 297
40 51
58 779
499 774
605 912
485 787
47 79
127 511
102 127
25 34
741 862
53 290
457 935
735 782
293 819
231 757
53 72
32 89
256 313
253 361
8 79
68 89
29 45
331 534
374 593
11 16
99 118
19 231
30 139
188 213
16 139
13 61
659 734
727 746
100 111
258 413
10 13
13 835
81 377
203 544
29 656
273 773
268 831
290 341
53 141
352 729
82 165
157 940
42 691
425 984
559 807
332 633
121 719
19 71
63 226
371 601
547 1000
87 128
392 443
449 739
32 121
71 350
147 832
737 986
55 206
946 967
414 463
313 618
331 476
64 435
48 85
625 808
751 953
14 227
221 795
89 481
139 898
20 157
458 669
481 788
165 437
180 467
59 150
425 851
47 290
67 110
145 968
127 153
48 79
101 886
83 125
79 131
3 5
249 521
283 311
834 839
177 818
40 41
503 994
100 481
233 560
347 917
1 57
388 445
122 331
277 876
761 822
319 720
683 978
12 85
300 431
62 99
191 264
640 939
182 205
99 296
593 823
285 326
91 461
57 973
241 970
108 161
201 982
641 793
93 389
605 771
385 876
431 619
419 635
167 479
83 738
16 183
191 767
154 687
33 235
50 149
197 235
140 207
320 583
1 24
717 848
391 741
422 679
29 92
120 589
43 987
205 754
23 45
553 782
203 552
9 662
138 277
6 35
528 775
13 278
111 854
64 77
43 175
326 557
134 187
38 49
140 881
22 37
293 652
539 984
41 65
523 607
47 485
531 713
409 706
868 949
113 329
103 127
379 569
73 110
263 340
317 770
19 40
599 857
29 65
71 967
3 88
299 446
601 929
590 787
63 214
51 889
68 403
45 112
46 79
182 319
281 790
784 857
1 36
324 617
164 173
115 118
91 107
229 486
53 491
43 115
43 231
185 279
30 61
661 666
348 499
661 784
425 473
153 430
197 594
347 511
227 236
109 160
178 243
671 740
6 197
233 313
47 149
9 32
135 844
191 363
239 462
627 757
97 779
277 545
421 816
50 219
243 953
919 948
683 775
35 88
90 419
343 892
367 862
329 416
40 119
465 923
861 946
349 894
17 26
201 746
357 457
32 51
677 958
495 524
39 158
49 839
228 913
81 125
49 79
639 911
389 619
7 11
297 592
478 793
44 49
124 161
161 438
197 665
18 115
142 283
477 746
95 109
48 115
81 371
389 579
45 238
167 584
629 798
429 838
355 898
207 401
153 326
146 221
23 338
683 813
457 789
29 71
575 819
100 779
244 763
19 945
283 385
379 964
57 419
44 811
309 413
54 187
128 225
11 116
335 732
279 287
17 96
3 5
799 915
101 922
3 77
190 283
133 234
214 433
117 194
95 406
40 67
121 196
581 720
1 1
140 851
811 816
32 45
28 33
487 692
27 251
326 495
149 222
355 584
89 165
397 761
25 666
399 925
35 799
315 326
133 298
452 955
21 596
701 911
554 611
403 404
294 839
112 431
162 203
64 977
204 349
341 598
101 182
657 998
23 39
198 199
71 826
95 314
322 443
284 351
231 743
128 143
365 728
83 87
905 937
85 146
713 733
569 685
191 447
163 173
125 141
50 83
53 314
71 189
347 742
163 166
472 943
10 93
103 170
84 619
263 324
567 974
16 227
273 913
306 479
148 991
77 212
21 47
135 146
100 167
159 263
225 407
429 500
50 253
782 909
53 123
31 878
46 71
287 810
429 991
146 413
325 994
291 752
141 338
155 337
212 459
9 17
16 417
588 643
46 269
74 119
15 119
280 681
309 524
7 8
489 788
271 322
577 922
66 767
629 889
21 23
97 249
156 371
536 857
293 830
223 278
323 616
174 175
94 997
284 707
519 524
556 719
158 343
388 725
167 995
35 92
418 977
285 554
158 239
29 154
683 914
581 698
209 238
79 254
283 939
725 842
24 97
297 310
213 382
7 12
52 995
223 490
101 713
422 635
4 5
227 801
5 399
614 871
289 686
225 923
100 941
249 275
585 967
1 49
121 806
466 889
137 167
149 268
369 458
14 19
280 513
337 448
61 746
439 534
14 941
559 820
65 289
2 841
21 853
325 958
465 664
537 946
294 727
313 599
137 308
219 289
559 867
20 41
134 503
4 37
148 243
33 304
285 592
411 733
259 674
43 93
65 304
253 564
23 362
877 933
1 154
425 818
347 486
87 268
239 257
685 824
127 332
607 992
209 997
352 557
19 234
436 771
131 202
123 179
331 443
32 961
29 204
169 349
548 617
454 563
252 997
208 513
206 225
8 465
605 953
445 653
49 61
70 271
74 93
256 855
451 983
400 471
15 23
523 717
128 315
168 659
368 709
341 664
39 314
57 581
404 537
27 169
427 645
779 899
748 865
407 941
128 179
181 404
191 202
237 962
316 505
377 736
103 189
54 485
433 631
74 187
4 7
17 95
950 951
693 706
35 102
37 119
26 817
489 721
45 587
855 922
41 161
39 298
3 130
29 31
545 986
209 248
856 901
268 323
389 960
9 46
410 857
57 164
177 347
512 609
421 994
335 443
101 524
187 995
308 435
371 899
67 325
719 976
348 479
385 416
659 669
170 317
309 359
898 997
129 190
50 237
282 505
37 248
781 999
335 447
289 991
397 893
359 487
37 943
1 484
692 787
647 939
587 817
136 411
114 397
406 835
13 71
16 209
546 853
69 223
227 732
472 711
641 869
707 964
8 23
91 698
14 29
182 283
907 936
3 32
13 33
731 941
252 745
147 179
160 547
211 313
107 173
176 213
193 564
56 57
111 205
319 700
419 474
10 43
183 199
226 869
18 61
319 437
104 157
383 457
542 903
102 167
439 866
377 488
224 283
69 409
41 83
45 49
370 379
467 859
77 230
191 572
55 148
331 964
111 284
263 342
63 143
2 3
74 335
167 962
224 235
365 926
168 599
55 146
7 33
107 124
396 589
301 782
439 623
40 781
125 187
132 815
279 473
116 513
95 107
232 463
245 639
11 873
269 337
303 446
107 600
311 358
4 221
98 431
30 103
43 72
101 308
398 417
226 765
774 859
18 613
186 415
112 965
135 148
17 154
589 784
562 911
77 458
791 831
247 284
163 480
23 501
172 823
29 81
143 908
10 353
735 853
143 243
45 934
521 984
496 639
281 354
327 388
579 623
727 951
321 361
351 488
375 421
63 383
32 89
175 414
168 601
93 98
181 188
505 763
34 45
203 988
43 347
46 49
88 241
13 384
829 978
244 351
769 929
145 337
726 857
257 483
176 397
393 923
295 542
122 141
883 978
79 322
368 475
181 221
60 89
18 853
293 620
635 972
327 844
365 583
202 239
214 349
40 129
107 235
91 461
123 149
157 158
303 940
402 637
152 423
57 59
234 563
485 573
620 803
369 466
567 685
393 602
53 57
57 166
31 681
206 303
314 723
698 721
388 417
14 15
101 266
353 892
169 259
434 599
184 221
540 709
153 580
103 111
22 249
316 347
251 314
409 622
228 415
347 575
453 805
219 613
16 87
274 533
109 467
597 839
13 77
500 553
517 738
141 917
247 427
502 731
190 809
725 777
1 2
7 132
308 927
244 675
3 5
4 215
662 975
417 766
161 626
253 279
45 208
61 90
232 307
234 379
665 789
409 767
132 217
29 474
109 127
314 497
47 304
44 89
341 497
106 245
183 346
53 402
129 596
398 819
745 999
420 929
339 400
64 147
545 868
204 287
253 663
17 20
267 547
611 681
553 652
41 75
8 15
137 616
43 257
292 705
52 59
37 151
76 135
78 853
104 369
6 127
10 221
116 295
190 283
313 318
943 947
460 521
242 433
179 475
339 994
5 12
46 841
424 845
139 960
427 438
535 568
87 581
101 428
172 289
126 229
71 406
625 883
280 289
109 120
171 547
231 922
851 887
35 128
433 798
241 284
164 269
410 991
142 247
284 839
318 889
109 145
7 162
327 700
356 945
70 151
327 547
3 454
189 647
81 866
35 51
44 321
21 130
287 843
312 545
219 697
175 314
265 729
46 105
786 871
59 809
685 724
114 119
140 191
451 460
254 775
64 115
233 853
231 547
294 535
241 277
89 215
389 488
219 256
57 901
367 559
389 491
199 242
118 911
167 188
535 686
341 719
119 373
166 807
15 34
189 836
440 699
98 103
163 735
87 128
350 689
129 130
33 712
163 441
403 876
659 961
661 894
335 364
11 328
36 169
44 397
49 859
4 155
188 247
822 841
95 729
23 287
53 924
27 29
24 37
154 741
67 476
271 760
279 707
206 923
78 227
189 428
263 309
263 428
332 599
409 412
28 37
371 960
548 941
779 781
59 74
251 520
141 811
38 983
21 197
313 571
41 468
6 11
396 923
554 679
605 949
366 781
125 196
22 659
143 525
82 795
357 979
10 381
589 648
275 604
28 99
20 59
373 984
204 667
23 103
10 31
537 599
593 595
371 578
62 283
298 891
22 163
179 746
31 115
171 806
367 399
447 938
27 98
106 189
13 713
373 793
307 489
102 163
162 169
139 354
1 151
1 5
82 159
142 245
21 166
227 553
484 611
1 2
514 673
127 348
390 511
655 864
14 53
19 32
49 90
316 923
55 487
104 281
18 53
39 43
179 209
301 621
162 187
1 3
181 587
302 335
12 25
136 345
7 13
47 672
232 939
9 866
17 19
17 264
23 497
61 76
793 805
639 913
101 178
769 978
102 283
441 610
903 941
457 960
213 232
24 31
653 740
817 884
129 164
341 410
456 529
269 318
696 731
124 157
73 461
123 139
591 896
116 777
197 330
71 417
11 976
283 381
313 339
67 485
545 857
306 317
2 229
110 119
106 387
333 443
1 1
127 237
2 111
648 929
15 37
653 739
2 21
72 355
250 959
26 937
361 542
515 758
784 885
30 617
491 657
191 502
611 946
247 371
30 223
162 221
263 872
471 503
547 814
75 554
211 448
72 187
943 978
187 206
11 16
851 900
575 856
413 992
477 961
5 13
199 445
266 989
50 993
12 91
35 39
68 297
26 137
65 532
3 8
201 446
1 1
617 820
148 299
423 593
13 54
83 123
144 617
115 462
124 435
84 449
805 996
204 463
47 50
105 506
567 575
32 109
176 223
163 222
5 151
481 553
236 275
221 534
83 152
177 326
158 163
13 21
283 333
29 57
639 650
361 492
56 223
467 487
72 419
393 454
63 353
294 563
203 293
874 957
219 496
79 156
36 59
34 557
28 37
259 642
13 471
481 761
11 250
151 605
134 561
82 157
359 477
124 457
29 142
435 469
253 381
194 593
213 329
134 513
464 483
61 219
27 28
187 271
389 468
49 72
197 233
176 477
110 291
5 23
61 425
92 291
371 599
147 170
219 286
230 843
61 133
615 884
362 961
510 581
149 631
583 820
111 115
116 193
596 937
389 734
261 439
59 497
151 323
285 704
7 96
1 40
233 311
202 403
229 436
951 955
212 705
71 222
20 149
95 482
309 416
74 277
78 265
295 959
10 33
281 452
31 119
26 181
121 337
316 433
587 683
492 625
71 909
48 461
13 37
11 248
128 263
636 829
731 973
220 241
149 184
7 111
189 311
255 298
394 605
650 953
22 173
490 867
329 767
8 431
263 979
125 571
440 683
207 505
269 837
901 999
78 319
201 248
191 552
239 281
47 51
517 872
373 417
579 881
151 271
235 494
99 931
6 103
199 448
288 857
12 67
313 952
139 192
97 900
5 216
922 939
329 388
142 293
155 516
69 160
355 667
267 391
389 882
236 481
917 972
257 601
2 15
29 72
21 29
513 716
25 139
162 619
39 356
883 991
516 907
286 305
175 684
180 401
111 961
335 452
197 247
33 151
115 498
241 700
181 494
527 811
643 784
151 308
285 473
600 607
59 275
409 765
544 917
261 619
65 919
25 721
18 61
3 7
287 491
303 415
103 150
625 851
510 623
413 787
431 466
529 919
278 729
317 343
358 883
170 513
211 590
503 927
201 695
23 30
125 322
397 407
104 149
442 883
783 962
53 346
201 748
159 337
159 229
10 39
189 302
596 651
164 843
275 974
817 861
329 843
661 871
395 914
38 995
189 271
139 208
123 260
347 475
217 701
905 924
663 902
16 197
65 267
7 198
988 993
740 921
1 2
1 37
189 704
3 169
306 943
53 187
701 772
45 52
55 113
57 100
167 249
437 954
78 163
641 984
271 342
446 695
377 968
177 397
179 461
22 785
413 710
464 521
77 185
503 648
94 797
23 97
475 857
359 367
620 759
87 194
87 115
318 811
96 367
2 51
8 39
76 177
182 369
130 161
219 355
194 609
51 133
53 201
53 63
186 445
205 423
241 475
145 188
337 379
103 192
107 805
365 464
59 705
86 323
714 829
297 553
193 395
883 908
524 933
60 581
96 97
770 967
226 295
85 237
789 986
257 318
15 292
16 61
217 275
130 399
515 726
365 851
529 775
155 351
3 52
208 659
167 523
792 833
45 191
161 823
329 892
158 197
173 200
13 917
356 373
209 465
233 243
753 967
492 679
334 943
377 467
108 385
511 554
364 619
64 347
348 527
81 115
147 340
565 669
8 95
445 974
179 783
69 233
181 686
51 370
503 840
445 463
87 317
13 423
68 213
2 123
277 883
40 57
267 850
801 808
143 213
58 143
597 842
124 733
101 153
27 250
413 444
165 452
285 574
114 143
194 637
27 634
14 999
21 710
199 326
187 879
95 398
287 361
10 183
8 215
177 178
293 303
96 107
142 917
472 963
65 867
117 518
75 89
7 178
694 711
21 121
225 772
7 281
446 529
88 153
91 718
304 907
171 403
53 315
115 922
335 343
118 275
19 538
151 363
491 696
85 193
21 79
173 255
200 539
103 294
397 619
537 913
461 544
37 300
393 457
158 673
343 664
377 987
356 435
143 186
240 283
4 111
379 491
281 959
85 804
618 691
857 862
182 367
501 956
59 76
23 489
688 757
335 369
356 705
9 32
281 591
93 335
873 952
307 572
59 207
159 704
17 666
121 498
173 266
96 131
53 92
77 320
214 327
60 827
240 287
199 260
515 917
405 653
79 961
425 432
17 880
419 847
282 731
144 353
91 537
39 107
69 425
301 907
1 5
202 253
850 863
287 640
34 203
552 563
51 457
544 911
119 502
135 473
63 272
31 44
281 334
328 897
59 349
7 666
603 740
157 203
153 248
253 547
485 907
65 198
484 531
627 811
187 786
723 727
376 499
24 53
117 356
250 973
108 337
410 923
497 800
55 96
179 219
39 230
4 5
431 497
53 94
95 958
43 105
127 279
17 25
111 275
250 903
574 635
132 901
48 163
95 747
7 100
106 209
379 410
188 857
161 423
59 111
34 71
339 737
61 432
147 226
1 1
74 907
27 212
127 260
475 863
194 451
114 857
247 388
367 524
881 902
144 295
29 77
41 221
133 415
367 978
386 475
35 452
247 479
242 895
608 697
77 283
649 987
144 439
39 241
311 372
133 353
439 460
11 46
15 44
54 271
254 707
305 362
65 192
145 472
1 455
67 247
296 807
131 916
2 9
169 187
61 114
96 239
305 823
21 230
518 745
327 911
63 229
284 883
428 741
1 3
38 493
163 835
721 765
49 139
473 741
22 221
347 438
113 159
132 911
8 113
556 853
806 957
120 137
24 25
202 585
109 935
41 125
111 115
7 69
27 41
535 623
536 897
253 969
202 219
77 678
205 289
158 183
343 887
748 807
16 57
1 1
29 135
5 18
73 127
14 45
442 817
69 853
247 275
74 87
119 668
43 123
309 440
2 869
22 75
59 60
225 694
672 937
245 829
118 751
3 142
90 347
371 478
25 68
590 617
429 953
58 63
409 682
121 230
494 993
113 140
243 976
56 507
160 931
134 473
16 49
612 809
121 584
659 995
830 853
333 752
56 139
57 107
14 57
471 472
119 400
491 990
155 442
220 603
731 966
704 905
618 883
2 35
7 16
242 821
129 934
281 461
22 921
659 689
161 235
25 996
137 459
459 977
151 593
199 756
154 157
314 843
310 531
58 251
75 353
581 717
83 470
124 179
843 940
44 349
186 755
567 767
208 317
246 337
23 49
131 196
66 433
658 771
43 413
237 478
90 337
392 449
266 919
159 365
213 671
103 905
11 41
139 470
763 968
89 431
298 637
40 107
32 83
215 546
158 493
366 473
29 62
79 793
25 44
196 799
265 868
335 373
54 749
694 845
15 68
79 84
179 235
9 164
242 445
40 751
346 955
143 467
202 575
5 639
132 145
655 807
562 865
75 359
495 613
174 499
413 673
348 461
179 468
532 831
159 535
107 316
36 67
19 124
67 279
103 410
59 115
283 318
853 872
21 79
368 595
157 246
296 353
207 263
199 300
797 882
224 241
186 305
989 992
449 471
633 814
4 917
200 883
710 847
225 233
669 847
239 409
223 356
551 599
598 655
1 312
73 98
922 925
311 599
57 229
543 676
8 9
154 225
93 106
75 91
177 382
13 22
5 394
82 289
189 352
71 548
508 581
679 920
461 954
259 687
601 888
104 251
3 74
207 355
264 311
399 410
63 478
29 55
76 891
677 957
169 675
124 161
665 682
344 347
563 714
79 83
43 176
26 55
523 762
23 381
2 3
95 121
65 333
3 5
7 50
107 245
304 945
50 203
49 285
23 673
395 696
555 644
729 784
216 443
56 257
353 659
89 259
209 366
235 851
291 836
267 875
21 55
194 219
298 587
583 615
857 959
191 192
88 189
248 385
69 223
720 889
761 917
618 911
3 5
171 925
128 511
11 19
143 295
86 967
37 534
51 137
430 623
203 892
273 331
407 980
391 647
592 907
355 687
229 693
680 781
388 393
80 103
433 514
182 745
265 423
324 569
33 721
146 629
611 687
113 290
67 277
37 179
177 485
92 169
898 971
26 867
678 965
119 193
1 1
35 114
45 82
441 824
49 141
8 15
267 473
61 72
523 714
177 959
65 498
61 373
68 171
55 72
191 550
93 203
205 508
148 319
470 871
77 208
53 217
268 889
15 94
14 303
61 429
416 697
328 749
529 641
787 863
329 743
111 196
120 539
225 278
5 101
6 65
23 80
242 327
521 616
67 97
305 457
365 833
747 911
702 821
523 755
725 904
293 660
312 337
323 344
65 659
505 677
43 463
542 725
37 119
183 197
501 713
28 57
487 774
681 788
333 613
337 611
784 977
386 473
653 971
1 2
40 49
389 860
109 255
389 394
50 351
146 659
50 117
829 917
365 654
486 505
468 781
379 493
481 617
73 213
329 541
481 998
19 89
41 449
125 494
571 804
285 811
165 541
172 211
717 961
115 698
445 581
101 500
513 568
181 413
61 104
6 77
65 82
279 508
68 107
21 46
153 938
2 11
169 172
17 895
843 964
393 637
91 717
241 958
161 170
1 25
319 524
401 756
15 68
196 267
3 5
690 757
19 184
82 105
297 314
413 782
463 858
99 454
462 751
169 224
262 527
201 602
514 855
74 173
307 514
511 660
363 370
293 396
29 981
61 214
50 231
206 499
190 731
68 383
859 875
477 638
289 498
339 559
32 387
403 552
303 365
246 259
94 135
125 146
90 113
679 774
107 157
41 829
1 116
213 479
178 485
167 586
217 972
85 257
26 37
233 332
20 549
226 705
41 93
251 990
11 20
523 543
28 305
297 334
377 452
6 11
11 201
11 59
407 905
399 808
431 919
242 995
91 599
59 418
142 713
103 428
399 785
11 70
155 432
80 739
271 310
104 535
7 141
155 333
217 591
285 757
221 360
471 812
43 956
292 547
17 330
53 266
85 313
75 134
491 950
27 115
73 669
20 281
151 289
541 962
31 323
49 108
13 309
247 655
394 525
95 503
349 833
255 259
524 867
441 530
62 609
179 627
4 25
33 181
787 827
13 633
241 309
79 80
266 879
1 132
11 17
157 399
290 297
202 467
320 337
132 145
233 454
64 125
51 520
22 287
13 102
19 521
259 297
127 157
505 519
110 361
114 277
636 709
151 227
331 473
125 214
1 69
426 965
874 919
107 181
787 940
427 698
3 122
381 406
215 397
423 694
295 367
27 259
59 105
49 291
423 502
581 716
152 283
29 40
132 965
279 410
35 51
7 745
59 158
192 907
221 913
153 167
103 949
482 751
175 219
237 626
474 551
61 310
863 881
611 866
55 221
53 299
367 898
89 568
127 533
433 941
202 205
173 264
3 16
63 451
29 131
466 827
42 121
221 725
1 93
482 985
325 498
145 586
95 473
43 487
328 777
49 58
281 327
331 369
32 415
215 917
367 542
38 53
425 619
159 305
193 911
31 165
715 802
21 46
882 895
437 758
25 884
63 314
466 741
39 833
123 161
102 185
107 541
103 122
297 358
423 698
73 731
427 629
781 811
133 169
47 91
243 524
146 173
293 690
105 151
911 999
527 873
285 286
462 571
31 659
817 867
10 17
839 938
419 772
168 949
144 229
57 322
360 551
458 513
94 117
224 249
296 531
180 427
35 37
58 621
81 85
43 237
185 198
680 827
96 149
388 799
103 207
15 988
74 511
572 709
5 34
307 481
165 427
269 724
466 651
38 587
467 513
166 187
5 14
276 869
619 956
5 621
73 366
359 724
39 493
349 948
151 293
37 449
95 377
177 997
305 542
29 108
158 467
7 430
169 554
51 997
321 674
231 734
20 189
227 250
734 779
163 195
221 514
128 535
305 331
69 554
146 341
59 230
289 725
125 616
3 146
853 866
107 120
63 163
8 287
214 375
74 131
235 418
885 941
13 116
609 613
496 839
125 207
267 533
581 950
271 917
656 855
571 875
273 887
291 830
8 53
624 653
323 371
393 854
271 681
569 642
134 535
142 259
240 299
13 498
247 616
115 861
322 879
514 731
61 862
11 29
188 951
505 591
676 879
8 45
667 981
317 760
63 95
527 878
95 194
842 977
19 448
67 75
409 711
128 393
58 127
9 902
14 23
299 994
571 792
22 599
78 743
40 59
141 187
237 382
417 985
77 426
4 147
256 365
85 233
137 243
209 674
575 983
544 957
170 571
43 111
146 497
334 849
22 145
41 68
11 16
118 833
579 952
10 157
3 4
424 897
321 682
590 739
41 51
141 385
23 25
227 398
219 605
55 112
35 48
110 307
375 761
213 614
367 452
506 665
179 633
333 503
38 45
715 961
140 177
232 705
785 969
190 683
451 620
137 368
567 772
170 263
355 756
2 771
61 62
59 99
325 642
117 392
77 85
125 211
173 834
77 190
551 795
29 266
445 917
127 460
689 851
151 341
879 950
243 464
192 229
891 943
69 119
161 818
326 603
65 743
335 711
31 142
745 877
816 845
27 49
293 839
242 735
254 653
33 436
101 351
141 484
4 573
572 961
87 101
242 895
264 889
343 428
163 219
413 663
13 57
57 545
193 245
500 963
16 263
77 486
511 550
67 111
102 107
167 275
187 388
25 329
264 547
123 856
272 433
25 624
17 160
291 926
55 258
136 189
527 580
431 951
273 680
69 449
151 185
921 985
127 492
127 180
732 985
43 237
39 523
5 19
95 243
32 491
595 841
571 958
22 471
548 961
46 85
158 235
236 975
313 940
144 157
41 893
17 224
146 153
31 735
537 868
425 508
101 113
133 782
1 2
444 487
873 971
35 67
241 246
232 311
787 930
117 167
878 893
287 683
112 661
17 274
137 387
5 6
19 24
169 596
367 882
125 839
201 362
808 821
228 235
569 742
50 671
51 416
341 639
361 610
3 8
12 35
320 567
394 475
57 287
559 994
16 945
228 811
282 451
391 658
154 761
29 98
229 981
89 121
339 365
49 827
892 927
109 139
592 793
122 777
82 103
52 87
181 955
287 844
507 773
542 585
158 427
458 575
115 193
517 631
439 463
362 667
31 481
245 554
97 541
20 413
3 86
59 192
9 20
137 727
121 162
57 454
39 40
130 517
64 145
95 243
58 747
27 65
59 815
127 240
218 839
71 645
657 736
65 161
615 892
89 438
414 433
264 901
146 957
486 565
268 373
14 17
454 725
587 943
359 820
654 829
465 799
369 718
264 425
60 583
169 180
13 219
394 429
163 575
121 173
133 992
27 211
10 461
11 15
247 331
234 857
2 31
287 362
47 76
713 949
89 423
316 351
295 459
140 237
215 356
169 799
271 785
710 973
494 621
6 17
193 501
74 135
632 977
164 291
33 43
283 734
25 49
27 61
42 491
1 168
109 162
7 36
87 98
19 21
276 547
7 41
49 53
213 304
287 755
89 187
289 498
76 141
97 535
350 443
50 133
57 61
129 805
535 699
75 83
31 46
149 184
31 36
5 22
93 211
157 310
17 23
382 843
449 914
263 371
328 621
465 602
199 400
165 868
64 111
718 725
37 279
4 755
2 181
271 972
215 216
347 869
45 163
281 331
586 969
515 848
7 319
915 992
127 148
13 877
219 487
282 287
759 905
549 583
202 219
7 22
19 42
249 476
193 236
68 335
106 131
83 118
37 348
243 667
59 73
112 773
189 290
17 86
519 679
57 113
233 981
181 418
199 363
253 917
103 584
2 151
23 219
118 245
150 173
755 839
91 992
27 319
211 294
725 844
7 87
421 429
826 897
50 53
151 661
53 280
600 823
151 365
269 402
412 605
243 346
797 843
3 67
229 637
54 139
393 671
66 571
253 810
7 18
212 683
61 842
16 283
161 843
115 709
27 163
91 629
551 807
199 281
51 400
29 568
683 1000
278 407
160 859
187 457
765 982
103 178
17 175
511 992
104 163
417 773
265 304
60 301
67 313
250 381
392 593
537 599
277 403
298 867
1 343
1 28
43 269
28 961
173 463
155 178
154 349
17 964
89 279
1 27
287 430
529 834
41 298
800 921
597 604
143 463
143 223
41 747
347 351
83 500
79 88
307 686
376 997
449 562
25 59
416 657
411 955
463 921
638 651
100 803
155 854
23 84
22 37
239 371
413 890
32 33
48 137
192 959
163 747
65 81
151 229
423 667
472 769
701 726
346 373
77 615
17 20
79 679
21 116
322 527
161 605
100 123
86 133
185 522
1 7
43 91
151 183
103 164
557 980
476 575
359 854
355 417
320 879
114 149
837 886
45 53
54 917
103 760
133 192
141 230
379 955
246 329
229 703
7 848
115 159
167 559
629 896
36 509
59 860
289 883
24 575
47 68
136 213
210 241
848 993
77 258
437 677
21 86
53 116
297 491
474 961
180 241
100 267
7 473
430 661
26 101
17 71
469 792
3 179
13 61
159 259
657 814
367 765
260 721
667 854
67 675
168 559
305 489
114 743
383 653
24 47
285 412
19 107
34 203
101 153
162 473
19 27
748 875
94 387
81 235
148 223
66 85
47 86
463 496
189 509
69 125
74 297
3 62
53 807
314 787
291 307
29 192
340 707
482 741
302 831
32 789
24 739
7 274
41 110
163 900
59 292
16 81
825 908
411 751
111 455
72 73
97 235
56 59
535 948
177 595
164 417
560 653
298 671
29 951
38 67
92 169
197 219
13 50
149 471
218 269
542 687
839 929
599 715
52 201
71 283
3 28
421 471
296 367
11 188
33 100
92 569
391 447
6 245
16 821
49 99
263 783
397 909
182 199
142 293
43 155
646 709
185 554
522 563
56 395
353 595
100 727
691 978
10 21
491 879
409 775
563 948
191 729
256 367
5 361
382 941
49 845
1 4
474 803
131 449
152 699
115 291
23 52
527 621
136 755
157 690
241 600
296 439
33 53
6 35
359 940
583 831
762 769
48 71
141 214
965 967
815 983
70 421
548 595
1 32
597 833
12 107
221 384
150 311
206 307
103 635
115 181
395 469
243 803
5 589
883 990
637 932
657 769
83 145
11 25
2 5
268 359
421 616
304 547
347 542
129 760
39 266
46 955
49 51
286 527
82 141
101 429
388 727
66 997
283 696
263 794
34 247
25 892
659 825
201 376
671 695
39 121
321 613
129 763
396 835
316 367
272 939
47 671
649 974
46 149
110 449
451 518
333 563
29 152
704 745
33 164
198 431
141 253
13 301
34 167
337 813
72 139
437 941
54 805
20 21
19 232
139 143
195 509
61 429
149 334
17 42
324 797
281 978
18 127
76 653
161 333
19 44
181 380
159 326
485 499
27 362
4 5
360 427
188 243
127 552
653 849
1 4
485 662
473 721
214 727
619 878
60 113
146 405
67 160
41 365
113 174
3 19
1 537
64 449
211 451
32 67
521 532
114 749
106 277
105 911
125 433
265 399
236 363
141 284
415 547
389 457
527 556
41 72
526 643
893 941
68 211
378 583
163 549
965 971
63 124
133 187
137 798
254 321
74 439
59 704
644 797
27 46
481 838
82 85
487 767
271 994
77 120
62 529
40 407
241 293
79 985
269 388
29 210
275 299
329 757
328 331
71 81
13 28
67 163
761 872
76 243
227 606
517 687
235 746
188 653
873 928
127 981
1 10
166 229
4 9
193 375
171 419
748 939
3 145
177 380
113 172
814 897
81 439
85 117
372 373
1 2
295 364
70 149
493 980
5 631
49 59
275 527
2 7
16 373
40 193
735 923
7 404
103 121
261 269
398 463
276 325
67 321
29 258
121 289
171 412
7 9
296 743
5 96
31 369
139 200
185 916
799 871
190 249
412 425
229 234
37 797
792 821
285 803
510 617
119 362
86 797
269 456
160 399
5 9
419 782
319 328
2 39
845 972
332 709
92 323
20 919
645 997
11 619
255 398
23 579
7 8
457 963
481 678
254 881
37 70
405 943
15 979
783 914
551 697
1 6
46 93
561 730
171 223
11 13
907 911
114 719
50 243
91 229
674 813
173 290
419 654
402 485
109 386
177 355
583 712
79 244
409 416
471 509
509 586
158 693
233 747
374 625
527 584
89 323
629 653
5 61
65 967
74 371
124 525
579 976
165 427
44 357
2 5
295 343
179 196
149 211
86 385
313 617
224 239
557 920
635 779
327 988
2 165
241 605
7 58
4 365
224 275
7 142
589 898
75 511
435 874
74 575
831 899
412 487
16 247
16 99
159 368
150 421
55 146
35 58
1 2
64 201
148 157
205 586
188 965
34 175
49 248
393 820
119 397
223 851
61 451
41 49
427 659
80 559
52 479
91 96
30 337
463 824
97 140
50 193
676 787
23 192
296 421
273 734
725 916
352 499
17 93
37 180
556 667
583 982
18 25
37 182
377 974
534 875
93 185
257 502
90 143
449 727
41 251
780 941
21 79
1 668
63 88
376 789
193 937
428 647
81 146
7 128
646 883
71 74
263 367
125 141
55 106
4 27
9 34
79 148
413 640
140 467
283 340
233 349
21 403
18 29
32 237
753 799
167 817
664 745
79 192
82 203
4 219
205 281
524 639
417 898
9 19
362 983
96 101
48 179
17 54
107 181
81 131
623 970
59 266
194 235
103 130
122 499
114 245
117 850
23 211
329 396
52 175
173 368
366 959
9 16
49 272
7 64
119 512
147 898
254 365
231 296
609 724
4 39
74 199
244 469
155 201
96 107
479 871
123 158
27 43
202 359
983 989
227 234
48 997
73 76
124 213
321 464
1 17
221 475
280 957
267 913
569 945
582 863
169 499
608 749
501 575
613 619
29 36
877 883
461 661
103 634
434 743
243 602
212 291
285 398
478 921
109 344
608 939
556 611
202 441
77 177
712 783
17 49
12 577
27 41
908 913
789 952
241 296
463 591
468 475
333 448
442 717
689 830
293 390
410 759
51 52
75 344
587 875
41 83
693 901
578 941
272 513
182 269
22 377
81 271
352 757
667 891
339 595
4 55
113 180
27 113
671 969
686 853
797 807
13 36
95 272
593 880
45 91
364 423
152 837
157 717
173 678
469 727
73 76
17 648
1 8
421 444
89 762
283 395
361 454
294 841
124 195
59 104
61 104
273 467
100 149
46 77
878 895
41 686
94 333
379 827
14 41
193 434
412 619
397 700
318 491
127 856
272 909
241 501
749 921
72 83
83 277
479 671
176 199
824 875
535 608
163 181
67 170
26 27
605 948
21 26
439 742
14 15
2 571
101 256
78 155
656 767
277 938
317 824
217 543
239 395
289 838
228 269
928 989
746 923
724 747
613 704
227 615
87 508
194 981
127 498
7 464
38 41
623 975
641 684
511 674
164 703
111 115
2 13
14 55
159 235
9 19
571 973
287 480
141 490
239 277
161 194
199 263
355 479
257 661
420 781
5 16
5 68
250 419
311 354
617 635
49 487
83 960
740 763
452 535
175 582
118 279
84 107
236 987
324 347
11 752
48 623
461 574
10 59
54 473
52 827
42 199
79 856
121 267
591 677
299 877
5 59
2 5
573 757
477 587
101 102
92 407
23 307
898 991
63 292
421 471
249 688
139 682
111 889
13 264
62 107
76 967
1 356
76 981
217 600
161 286
465 574
37 71
248 599
597 725
455 542
15 26
334 377
491 846
85 478
302 747
167 555
151 770
105 236
131 234
289 455
90 289
125 177
619 970
313 795
334 453
107 327
116 311
55 251
283 595
25 74
397 656
71 307
140 711
32 193
674 931
129 206
145 392
8 9
14 15
243 487
343 394
601 682
211 239
523 538
83 99
110 247
125 434
233 512
793 881
457 597
35 563
61 266
305 439
304 543
584 831
656 941
49 57
6 29
228 871
242 493
111 164
643 714
783 844
281 477
240 961
457 801
27 475
134 243
239 349
170 203
325 387
59 200
186 235
96 259
71 539
67 836
314 481
619 735
226 295
289 961
293 861
148 167
101 105
400 987
83 135
188 251
329 509
116 473
136 503
19 850
166 305
484 769
1 704
509 620
241 330
7 18
9 154
9 95
66 191
1 614
502 703
8 57
142 481
4 33
345 467
246 409
405 406
368 719
8 9
283 307
425 757
456 707
769 894
122 309
89 124
41 652
231 244
299 954
18 37
212 639
91 101
73 161
547 849
22 545
41 248
563 816
131 254
160 817
283 753
145 151
10 17
312 883
685 733
565 883
191 388
253 452
182 279
239 296
762 907
401 448
25 197
17 22
253 265
136 189
130 491
49 488
832 915
119 194
52 589
231 923
142 165
246 907
256 293
161 894
1 254
605 981
133 480
293 496
173 437
653 771
457 612
346 351
199 320
90 463
122 873
522 629
358 925
57 982
710 739
271 691
320 529
209 810
593 879
601 848
199 332
28 297
74 479
89 177
331 342
34 63
103 544
611 693
227 609
173 880
184 187
243 644
195 517
293 616
647 999
241 856
127 176
51 344
37 122
182 853
651 940
207 302
17 35
393 568
156 167
502 605
299 352
307 390
142 153
79 346
205 837
779 809
67 296
167 371
529 639
15 259
13 22
333 359
309 338
337 815
629 727
174 575
544 671
48 77
281 291
35 299
321 422
477 970
76 221
157 276
55 303
8 133
573 599
584 727
281 480
117 236
13 93
415 677
186 437
181 282
238 471
505 648
128 145
53 294
801 856
105 394
143 252
463 951
862 943
509 757
2 31
245 849
76 101
9 110
191 395
623 755
134 223
287 330
329 1000
333 565
441 794
205 296
193 266
25 52
31 113
1 49
22 27
332 947
42 167
340 999
37 630
218 623
447 457
5 807
141 163
32 975
243 973
107 110
313 471
24 25
10 181
425 701
101 181
43 179
410 923
133 677
421 997
763 944
162 355
908 983
537 901
129 614
460 991
11 75
43 371
670 999
396 479
63 121
241 373
106 247
193 774
203 286
491 503
365 868
301 583
4 235
302 507
359 910
426 485
99 247
93 391
275 436
774 797
41 98
3 4
515 689
149 197
602 745
286 501
77 955
122 377
619 800
747 821
151 718
112 725
121 142
454 695
14 107
44 419
67 190
130 201
217 488
297 647
399 449
751 762
94 719
223 800
537 655
387 527
211 312
203 797
725 939
235 457
67 414
25 109
52 109
169 483
216 413
73 723
72 659
61 70
579 649
273 713
91 159
211 994
135 341
523 951
27 89
355 849
59 706
10 49
99 263
241 264
333 862
65 152
17 199
41 762
197 494
207 353
245 533
14 305
443 504
11 78
287 592
201 209
129 205
235 413
958 983
489 508
19 24
853 899
451 636
817 905
85 152
93 395
46 63
33 871
449 831
671 997
139 216
841 861
74 75
681 773
611 795
26 505
115 132
166 793
394 837
113 237
608 793
1 12
99 115
15 289
35 236
119 480
373 439
128 587
3 145
877 890
285 383
823 918
108 815
86 381
33 134
116 983
170 651
69 313
531 575
451 463
81 97
32 125
545 991
269 877
149 833
259 915
7 173
774 841
161 685
233 271
180 187
627 932
250 363
276 679
221 460
8 21
244 371
175 402
867 965
382 693
64 281
3 86
132 721
154 897
107 126
145 364
17 67
17 330
148 409
473 604
4 61
604 693
263 777
5 26
368 659
402 763
482 705
139 312
533 903
269 338
26 71
270 839
95 404
54 827
617 739
407 742
662 721
293 450
238 337
389 674
237 824
489 961
583 859
71 151
2 3
30 151
41 360
151 971
259 918
83 85
283 922
32 115
107 647
787 844
103 291
247 490
733 977
77 317
40 321
428 523
204 433
67 471
511 886
95 427
179 473
33 725
36 145
724 991
309 991
219 320
214 445
515 516
149 160
15 22
664 963
12 467
19 758
22 295
243 245
755 756
365 531
407 754
267 431
96 449
129 961
107 958
203 225
105 148
29 79
193 719
180 181
167 642
89 172
112 183
190 789
31 792
116 339
127 233
506 953
107 269
200 233
159 538
221 461
473 527
240 959
749 986
221 443
177 548
626 977
35 474
401 706
172 941
97 279
229 743
39 625
286 311
783 796
188 787
230 653
32 129
313 882
209 647
401 921
25 47
139 887
199 210
395 947
41 68
1 3
212 445
5 38
343 368
237 244
709 873
76 93
130 163
547 693
197 257
9 832
571 986
262 335
103 110
161 954
81 970
27 362
35 162
173 178
102 103
193 881
213 220
26 493
62 407
7 17
446 477
69 118
397 998
184 353
693 892
97 266
356 699
305 392
352 501
45 104
656 729
360 817
185 756
253 465
11 284
95 169
151 200
15 71
315 488
586 619
13 105
139 245
467 789
392 423
181 434
25 244
211 852
270 827
265 601
769 861
466 593
211 240
33 122
247 489
322 673
693 712
25 193
8 33
63 676
73 155
733 775
94 287
81 716
391 999
231 890
421 573
247 274
313 476
94 121
11 34
153 868
30 113
429 860
400 757
33 214
5 227
361 851
113 289
23 76
28 61
123 173
61 538
465 602
381 701
338 719
21 449
91 200
431 569
395 496
86 413
473 819
85 101
74 157
377 807
294 841
202 393
535 964
152 797
386 711
203 655
75 257
452 837
99 655
724 783
35 43
73 166
73 250
373 996
212 471
19 201
177 652
359 361
20 21
98 257
782 819
97 478
383 935
31 83
87 137
143 233
28 417
591 890
10 41
298 653
8 13
14 107
57 763
26 371
251 911
131 183
331 339
619 827
11 362
329 331
112 211
39 124
388 405
1 1
107 222
11 28
515 907
16 147
743 943
358 485
479 886
77 102
41 794
16 85
160 733
105 577
168 587
46 119
117 335
87 526
65 88
3 16
140 187
520 523
23 85
75 241
221 252
144 739
545 859
343 424
358 497
17 40
752 999
19 20
410 957
153 176
213 265
176 213
142 273
542 803
105 919
37 304
130 133
95 933
230 457
421 678
707 860
193 835
517 652
385 914
11 412
35 131
371 829
113 156
173 366
31 37
249 566
193 475
415 656
583 752
43 213
253 412
181 816
273 326
15 16
504 905
319 721
126 367
657 992
239 315
47 452
11 20
446 839
89 96
187 387
147 859
155 771
89 238
130 307
29 93
72 613
131 189
161 862
560 747
488 857
27 130
251 625
686 883
790 941
131 554
176 325
189 734
81 146
81 316
437 755
3 49
54 869
133 137
789 887
613 988
254 351
607 773
46 957
401 985
283 995
330 361
317 591
309 616
919 953
27 155
199 557
218 457
25 244
55 192
255 338
33 403
49 139
247 288
234 311
631 849
131 157
557 879
506 579
109 366
9 851
17 266
147 457
189 746
519 701
29 74
52 281
309 856
3 86
99 194
257 479
4 117
406 871
491 909
726 997
91 114
682 797
47 266
19 617
155 848
378 797
724 785
269 814
65 497
25 332
395 926
145 931
623 898
777 944
23 55
487 899
113 683
19 40
807 998
255 772
19 150
18 29
487 902
65 76
107 136
462 967
32 209
968 969
84 209
101 381
746 865
119 863
3 37
367 671
251 374
910 943
35 52
218 487
60 329
9 26
367 407
17 97
465 838
404 545
101 931
267 467
78 719
81 568
730 811
181 240
399 967
315 349
317 568
428 663
85 146
523 748
275 681
513 904
70 233
481 939
158 353
480 869
257 476
245 409
357 464
16 81
189 895
173 471
665 866
331 432
799 990
154 177
733 931
353 559
37 46
19 631
191 407
91 648
55 216
599 962
502 723
724 883
34 57
68 245
61 105
197 198
122 269
247 271
35 466
118 195
243 518
9 20
53 704
539 866
557 1000
39 67
229 270
381 580
167 307
116 159
125 343
72 463
16 43
373 856
647 736
504 829
347 417
653 725
526 951
382 469
210 431
13 118
895 949
97 401
65 82
41 86
8 95
53 135
584 589
5 22
28 81
52 77
253 480
409 525
296 881
427 821
23 48
15 596
13 18
899 943
509 599
359 894
307 367
801 829
38 219
832 891
31 240
23 323
259 1000
445 802
5 361
258 293
193 408
579 616
431 467
443 490
257 259
312 905
621 985
225 643
479 534
13 73
124 939
526 623
439 866
195 968
54 85
13 274
43 67
38 55
38 53
815 904
155 592
164 253
188 195
87 104
26 251
313 911
398 957
553 648
124 241
464 545
79 449
15 28
