169 470
165 159 109 124 30 108 123 148 107 13 68 70 42 67 98 83 95 167 95 33 32 160 145 52 15 143 156 119 4 133 37 78 57 60 116 112 56 131 95 100 17 152 102 146 49 143 157 120 7 71 158 160 136 127 38 120 45 99 70 1 41 143 25 20 15 46 72 60 51 162 148 165 45 58 4 99 52 68 3 163 22 67 164 147 58 101 23 131 45 100 128 109 163 163 75 132 123 15 116 23 32 81 27 7 35 48 7 146 142 41 38 130 54 79 123 17 160 135 117 80 5 161 46 133 139 72 25 117 47 14 40 11 124 111 144 12 30 66 121 160 8 145 162 43 88 107 25 17 106 128 115 152 117 7 131 104 63 19 66 67 20 109 28 124 140 30 161 168 169
133 151
74 8
11 63
46 86
41 47
64 26
39 104
51 35
142 52
46 41
68 157
101 148
29 105
44 35
116 85
90 148
6 64
30 36
10 63
133 24
102 105
49 139
152 104
145 123
20 36
62 163
117 154
42 6
156 106
6 133
15 137
5 137
6 136
9 131
131 90
107 108
119 95
84 40
158 8
135 90
15 63
17 162
106 91
87 136
159 90
139 2
157 11
104 3
166 62
138 151
147 163
154 163
86 52
153 62
103 120
87 24
125 131
57 12
165 143
115 109
88 155
21 112
126 103
52 10
91 52
46 16
29 56
36 45
43 103
95 133
38 89
33 66
91 15
108 89
152 59
163 56
149 25
30 7
24 56
159 10
169 93
46 77
137 55
120 66
165 22
161 140
152 55
124 156
127 106
148 3
70 83
1 30
42 138
135 43
104 68
130 14
103 99
89 55
68 17
72 128
141 9
139 121
47 138
108 133
114 71
76 23
128 162
92 112
122 8
126 142
61 1
115 116
73 7
151 101
64 148
74 123
145 10
158 66
155 98
120 141
48 117
130 164
25 118
121 112
99 126
70 160
38 146
69 113
37 67
127 140
163 21
167 59
96 41
103 100
63 87
163 167
105 168
78 11
6 66
32 162
129 37
167 128
76 15
60 159
109 78
27 65
132 163
140 115
160 167
130 154
150 32
150 111
7 130
79 74
56 83
80 43
115 167
10 106
125 142
78 47
118 116
59 138
10 154
35 146
140 89
109 114
94 20
168 159
9 99
61 127
18 129
146 167
21 160
68 87
56 138
19 90
101 36
32 105
155 169
160 140
126 152
7 35
81 71
127 108
141 7
36 151
114 56
108 57
149 66
88 153
70 154
11 90
62 50
60 4
106 23
3 88
43 66
95 103
82 9
4 114
84 51
108 53
162 19
14 59
169 35
75 153
136 32
31 72
123 103
64 46
119 96
160 29
73 114
49 142
75 42
6 145
157 126
147 98
136 148
52 84
165 71
93 42
65 56
49 119
111 1
49 64
87 43
140 131
67 52
46 23
95 117
162 169
142 166
117 105
51 24
56 9
10 90
118 35
90 138
32 89
28 144
93 58
89 65
39 142
26 126
140 14
106 6
99 90
111 93
22 146
142 102
147 3
148 1
168 92
119 136
164 67
145 12
75 145
160 115
89 70
21 120
22 95
115 86
105 110
26 48
161 96
17 158
72 4
158 95
122 42
154 5
98 71
84 128
118 26
38 64
102 153
80 49
43 131
73 31
100 154
83 79
63 17
1 55
86 167
54 107
18 91
129 133
94 167
45 120
143 164
8 134
96 151
9 133
34 120
111 25
143 20
153 24
118 106
67 73
1 157
12 126
5 40
66 8
25 109
60 131
154 9
13 159
74 137
92 128
111 41
40 101
5 97
114 103
76 146
138 158
102 55
13 138
31 3
70 137
97 86
73 8
33 59
128 138
106 153
7 88
16 62
55 56
37 24
51 134
2 48
41 59
82 153
17 167
46 124
142 8
39 49
16 168
83 62
158 92
102 117
140 30
97 2
42 119
101 25
103 40
142 104
61 71
135 133
149 157
104 7
168 165
66 166
68 13
53 13
97 135
123 108
29 157
40 65
143 128
38 109
64 157
110 163
118 169
153 59
98 70
146 69
130 128
109 64
158 109
64 88
93 30
79 152
58 60
103 61
145 137
150 81
10 68
50 43
35 134
58 154
1 139
79 13
18 15
71 151
116 138
91 94
116 139
22 82
45 106
17 10
25 151
112 130
95 39
119 104
148 28
34 147
127 97
5 11
116 25
115 153
66 168
158 104
19 25
53 61
21 50
4 156
57 31
107 50
93 7
6 58
111 59
141 123
159 156
3 167
112 163
19 56
26 144
50 109
73 143
132 10
47 167
85 103
44 75
144 125
2 99
29 67
90 29
153 5
52 43
66 124
57 40
137 131
69 126
97 3
75 35
38 93
147 139
107 32
114 60
159 29
68 47
60 165
135 34
143 84
18 130
38 28
69 145
2 35
92 35
157 63
159 125
144 153
147 64
116 14
151 13
33 80
106 143
97 154
105 37
35 15
164 128
124 131
134 53
23 56
66 36
82 2
65 166
120 97
91 56
134 20
