503 611
454 67 371 273 211 385 410 328 360 360 40 239 10 95 124 294 249 162 130 15 454 486 114 390 84 369 260 410 64 246 205 114 383 458 33 134 299 154 439 417 265 19 215 73 292 6 165 331 349 63 371 233 295 145 269 158 95 76 274 299 143 445 437 37 216 88 58 75 74 391 326 401 320 46 433 464 456 336 135 186 427 291 416 111 67 497 131 462 132 139 23 177 329 483 183 29 271 73 242 342 56 30 188 96 499 229 379 306 127 469 293 377 187 66 49 184 169 315 166 11 36 389 292 196 211 294 415 165 334 146 307 119 378 121 418 240 187 205 155 43 119 265 88 113 120 390 375 501 73 17 269 145 218 227 70 433 371 324 292 398 335 150 299 492 283 135 164 12 318 118 368 306 400 70 349 188 172 482 202 353 268 58 293 120 200 386 217 37 114 27 163 63 378 287 173 147 316 408 373 409 110 239 368 179 428 314 26 216 349 238 221 245 398 143 351 477 434 339 85 228 395 368 159 474 20 25 203 362 336 75 449 90 125 198 464 475 202 263 405 369 239 168 101 393 64 148 374 73 142 375 212 428 23 435 8 423 244 129 462 333 248 201 45 167 484 461 141 385 81 54 120 443 279 68 446 221 136 258 448 437 363 145 5 85 262 433 444 78 471 389 340 53 379 131 473 439 389 465 77 62 101 269 95 369 33 319 107 435 469 219 462 109 463 438 200 21 308 499 275 102 413 151 300 325 155 442 493 379 335 33 40 56 188 75 42 75 292 230 232 491 31 186 400 481 304 56 382 384 369 442 19 88 227 246 40 309 70 37 116 300 338 27 31 34 382 168 29 43 155 149 190 109 208 432 31 144 286 373 482 272 273 287 120 230 369 18 378 72 203 46 436 323 180 354 309 209 220 113 165 187 416 306 420 142 23 465 105 427 36 195 312 391 120 8 348 147 76 233 224 112 44 59 75 489 214 305 373 268 422 476 130 309 232 223 126 392 150 261 317 118 16 444 62 285 158 428 211 402 252 484 431 257 482 5 202 279 216 211 491 53 111 216 358 108 443 439 361 330 335 374 35 326 324 222 310 501 436 185 199 495 151 81 122 34 221 127 56 285 13 451 438 356 257 237 166 184 417 475 90 128 469 502 503
493 458
268 300
489 76
84 166
120 413
430 305
1 63
328 230
163 433
264 341
139 167
367 46
240 232
123 176
442 183
315 379
450 134
347 305
130 361
287 478
45 449
299 82
153 110
210 142
497 217
317 74
111 443
75 111
266 406
106 273
471 474
383 78
487 203
11 442
463 265
499 292
55 91
198 11
262 224
393 468
65 443
275 227
406 384
254 46
67 123
227 445
177 447
143 13
285 183
61 297
179 462
410 222
242 406
202 15
46 313
394 471
12 83
489 154
228 138
98 317
64 301
205 11
318 138
423 199
291 477
125 258
17 401
468 454
302 158
346 101
185 57
13 502
395 121
129 184
95 66
274 65
296 478
171 58
444 445
243 127
235 196
364 164
194 33
121 161
216 296
353 21
344 25
360 447
241 454
370 306
263 418
136 393
412 101
366 101
32 76
178 412
167 448
252 448
144 49
86 375
192 396
191 18
390 228
213 141
72 122
417 250
300 303
215 231
92 323
30 93
340 305
209 303
388 228
28 501
28 313
62 407
463 418
255 254
334 459
432 154
38 467
503 249
69 39
401 503
124 57
380 114
492 430
33 228
53 115
195 145
381 468
303 371
488 474
443 475
11 349
189 142
277 63
85 123
168 148
82 279
502 185
327 306
494 244
94 244
107 217
474 478
413 57
456 16
376 191
174 346
170 501
89 356
501 372
328 354
424 495
250 221
258 178
190 112
467 152
162 145
365 272
134 435
113 311
35 109
452 346
478 366
244 378
359 265
337 350
338 158
186 346
307 264
469 244
39 22
404 430
199 304
371 201
450 489
21 24
14 87
368 228
488 280
479 150
54 432
169 374
78 232
239 447
261 171
342 375
80 21
325 414
255 432
465 353
187 401
91 494
3 19
298 342
92 74
207 158
397 120
197 229
279 84
226 471
90 263
286 253
140 102
320 336
358 341
272 279
485 58
77 459
220 273
475 117
247 355
466 177
296 225
490 231
100 154
403 43
127 37
201 29
441 411
371 447
438 123
279 101
398 109
96 103
452 304
148 274
425 230
104 333
118 57
217 433
8 503
313 459
21 290
446 430
236 407
335 353
362 174
332 432
297 135
70 285
358 133
164 300
40 279
316 49
127 170
52 49
267 430
333 138
453 228
426 94
176 389
43 150
138 154
112 471
415 338
102 463
338 503
482 274
182 325
24 284
265 413
113 254
414 468
211 145
116 244
470 371
314 44
22 447
177 94
351 298
184 495
63 455
317 267
486 253
101 149
372 305
343 164
63 406
369 311
23 493
271 375
141 81
462 413
243 42
99 92
330 311
405 101
131 191
382 296
16 470
146 30
498 366
158 470
18 468
237 93
56 299
249 372
307 156
36 382
486 462
50 363
278 31
319 363
294 174
149 228
451 192
73 43
229 443
389 193
166 369
402 5
439 22
385 89
483 474
217 354
160 447
254 78
61 455
308 290
109 430
226 76
104 215
29 173
77 192
326 427
197 76
269 81
116 52
142 393
377 236
177 291
115 322
434 480
126 232
283 225
166 362
273 160
395 500
131 294
270 422
379 138
329 182
413 154
481 306
349 305
86 94
387 400
352 448
381 155
130 303
133 150
278 238
20 377
105 308
71 284
295 82
4 236
171 289
132 76
206 486
418 173
37 267
151 494
392 47
357 379
427 457
440 271
97 413
443 185
257 495
81 34
331 11
189 102
306 413
248 406
59 300
290 447
156 126
200 318
375 414
448 470
145 229
155 211
376 181
341 405
355 360
428 138
436 193
47 421
312 24
324 315
421 303
445 89
51 341
306 229
223 501
277 363
259 341
391 65
147 120
289 154
153 445
377 355
29 27
19 197
48 76
103 371
469 386
128 117
336 228
218 24
90 26
246 306
175 404
172 126
292 336
309 225
260 477
257 193
110 372
268 129
34 433
44 265
117 239
2 476
161 274
474 7
373 140
349 65
74 475
464 271
298 339
46 101
66 469
116 342
267 201
280 184
253 342
217 26
344 76
484 211
99 66
79 209
26 150
422 452
232 50
477 18
454 443
441 474
450 406
305 154
440 390
406 454
88 446
437 493
416 247
250 93
473 345
27 462
176 171
321 336
407 267
458 405
311 178
276 178
157 496
409 132
26 5
393 223
384 202
301 391
53 313
87 46
420 419
363 265
485 431
396 114
256 47
447 149
58 371
173 185
231 442
144 263
196 482
460 52
10 204
119 269
444 374
491 126
114 371
7 267
345 196
245 371
351 49
472 405
125 245
159 290
76 150
461 54
193 150
363 73
67 5
433 138
9 339
348 62
6 101
455 265
411 33
13 311
400 460
442 356
449 274
204 274
467 242
459 185
30 393
238 496
328 24
25 89
304 110
429 295
282 308
183 443
311 120
251 498
119 116
203 250
408 158
271 276
233 268
310 318
395 209
235 368
165 88
244 24
212 273
93 432
168 436
122 407
15 401
367 342
457 176
374 462
499 110
339 271
386 160
208 377
131 51
49 50
441 351
301 178
222 92
350 489
179 264
297 303
251 288
496 291
57 154
293 164
221 289
137 428
71 498
49 260
108 339
356 249
226 231
31 211
500 233
234 352
180 60
224 62
5 354
213 192
230 432
225 138
41 67
459 324
435 446
480 89
495 138
354 371
6 255
152 414
244 270
219 16
83 142
322 274
68 191
188 158
42 111
74 265
280 96
135 462
214 167
323 154
281 207
60 49
419 211
171 147
212 457
26 264
361 236
284 274
181 214
476 101
399 432
150 89
288 236
