895 1110
171 465 600 50 134 163 661 892 838 1 698 337 341 719 732 328 799 271 438 145 809 611 425 362 688 877 38 317 693 491 148 814 10 557 155 855 681 65 589 321 382 697 671 510 217 315 634 765 112 870 625 508 731 299 722 660 773 221 110 249 190 373 796 799 253 82 614 776 518 338 156 799 87 304 562 136 121 883 191 476 817 685 131 181 822 840 868 655 75 383 813 799 781 710 189 26 605 857 888 361 773 648 225 480 801 368 525 856 556 410 158 612 469 261 157 576 597 240 200 616 27 638 30 876 628 315 568 558 565 389 300 617 429 80 849 376 86 824 773 325 723 299 679 70 431 475 725 24 569 86 354 747 734 782 321 248 35 856 516 13 788 395 220 844 594 147 797 726 444 685 477 165 827 370 608 788 397 757 269 690 312 796 866 507 13 842 58 94 168 883 552 440 320 176 667 143 173 643 629 742 240 573 171 223 331 759 857 377 604 243 704 821 887 231 395 334 115 478 460 222 38 24 839 497 227 176 776 342 463 684 358 340 539 870 193 520 160 423 318 511 629 765 17 248 199 499 1 506 103 719 278 449 261 619 875 490 30 871 236 503 519 231 638 302 454 336 841 821 707 380 882 362 688 605 193 737 426 214 155 18 307 112 389 466 587 822 322 31 714 784 164 867 526 895 323 601 779 109 852 545 26 99 375 531 60 373 864 818 121 385 248 150 229 74 581 85 778 157 57 8 539 765 583 118 744 137 700 259 44 109 744 863 433 299 856 58 7 714 462 617 547 759 121 650 587 863 526 275 687 825 409 365 823 551 130 200 345 201 508 520 133 878 219 412 180 696 597 177 718 678 434 487 707 879 203 732 852 428 41 850 267 693 24 293 131 107 820 793 728 559 97 376 793 703 8 727 334 606 708 312 585 802 374 402 69 724 381 379 149 848 401 812 726 268 313 873 263 191 311 754 53 494 447 796 425 20 643 614 730 894 175 502 7 451 42 443 192 776 681 364 24 654 693 675 624 522 881 826 732 160 471 706 555 825 833 844 840 557 654 781 314 449 422 406 875 677 216 862 689 428 196 391 189 859 600 530 531 617 661 46 310 828 704 717 515 379 49 156 546 638 81 741 647 827 185 431 625 428 317 733 815 375 305 644 864 824 765 217 873 199 6 737 163 116 627 664 45 239 251 226 181 511 542 723 1 151 680 280 94 383 479 879 394 643 181 213 525 567 433 41 510 811 442 854 227 64 625 769 370 408 195 681 789 475 310 800 695 154 288 825 30 185 830 12 448 366 248 252 307 777 118 72 567 662 758 502 718 660 319 50 597 857 513 776 58 210 157 592 151 487 535 234 823 361 480 227 867 281 186 139 687 474 145 314 341 676 825 826 659 355 795 695 226 119 212 129 494 656 612 855 391 488 764 576 807 608 159 5 560 156 100 502 347 657 57 363 200 826 163 206 755 681 645 235 327 868 321 591 439 557 93 249 728 420 645 529 704 722 647 708 311 275 592 374 222 571 811 496 520 599 423 47 682 98 854 283 350 382 383 382 567 626 376 411 374 64 434 798 127 642 361 43 783 794 887 582 252 806 92 6 377 892 80 853 61 458 591 220 424 732 337 632 94 143 388 306 57 718 404 143 371 254 744 865 48 675 569 811 145 695 285 210 38 205 472 640 634 293 218 68 512 606 241 685 349 848 224 452 786 410 143 14 620 813 291 29 877 829 634 343 885 382 586 766 715 133 837 21 563 642 815 604 766 357 65 839 335 812 662 810 648 779 216 508 227 599 687 496 245 740 142 187 252 243 181 607 382 46 170 572 260 307 642 8 525 253 570 836 618 69 687 184 556 768 770 8 502 451 777 205 106 408 243 682 493 685 560 160 109 666 678 88 277 39 158 272 710 651 122 242 841 162 376 109 382 626 127 432 793 232 436 648 380 719 429 445 649 339 822 246 855 802 104 264 514 793 806 652 617 641 759 816 306 518 893 143 349 885 834 216 136 364 373 718 95 135 142 188 375 733 577 710 410 698 194
747 123
179 24
138 315
643 279
804 572
99 697
746 117
885 690
410 791
148 33
300 588
366 653
435 746
473 127
694 682
782 239
27 315
678 162
820 500
288 404
891 635
371 334
855 884
526 199
469 876
572 211
567 697
778 74
871 775
639 643
582 53
29 74
481 875
416 663
760 288
447 284
674 292
619 319
181 344
218 763
139 535
40 43
61 660
620 476
571 366
49 347
615 819
150 784
775 291
530 874
487 827
872 157
578 402
190 513
387 104
859 248
94 464
835 654
881 654
590 733
494 283
44 420
780 742
882 677
202 114
594 571
153 92
883 230
389 677
506 114
32 705
56 71
278 138
76 409
317 655
656 426
297 598
109 27
279 521
131 709
655 474
735 754
255 465
23 342
175 545
432 826
449 8
875 199
52 508
480 332
818 631
1 320
332 633
704 222
316 752
549 685
15 81
677 368
98 832
777 119
797 691
716 342
525 644
432 159
275 430
765 212
669 551
157 746
559 617
311 791
262 542
463 65
719 146
850 106
299 400
17 161
886 258
676 693
649 863
564 205
200 880
19 783
531 600
124 104
484 496
575 614
171 21
280 674
159 89
247 845
421 817
83 385
168 328
452 770
326 673
761 855
622 13
87 676
264 594
347 510
257 368
530 85
106 663
13 392
214 451
824 598
845 26
772 826
474 123
195 430
404 631
525 542
381 303
447 660
708 121
440 779
868 254
799 65
182 660
662 690
32 592
254 121
650 203
364 310
488 392
823 706
696 176
119 67
600 88
520 518
877 171
450 51
446 509
469 788
686 496
229 684
117 842
72 823
84 178
68 8
177 713
418 728
126 351
9 859
46 889
205 513
532 851
154 262
692 119
803 311
472 145
486 864
852 428
471 222
212 693
735 116
834 182
207 826
691 710
497 333
866 59
102 235
675 235
574 189
304 713
282 476
86 790
758 212
564 263
664 127
134 494
225 637
305 261
867 853
682 571
467 742
630 496
156 182
442 731
689 387
7 748
759 455
81 685
298 780
776 8
243 235
330 239
174 473
580 722
847 778
219 688
890 186
561 754
437 850
20 14
310 488
740 271
211 55
509 238
112 643
626 514
314 190
134 145
80 231
836 205
413 869
14 33
726 79
25 530
258 183
711 206
558 459
244 546
374 92
148 536
250 488
640 170
324 66
602 567
477 705
31 453
245 65
208 494
276 837
518 829
633 839
632 639
411 770
723 397
197 503
503 203
277 18
750 863
734 749
328 562
539 739
711 685
66 718
233 848
729 299
184 370
754 689
670 208
448 694
592 543
664 151
284 67
252 519
201 568
54 474
196 445
93 859
666 647
459 556
129 30
529 32
331 839
436 284
268 48
847 521
136 81
78 19
210 55
848 236
596 336
687 447
846 434
731 197
645 463
441 387
527 592
429 508
253 257
116 250
296 512
40 233
812 564
748 543
259 188
313 885
579 488
307 800
561 227
67 488
419 530
65 352
502 519
476 579
95 356
674 768
45 181
607 880
16 545
324 702
336 223
555 53
204 889
785 435
698 446
754 108
237 192
755 341
397 588
773 282
453 826
685 392
199 417
792 448
621 767
393 211
41 257
156 261
383 736
869 81
26 760
319 258
514 186
3 231
562 279
732 738
806 135
176 792
601 257
813 526
103 33
428 836
44 88
274 78
548 742
158 760
583 446
478 342
368 190
372 237
354 63
794 412
745 36
380 280
184 402
521 464
402 250
465 610
33 43
766 198
618 746
633 248
693 617
632 722
198 300
742 868
889 19
434 718
563 655
73 152
470 65
384 500
341 617
132 660
423 125
395 710
588 816
49 365
730 229
550 45
437 36
174 242
887 302
345 291
678 873
726 334
291 43
248 748
524 23
783 647
764 284
491 55
838 846
891 535
445 645
450 467
385 881
456 816
348 269
334 464
227 164
29 631
801 446
223 256
217 467
720 858
688 91
815 161
376 56
534 380
47 174
827 558
695 589
70 495
108 279
423 474
99 422
165 599
156 647
565 28
460 645
703 681
511 598
333 772
97 430
849 643
670 388
222 536
38 402
661 243
213 505
597 511
460 525
603 745
344 836
342 258
653 309
167 501
611 309
502 238
856 673
75 863
731 114
312 884
348 692
495 706
166 802
578 63
1 92
382 53
352 190
716 282
538 526
705 752
238 13
338 701
323 322
397 85
320 171
724 103
862 123
176 578
665 509
160 334
62 259
744 684
858 29
838 9
71 667
421 501
636 146
561 736
311 81
203 549
781 628
90 163
84 283
187 44
713 454
809 475
361 825
654 117
192 63
559 344
667 48
411 161
419 580
884 352
673 842
796 521
40 84
127 89
63 711
492 238
349 256
763 722
418 556
60 183
726 242
224 860
707 26
770 780
2 183
166 276
679 95
239 816
193 622
743 884
807 97
180 851
829 33
588 685
438 657
24 162
651 895
414 554
123 127
893 783
72 683
386 290
516 365
771 266
239 780
672 492
502 366
425 331
716 386
604 487
717 425
668 244
225 154
728 15
417 74
426 366
659 61
439 556
173 130
137 805
205 834
684 762
570 289
750 712
312 489
483 494
817 605
513 549
306 167
107 288
508 409
808 162
769 628
819 19
261 52
94 574
206 271
18 598
293 526
710 571
697 889
573 352
844 745
466 356
289 664
57 190
295 310
194 542
343 349
444 480
793 371
741 656
789 277
446 868
458 496
140 242
790 784
606 588
479 154
647 685
292 617
337 205
645 780
631 350
681 677
288 710
120 42
845 113
390 448
718 551
630 71
787 341
36 447
437 594
507 890
688 566
329 573
690 81
144 61
688 530
270 598
738 532
504 824
547 344
162 430
186 508
381 552
490 430
635 530
351 549
454 121
599 488
178 201
48 409
422 818
364 180
418 811
220 308
35 748
646 617
636 811
37 779
108 161
407 735
879 96
231 266
797 705
455 26
260 599
51 875
753 291
129 611
614 351
77 304
315 221
13 826
82 828
141 304
751 358
105 383
782 717
355 65
166 445
888 828
169 661
866 891
283 513
566 706
779 710
876 446
569 827
52 379
405 44
155 88
378 310
110 430
47 528
240 254
12 479
269 240
476 27
717 752
791 341
301 557
605 563
121 205
294 173
43 205
870 122
450 890
22 735
373 214
415 440
727 81
357 606
126 177
700 621
663 842
40 763
163 302
99 292
152 135
320 273
130 383
784 571
290 96
648 408
498 150
21 694
342 135
150 187
631 158
286 310
595 535
637 30
751 303
43 450
128 24
398 805
796 557
359 792
149 655
370 837
4 448
427 490
475 464
593 660
235 568
173 13
424 150
400 155
857 224
198 329
321 559
709 686
414 20
249 343
303 513
579 682
554 836
841 791
577 251
733 300
553 212
354 123
123 132
752 836
216 638
175 7
89 121
8 257
243 576
832 890
616 267
305 649
361 280
656 495
64 8
251 551
751 693
616 605
828 494
544 63
821 116
58 81
375 746
236 568
522 505
745 154
837 430
209 544
438 319
265 118
740 8
142 631
42 739
135 855
100 666
230 807
50 432
551 24
739 162
114 860
30 868
87 431
874 669
644 183
535 298
706 836
164 337
147 363
122 81
667 720
632 28
517 105
339 252
695 813
715 104
805 399
461 591
480 283
883 302
671 836
335 694
189 784
461 662
608 116
593 479
336 279
96 248
840 417
74 79
412 235
543 783
750 403
821 521
488 289
712 631
322 688
556 754
396 317
64 732
865 566
501 464
199 860
546 112
427 763
346 402
550 27
394 341
537 418
500 284
188 26
267 641
756 450
699 611
680 585
854 866
701 61
660 860
581 711
10 17
571 392
299 868
454 734
485 347
830 151
125 828
362 811
609 875
767 63
671 755
576 599
699 11
714 17
305 838
720 746
22 886
540 705
365 412
878 511
459 392
602 411
668 398
895 360
403 815
768 455
232 717
211 863
117 549
702 110
722 488
853 569
839 508
379 116
482 121
415 263
714 89
176 826
226 532
118 474
833 729
851 779
598 289
34 64
689 60
391 842
172 258
861 766
658 213
515 633
183 694
873 556
55 303
832 498
585 248
123 704
519 83
367 719
396 477
754 464
443 859
737 179
369 453
641 655
628 397
816 771
85 779
683 637
451 29
800 780
797 260
667 115
631 254
327 722
215 446
627 759
541 54
39 123
589 860
97 854
185 328
280 24
894 108
462 738
266 542
739 734
53 201
271 738
143 456
302 156
98 707
510 711
241 188
88 826
603 476
127 647
892 549
708 723
880 677
363 706
523 646
272 1
610 751
640 213
536 893
499 655
273 222
406 245
788 189
489 84
431 724
508 148
145 341
634 205
616 610
356 684
367 723
784 823
725 683
798 680
591 344
399 127
568 851
642 429
852 303
802 598
645 108
111 302
474 430
826 121
246 855
623 877
625 508
542 430
811 571
587 108
358 337
277 325
220 346
115 123
428 151
613 451
140 127
408 315
297 798
294 756
560 364
814 139
831 777
863 409
757 788
860 288
505 860
749 8
350 282
221 13
285 519
638 110
92 543
409 121
169 280
75 621
308 248
460 538
468 180
535 182
584 558
360 851
430 722
786 222
420 660
512 640
736 480
11 736
586 417
287 641
795 870
228 60
433 366
629 331
684 135
325 390
507 883
6 55
493 390
59 546
825 199
242 257
713 176
151 309
842 89
533 733
363 648
161 303
573 353
599 881
244 842
91 97
29 699
721 231
652 826
79 5
104 779
240 569
373 631
5 792
315 694
883 141
58 513
28 791
377 662
133 359
832 352
401 135
69 450
810 420
517 212
612 598
590 402
343 183
23 764
657 5
353 669
496 717
398 839
457 717
482 75
528 482
774 586
339 876
552 84
309 212
256 334
426 346
641 140
170 688
890 335
312 718
483 242
762 374
822 192
263 769
864 754
283 812
191 355
500 257
557 594
545 823
113 114
667 643
185 259
318 148
464 395
557 334
281 246
340 39
234 88
617 722
338 694
624 399
68 378
146 299
101 428
388 256
230 654
743 7
843 667
