607 693
102 196 324 268 155 167 237 261 12 17 591 164 494 254 192 532 484 388 10 423 333 210 531 225 152 514 453 275 40 532 64 441 453 364 231 440 361 89 68 373 362 606 82 299 517 268 433 25 543 212 142 562 363 29 6 347 26 27 467 421 557 282 466 80 142 106 591 197 91 486 211 560 211 576 108 420 220 482 22 152 312 18 548 230 456 93 211 231 98 305 194 312 78 80 442 38 259 605 366 450 321 42 241 569 385 486 345 315 222 602 409 445 179 21 1 124 417 63 345 319 217 80 31 459 590 84 267 109 528 163 55 166 145 66 474 586 259 233 234 181 32 166 169 558 211 384 497 41 607 483 27 588 122 592 48 480 206 162 480 444 15 433 211 317 389 36 284 282 371 520 1 462 362 130 244 397 383 11 411 168 478 409 382 518 122 572 312 573 76 538 466 90 1 441 335 211 522 466 68 187 496 589 489 119 582 600 566 277 264 333 251 187 294 42 464 269 181 150 217 235 158 200 529 498 605 440 193 398 78 169 318 324 195 594 7 79 251 51 334 490 332 249 4 258 492 546 545 112 239 384 12 186 31 80 607 314 463 453 394 52 260 77 277 482 511 555 102 18 454 56 402 28 499 130 285 218 498 26 401 387 377 8 206 286 183 31 164 138 541 600 96 557 86 530 265 70 336 567 451 512 560 140 230 457 14 300 25 170 464 23 426 162 550 498 502 405 140 604 499 316 250 539 315 472 299 366 154 593 385 366 14 547 458 23 213 528 607 492 570 263 476 332 22 447 255 125 509 543 292 503 191 359 469 414 381 418 387 139 520 6 96 212 30 451 517 111 451 514 413 358 305 38 2 487 269 604 59 335 385 397 498 386 568 252 567 228 11 147 83 538 111 217 340 126 11 452 225 170 536 272 546 109 349 486 91 231 251 213 56 315 45 530 168 240 494 245 461 314 546 151 233 222 82 303 237 29 349 71 340 524 94 91 89 553 360 203 475 518 138 409 75 94 339 277 184 414 541 291 20 389 605 197 13 372 273 186 200 490 306 214 151 340 124 37 108 580 220 85 22 375 82 434 372 147 212 206 430 55 305 29 44 353 243 248 464 410 174 225 331 341 455 414 136 478 466 155 559 138 420 337 43 183 311 84 601 377 372 365 22 339 267 278 402 445 403 282 468 433 395 324 25 385 566 66 235 111 192 543 534 256 65 171 289 441 203 406 532 345 33 28 599 388 423 591 547 101 71 242 485 251 159 311 111 336 574 132 139 139 280 93 480 533 506 26 77 468 444 477 500 563 505 585 238 569 280 217 26 566 546 404 540 93 470 547 327 364 370 199 454 295 564 60 31 354 382 128 384 478 444 246 12 589 419 59 119 64 11
125 40
500 58
371 406
68 98
595 208
278 153
315 303
542 468
247 150
33 419
208 319
235 515
521 21
346 179
12 387
132 80
146 350
52 90
138 311
395 549
168 27
155 596
265 355
364 184
34 411
326 499
275 336
372 302
501 498
251 463
41 155
580 99
389 418
15 187
91 60
599 568
340 332
160 87
145 191
305 602
218 31
241 385
27 172
291 131
98 172
65 602
558 350
32 451
231 483
262 348
341 270
142 553
7 37
499 332
356 458
87 239
59 437
409 579
230 362
518 470
147 419
308 490
355 210
33 71
43 548
458 115
271 150
488 261
380 101
305 148
213 179
194 379
351 69
370 42
373 405
368 573
112 54
446 136
302 446
472 306
320 483
283 350
97 148
463 404
483 333
574 168
423 585
358 429
402 483
357 80
456 9
503 447
192 340
137 10
484 592
221 227
72 28
11 284
120 429
367 553
512 316
42 150
585 558
551 353
199 176
522 245
562 8
314 218
236 558
341 185
353 138
437 570
191 273
93 200
108 519
427 380
410 573
183 607
102 58
454 299
552 408
70 603
321 219
541 278
5 189
226 229
601 484
393 240
214 573
217 227
281 607
37 33
233 346
337 226
568 136
363 249
328 136
523 556
258 11
322 385
416 261
61 534
363 163
219 223
534 214
481 500
452 501
514 259
429 261
91 179
598 444
21 259
605 17
300 205
256 78
299 223
174 501
187 490
173 153
55 228
404 180
253 28
338 120
207 138
129 460
111 479
324 26
128 299
160 150
467 38
140 150
534 564
25 240
578 571
20 598
555 266
560 173
485 282
115 109
440 282
124 389
433 279
156 564
561 324
133 602
377 194
434 148
548 493
468 498
34 372
540 94
285 191
30 572
224 200
547 480
559 85
269 418
356 360
311 312
171 226
576 118
588 210
524 158
100 420
223 568
103 58
464 380
127 598
527 307
185 573
597 409
306 464
190 224
387 406
362 36
200 317
69 142
249 596
478 498
316 380
64 391
398 525
563 157
58 317
234 468
352 498
73 352
181 392
227 324
277 174
220 246
317 347
248 562
109 587
203 279
298 281
35 490
164 564
106 453
386 18
370 177
353 248
584 326
586 261
90 47
412 540
209 27
49 163
1 387
455 317
269 48
295 124
471 307
359 238
60 435
496 27
21 512
62 284
431 155
396 487
421 36
550 605
372 2
80 332
591 212
216 565
494 153
603 299
31 117
195 166
374 58
148 450
504 561
115 479
347 126
309 306
294 155
510 166
594 534
553 446
187 273
160 18
297 69
348 282
482 256
95 452
493 242
460 488
382 555
158 553
96 274
113 426
201 391
154 525
284 557
345 475
520 605
447 202
212 525
544 581
317 380
557 320
432 474
357 324
342 315
580 161
63 39
415 596
242 153
376 173
172 498
318 408
38 479
596 115
566 380
96 192
477 372
441 149
249 58
587 34
36 332
228 515
543 52
6 184
344 468
181 112
23 126
332 355
9 234
78 406
567 206
89 482
143 373
39 42
490 466
354 179
274 339
400 394
451 319
417 498
104 456
301 569
600 119
264 372
260 95
385 223
238 446
126 401
486 101
593 598
442 205
466 206
166 11
553 66
24 395
456 425
103 602
416 18
226 571
56 418
169 40
516 26
86 591
581 597
196 444
497 493
270 526
217 575
225 436
336 381
445 296
313 462
10 371
77 35
391 340
288 56
297 281
539 444
594 259
276 78
84 210
74 423
310 9
40 283
157 435
384 337
404 548
178 40
468 425
149 488
45 350
590 307
287 433
403 584
414 409
535 465
526 525
232 539
507 59
286 339
67 278
583 163
437 391
513 302
267 347
85 177
369 232
250 125
25 245
53 43
76 163
459 470
217 573
117 273
47 264
589 428
569 372
300 395
99 427
275 113
577 155
502 459
592 58
177 553
579 168
491 202
546 39
94 102
343 522
29 568
130 467
605 553
44 561
152 134
107 240
18 71
151 101
202 376
284 427
114 254
333 553
477 110
67 583
479 446
139 228
263 273
256 444
417 583
143 512
439 177
18 121
110 358
490 71
83 271
334 293
17 208
304 586
246 265
197 493
257 592
123 556
360 253
323 498
125 466
141 284
234 290
533 302
530 144
184 259
136 210
198 578
549 71
266 333
116 223
122 268
264 99
327 88
198 148
240 142
531 99
210 498
261 142
132 54
163 242
349 38
329 387
153 71
388 62
183 95
423 331
492 322
204 132
239 223
289 321
495 563
188 92
211 337
296 142
474 418
379 539
418 479
14 154
582 153
135 162
319 266
383 153
421 90
54 41
245 344
457 172
193 602
182 517
46 362
461 117
71 406
544 481
419 502
186 578
229 273
119 383
121 356
16 22
51 279
438 559
426 265
361 140
254 282
378 559
105 446
82 548
366 209
394 333
339 193
66 369
529 422
511 434
448 296
179 222
489 117
167 61
134 372
399 489
273 210
213 579
422 28
126 240
75 118
606 150
525 439
325 52
180 249
248 578
506 211
509 557
413 245
303 453
165 415
604 374
335 515
517 605
237 104
519 200
48 564
564 239
424 246
293 191
283 398
19 549
317 314
538 50
515 350
397 317
465 202
307 352
170 283
573 587
311 572
407 496
554 324
118 446
383 374
575 300
189 232
411 500
282 219
255 596
280 146
473 573
3 20
88 310
556 397
607 283
505 524
460 552
206 191
290 338
182 216
462 559
602 249
375 266
425 446
161 217
508 191
389 83
430 37
101 498
498 150
279 477
545 565
381 439
144 427
476 525
420 296
453 265
408 332
92 226
268 542
244 332
13 40
312 270
435 177
429 273
259 573
314 549
449 85
366 148
37 356
572 429
400 196
532 171
400 146
8 34
350 446
450 427
536 167
26 179
292 392
410 243
428 490
401 409
81 281
519 375
4 605
390 120
28 372
205 490
570 109
354 525
406 498
252 381
2 71
131 185
443 118
405 472
243 101
537 181
475 202
22 427
548 355
222 276
175 272
233 40
436 431
365 208
565 546
495 238
503 184
159 186
179 355
330 356
295 18
392 259
79 84
109 46
272 336
469 172
416 82
470 102
487 534
162 244
147 596
50 134
176 40
215 385
57 435
444 273
597 198
379 352
528 52
276 146
480 468
571 553
331 242
