739 1132
352 66 737 440 732 672 615 4 418 186 319 522 587 349 17 159 259 692 621 368 580 87 589 647 729 694 405 196 404 654 411 686 695 378 392 109 523 193 724 636 460 371 137 558 660 542 526 426 482 713 428 293 204 442 465 329 217 198 335 620 379 481 595 374 122 624 489 145 58 656 95 212 445 598 313 503 229 515 2 513 150 226 249 231 27 305 334 47 517 293 457 393 284 211 536 202 578 72 460 326 345 489 629 346 490 542 638 237 131 240 310 211 300 191 155 592 511 547 493 363 631 417 266 143 139 279 232 642 558 140 693 248 678 359 390 294 488 206 475 335 62 553 4 736 695 305 612 181 382 217 16 728 374 3 610 465 701 495 1 250 155 323 77 266 513 336 309 382 580 426 157 492 239 138 283 362 104 230 609 5 404 685 170 627 593 633 103 353 174 205 419 528 494 185 239 155 95 237 298 345 626 609 654 468 236 263 432 284 414 383 525 598 688 690 373 120 607 475 329 264 416 396 531 662 388 59 449 640 194 56 178 153 681 34 608 736 630 382 309 510 544 593 488 358 272 1 674 227 286 383 116 611 393 205 228 240 9 403 462 460 86 653 59 675 475 715 50 121 272 581 399 552 325 650 554 339 50 211 54 341 171 330 231 532 691 250 210 13 709 329 197 155 334 372 167 604 95 437 10 62 123 517 147 245 735 713 585 709 212 438 205 513 728 309 326 13 15 277 17 220 365 49 586 164 433 102 234 541 225 484 210 115 617 479 72 702 94 373 545 144 620 358 214 720 511 603 81 646 464 551 335 88 200 35 580 197 16 55 508 79 19 336 7 463 87 457 3 633 710 24 4 69 732 282 650 323 160 324 119 613 539 27 42 100 656 66 185 606 156 135 65 383 171 562 688 563 408 11 465 328 284 105 432 368 545 46 288 452 635 241 38 111 597 493 440 397 24 334 691 112 453 636 480 46 370 68 626 296 174 289 415 40 471 69 426 529 484 252 109 123 297 427 41 56 410 294 148 632 568 395 181 494 109 98 353 546 358 433 534 439 654 226 534 418 521 644 160 12 571 702 577 201 426 349 685 693 244 197 165 223 321 606 39 186 645 361 645 103 421 4 643 419 147 24 383 527 433 553 21 39 636 521 340 250 486 701 115 507 53 417 29 58 428 87 612 431 733 11 471 13 511 286 206 289 415 668 176 544 286 24 608 89 51 480 632 621 58 393 670 477 609 74 150 676 406 534 600 227 95 115 647 230 2 369 462 731 286 423 76 80 388 210 366 307 668 223 172 621 428 150 654 732 386 309 242 125 295 462 431 728 165 506 474 472 333 528 315 346 92 435 489 315 684 472 312 625 367 247 636 97 701 190 95 488 605 205 433 633 560 360 561 510 297 497 359 304 479 720 340 77 461 477 13 231 530 716 350 585 393 209 472 449 198 201 686 724 458 118 543 242 214 508 730 257 463 599 344 335 455 710 179 284 207 167 520 645 258 21 628 325 17 425 577 69 310 121 435 166 201 710 570 433 422 491 631 174 67 225 708 110 199 299 137 600 652 3 204 314 273 543 304 279 542 14 668 97 154 585 442 507 14 303 344 507 95 709 297 510 619 281 242 407 294 479 542 530 269 257 585 704 547 368 528 173 699 420 48 29 10 69 22 26 636 627 103 539 6 738 739
298 520
567 515
336 581
469 571
520 222
461 26
655 735
614 164
309 95
112 43
502 376
620 652
232 476
503 314
183 703
474 617
340 663
605 315
144 185
441 174
619 323
239 629
80 308
107 434
311 186
605 156
16 433
386 142
327 363
174 353
262 643
577 26
737 89
569 70
559 95
323 474
184 638
259 707
222 323
599 278
730 713
216 687
457 563
259 664
664 606
276 614
315 179
650 665
273 541
80 32
343 674
410 102
145 92
503 409
500 532
56 573
307 533
295 668
111 278
63 615
40 434
528 715
147 636
184 29
389 704
646 499
277 363
38 396
584 648
8 637
525 155
146 625
204 483
683 349
602 263
397 517
238 530
416 55
81 79
391 370
323 705
122 245
346 343
732 715
483 133
156 15
622 66
170 125
306 478
465 25
366 248
450 653
69 203
120 736
722 166
4 109
417 120
692 605
52 12
87 164
684 344
447 644
221 376
586 253
296 93
246 368
391 299
103 665
497 249
220 655
418 9
55 633
696 420
657 228
678 609
450 728
261 717
373 736
645 520
703 139
365 525
116 442
356 449
724 345
454 393
39 342
215 217
649 259
330 248
597 526
681 434
100 608
10 170
715 437
625 523
73 633
296 385
529 375
125 413
470 609
304 462
509 575
322 186
231 622
177 230
679 7
707 466
724 714
546 474
314 245
167 169
683 200
215 342
718 474
254 649
359 386
424 450
301 446
642 625
380 14
41 418
466 108
98 55
630 415
64 25
438 506
361 352
514 686
124 704
258 202
210 325
320 208
585 704
13 698
596 611
569 9
98 408
164 680
693 184
494 205
228 495
109 456
264 522
368 198
21 409
272 596
603 696
324 579
255 101
264 48
220 638
107 515
631 612
271 185
540 252
51 570
171 684
523 532
143 401
691 712
716 582
171 175
172 17
607 562
126 369
94 532
606 186
638 23
738 301
168 530
610 606
318 589
113 322
635 14
664 609
444 65
291 627
613 68
478 454
150 680
101 551
499 514
559 643
291 405
24 9
656 207
421 54
160 708
498 713
436 172
408 557
64 625
580 47
199 667
412 347
477 524
624 526
558 490
535 171
271 210
324 422
304 356
557 186
591 197
20 438
35 29
71 287
347 409
87 314
208 486
425 320
548 471
246 142
536 215
323 515
335 681
306 296
722 173
304 379
89 43
349 512
94 114
136 462
453 571
181 260
385 471
649 589
38 629
235 248
667 362
162 28
651 46
42 609
543 107
609 281
491 369
470 90
269 67
143 605
282 688
328 371
76 158
129 242
432 49
364 198
435 545
191 551
608 118
413 695
486 108
554 551
485 325
663 371
38 25
455 347
536 318
219 194
348 454
33 655
95 263
217 339
156 29
567 655
687 389
484 690
263 705
551 527
493 229
294 686
708 621
74 252
261 370
413 23
283 270
674 586
9 164
108 228
414 578
556 17
644 476
476 126
137 732
450 258
469 708
633 161
654 230
537 233
194 467
334 27
84 263
199 415
563 474
307 43
362 88
419 685
730 205
14 474
286 454
198 712
702 91
422 61
127 615
213 35
524 221
713 245
132 212
671 213
424 202
432 595
238 448
282 79
88 80
710 51
506 603
358 547
315 196
678 567
10 32
706 167
207 311
263 440
103 242
551 439
456 413
279 90
385 147
78 88
360 409
397 204
737 1
307 602
225 592
27 248
188 688
127 609
25 66
342 567
631 576
561 305
140 495
440 607
176 35
355 615
15 34
128 107
402 304
111 333
110 586
490 551
395 168
139 684
162 569
428 172
53 420
461 386
288 85
545 528
500 344
467 675
254 532
453 104
251 606
497 525
239 334
717 94
344 523
138 606
458 64
91 715
325 29
690 723
16 713
174 704
651 223
223 114
531 131
112 235
621 9
129 267
123 165
735 353
155 264
382 440
489 488
585 386
383 66
310 527
374 565
247 107
460 54
70 208
434 614
517 159
87 300
534 421
393 203
2 85
128 99
5 248
482 732
643 621
130 547
715 338
275 687
165 274
292 263
570 715
142 255
431 634
39 83
437 532
520 345
289 463
350 340
476 435
718 155
487 622
6 200
21 203
170 430
45 357
575 636
684 27
243 348
296 91
404 138
644 156
686 637
329 162
274 14
102 36
343 680
28 441
296 439
302 523
432 286
47 628
156 545
202 182
77 135
508 410
203 711
370 458
475 670
583 692
621 83
604 357
564 735
55 23
390 196
532 634
682 27
97 391
610 375
553 9
637 663
494 469
519 277
474 9
23 495
406 400
230 5
588 465
2 55
189 369
480 148
256 24
371 5
376 308
175 599
513 536
36 362
685 621
433 22
264 27
606 207
473 343
662 728
290 366
267 33
140 316
43 691
309 613
510 88
148 204
663 333
674 109
698 12
682 103
571 92
240 5
201 23
403 274
187 28
556 429
184 349
699 688
613 12
225 338
54 687
550 3
632 585
565 558
457 463
401 208
578 229
515 169
367 703
426 696
227 407
80 109
423 28
705 307
287 416
19 699
47 657
666 676
627 158
669 105
445 456
278 434
676 383
11 25
566 201
359 628
695 215
443 125
552 452
34 458
733 202
1 709
304 266
703 14
441 491
721 670
634 371
32 529
163 76
254 441
176 127
504 137
264 272
511 415
618 660
689 151
297 661
312 112
58 546
81 393
118 86
562 637
415 459
158 228
194 537
378 713
481 589
244 377
32 126
486 659
700 683
375 117
386 413
349 91
681 501
495 61
80 81
96 434
182 401
533 25
48 343
533 254
396 55
635 605
637 414
334 537
79 359
238 688
507 420
242 558
724 647
314 126
20 413
266 164
432 164
203 25
559 22
214 510
400 323
281 381
590 221
129 333
479 424
653 222
561 272
670 671
581 673
367 670
711 366
125 432
155 592
436 221
265 337
109 393
242 20
255 415
656 330
734 330
670 150
133 61
560 233
317 472
218 167
289 612
227 664
153 136
521 300
726 382
86 49
308 553
492 501
516 132
316 623
399 419
89 148
510 71
637 644
452 653
709 254
661 165
388 673
502 272
704 495
44 384
28 663
486 429
197 343
141 144
568 353
546 563
538 254
116 582
215 425
592 652
131 403
589 418
418 428
270 495
158 248
547 422
463 670
724 234
540 106
714 449
250 171
226 114
640 739
595 598
226 213
481 385
677 348
548 592
549 379
168 29
690 43
318 495
697 443
28 555
57 487
44 40
140 364
629 358
53 529
190 607
712 422
72 377
92 653
166 380
117 609
399 90
459 37
449 503
236 328
380 549
31 342
332 213
739 732
295 93
461 448
185 523
134 655
268 308
346 328
42 620
641 454
659 263
362 474
472 728
128 263
26 605
573 224
115 341
105 255
739 19
504 654
381 678
73 80
377 85
626 344
442 709
486 553
193 168
126 432
214 33
205 167
464 224
454 437
424 18
352 634
387 384
239 460
240 437
196 546
196 126
573 298
237 115
241 658
679 480
362 426
328 690
246 572
377 261
548 542
594 25
471 697
8 454
85 586
99 29
233 263
199 248
535 108
397 166
357 545
304 432
730 553
684 299
501 301
409 495
300 506
303 345
662 684
512 425
170 297
494 60
149 27
516 129
632 677
675 553
22 628
367 418
399 310
615 697
249 496
425 497
60 64
439 263
318 576
326 179
7 87
449 653
191 75
647 582
665 155
639 391
333 483
504 564
284 493
96 181
728 437
544 409
152 78
113 379
492 224
200 435
434 24
628 609
259 263
568 177
625 236
232 172
559 421
195 211
587 303
539 172
672 113
549 346
318 723
665 341
151 446
433 319
526 509
379 406
430 709
252 694
581 71
255 61
19 734
489 94
201 619
245 413
491 28
293 255
329 460
655 228
676 112
579 615
535 490
6 341
179 594
104 219
248 224
636 115
50 117
506 731
476 88
446 678
336 324
142 53
268 318
66 5
316 573
398 523
65 409
214 709
106 282
258 523
101 620
194 432
464 200
698 385
449 398
271 47
661 241
49 117
704 187
285 557
186 443
284 360
467 529
257 715
190 273
256 668
67 64
522 125
608 476
706 240
148 81
467 456
313 87
233 505
108 476
731 572
654 416
85 61
558 14
580 457
720 68
611 563
334 481
589 603
188 720
115 200
353 724
462 252
25 553
387 185
733 362
473 56
229 145
451 130
273 687
541 502
603 80
260 515
438 371
587 201
301 320
72 630
338 547
429 95
580 720
351 490
519 545
12 362
415 468
609 126
185 343
701 150
735 29
599 634
440 9
154 589
649 160
660 663
519 532
694 77
616 468
147 14
564 484
653 158
576 476
493 382
178 485
93 576
668 343
103 148
58 19
337 418
412 173
165 439
593 20
153 115
18 169
658 259
613 223
59 310
12 114
157 569
687 486
211 357
692 670
541 212
484 449
538 439
209 416
180 135
723 570
561 64
218 617
577 158
224 161
384 733
445 51
601 125
598 434
426 179
612 343
29 543
30 663
719 437
252 634
114 158
420 676
299 545
206 364
3 598
615 320
619 628
201 278
599 491
8 579
529 458
673 687
407 26
329 322
410 211
17 712
300 424
570 652
212 161
223 320
248 437
330 85
372 260
555 123
527 9
359 612
571 569
101 670
605 650
331 594
400 172
411 506
542 454
448 187
29 272
42 628
363 650
468 234
578 464
680 5
146 37
297 190
121 61
285 615
28 121
242 320
631 442
104 44
341 371
62 245
582 440
274 35
145 279
90 592
729 456
106 285
680 303
621 567
689 547
485 443
569 608
206 717
82 739
395 710
488 308
619 347
600 432
565 727
373 368
727 547
354 661
729 253
159 91
211 164
29 422
394 63
234 187
339 187
266 271
572 274
319 427
550 485
253 98
119 498
194 717
623 503
545 688
210 54
173 276
53 357
61 437
530 5
484 283
83 107
360 527
496 90
405 94
648 622
392 406
192 75
18 55
110 483
369 171
305 213
617 198
654 117
140 639
161 486
37 667
602 150
221 193
574 224
478 614
315 402
147 379
502 233
280 121
19 676
230 719
518 333
321 292
706 234
332 696
135 286
597 604
75 382
652 211
487 698
457 187
340 239
345 187
736 85
134 463
426 652
169 61
688 625
11 431
202 577
725 179
68 333
11 633
427 718
