699 770
61 441 437 350 690 60 116 240 646 100 306 519 218 186 138 552 283 602 293 258 509 205 543 272 667 85 551 694 653 306 569 34 70 591 693 68 653 114 19 668 296 584 221 273 268 76 424 236 431 369 243 103 617 77 164 370 66 141 634 666 40 457 411 276 322 508 167 118 437 662 195 378 331 149 353 269 11 600 209 327 606 32 72 56 666 70 584 584 274 468 198 341 359 247 441 289 556 299 474 379 213 624 584 431 141 286 54 686 491 111 272 411 414 456 69 271 99 647 365 655 16 536 685 405 274 548 461 494 353 421 559 372 569 347 389 430 612 148 692 325 498 39 438 41 372 498 59 446 149 125 198 104 88 382 395 337 433 416 60 381 257 424 60 369 346 400 544 583 449 206 390 145 345 272 401 614 406 25 234 166 304 679 509 112 284 429 597 347 65 468 410 611 306 113 420 192 621 64 145 245 379 481 656 315 564 462 316 126 621 468 541 14 267 427 80 464 496 38 660 566 432 457 106 184 643 351 13 541 244 612 275 67 676 403 375 444 441 361 202 226 150 272 532 464 357 646 609 17 55 386 392 337 519 21 168 48 2 351 159 291 448 586 146 92 513 581 249 545 286 9 287 443 500 593 71 243 267 151 296 423 69 57 315 590 512 412 530 33 575 406 439 459 519 612 334 484 538 223 145 584 404 643 115 145 583 546 475 472 214 614 194 593 626 131 515 383 502 372 12 600 550 622 48 339 92 158 535 213 414 567 108 6 372 518 695 394 13 317 24 269 612 533 358 273 8 403 631 52 485 491 241 68 312 53 293 115 323 530 197 602 237 439 386 1 416 315 286 194 569 423 608 583 402 357 532 189 352 301 22 24 282 160 608 43 55 689 613 241 595 417 515 340 424 413 329 407 536 366 418 187 420 364 616 489 42 538 381 51 71 167 452 10 382 351 455 178 321 247 91 57 394 382 271 575 31 54 194 619 452 469 337 24 416 600 561 505 224 499 126 431 679 9 340 525 88 207 51 435 111 527 626 83 27 546 164 164 630 81 260 313 23 557 328 171 668 400 25 371 53 79 466 255 43 34 478 359 87 527 451 316 70 329 548 205 407 181 539 93 354 591 298 168 45 651 213 82 442 547 303 471 90 415 12 574 382 169 556 473 683 258 466 6 490 59 241 267 402 385 81 261 150 50 461 270 420 52 432 446 111 261 591 630 666 318 661 618 242 171 190 423 318 78 82 468 128 427 525 479 339 654 224 199 466 146 109 492 582 305 162 626 226 626 19 613 188 285 141 576 528 317 108 85 676 11 481 658 647 564 663 171 365 533 83 353 329 400 604 279 159 108 495 590 620 6 194 648 287 357 219 358 87 513 77 505 166 651 421 363 475 514 195 89 474 589 150 681 95 399 306 337 273 562 668 139 417 653 483 430 416 411 179 148 370 274 641 452 108 66 691 373 617 4 690 159 667 184 446 697 204 79 653 315 555 333 688 21 382 344 163 499 544 659 442 330 558 207 586 407 146 66 577 556 682 106 246 319 310 364 243 513 352 174 695 203 460 159 561 507 587 659 282 342 661 685 225 328 37 698 699
70 49
562 607
425 148
623 461
547 229
506 378
464 298
12 325
589 44
42 2
89 535
538 452
454 596
1 455
339 461
382 621
602 390
645 413
348 57
403 23
234 295
121 474
457 456
243 32
210 157
430 531
230 64
656 36
652 174
205 418
216 387
310 430
44 422
36 638
535 663
335 295
33 83
391 505
485 526
390 155
91 328
318 545
8 609
304 176
678 36
87 126
83 90
356 77
17 371
108 14
592 627
461 201
474 680
125 268
699 145
108 113
98 269
404 681
421 296
289 444
502 417
632 8
638 152
534 87
305 433
626 640
664 195
30 536
597 281
138 633
568 565
442 328
649 679
53 269
13 670
582 325
273 21
406 77
85 635
5 398
444 148
380 253
142 235
354 612
515 291
471 380
227 518
621 381
659 194
607 210
69 381
82 88
478 345
212 157
576 302
94 462
473 514
609 455
410 154
162 530
28 171
637 372
695 689
412 240
230 559
614 655
351 174
285 72
487 197
260 225
151 656
244 668
270 541
476 638
509 233
276 449
686 325
596 563
271 240
559 148
350 194
531 583
644 119
372 554
399 334
3 228
694 456
120 650
178 281
477 106
355 38
219 227
358 312
101 372
347 226
204 394
174 134
456 628
325 78
132 7
690 126
193 119
130 186
521 270
232 106
214 258
551 276
293 296
679 265
583 21
634 383
168 211
194 638
199 249
41 502
307 503
288 271
14 149
555 492
662 524
601 665
251 402
313 394
594 522
122 428
567 119
62 105
301 43
411 613
627 658
84 177
484 517
279 58
581 322
213 171
182 217
250 439
378 246
467 638
508 8
170 449
25 245
416 669
6 172
115 35
399 435
489 210
381 541
373 368
687 119
58 57
663 630
47 256
255 77
104 424
446 17
447 69
441 359
200 151
226 297
696 393
24 575
108 614
95 461
468 696
73 341
80 309
353 484
159 536
61 104
498 264
240 638
539 659
670 265
504 659
436 468
665 389
569 166
550 422
113 43
409 474
127 483
438 203
132 524
299 293
366 194
228 217
333 358
211 152
673 141
388 678
414 245
425 412
533 518
14 126
139 681
42 548
138 65
362 502
364 422
698 220
396 682
262 152
393 174
633 502
72 126
565 191
337 423
642 466
51 418
450 448
57 134
599 140
363 499
536 422
38 218
119 309
503 328
620 575
71 560
203 423
188 505
675 111
320 354
598 502
671 604
287 349
684 376
263 517
613 597
319 585
417 597
548 451
488 493
249 245
544 218
603 677
233 152
126 659
303 34
560 330
275 236
682 418
90 220
532 422
452 13
239 340
463 509
606 638
79 160
492 128
30 523
517 309
573 503
654 397
383 585
514 433
278 353
588 388
155 36
129 294
93 152
650 179
643 137
164 221
651 240
546 203
1 59
371 21
460 463
613 69
435 335
160 472
605 635
221 52
394 686
67 318
343 502
331 223
290 174
697 403
433 474
207 208
323 179
281 638
172 520
304 678
579 253
423 134
527 318
608 448
507 563
131 496
10 225
685 505
553 291
309 638
255 553
372 324
601 35
150 404
261 316
286 539
149 621
89 401
273 581
451 111
173 656
360 423
264 413
39 379
52 278
631 134
280 635
572 9
561 293
683 474
265 550
681 674
616 78
18 401
140 506
107 24
513 73
392 20
156 319
295 182
99 148
32 174
334 160
646 218
635 604
296 259
223 259
387 273
566 590
213 215
46 515
407 186
524 419
647 241
284 539
135 354
259 493
629 128
577 40
158 136
245 256
237 203
15 291
341 550
449 395
50 542
571 352
56 656
483 672
20 67
510 136
344 426
123 412
385 576
458 25
402 290
369 240
448 624
640 316
590 476
190 36
43 474
77 190
540 569
519 510
128 259
557 526
147 371
201 528
377 114
422 309
666 182
76 236
617 329
591 8
243 240
558 87
439 152
526 682
315 606
689 397
612 174
2 433
461 635
568 664
116 526
189 572
256 218
19 354
530 341
370 533
214 382
327 644
217 134
563 629
148 544
522 258
179 190
630 484
252 431
672 174
336 504
338 187
529 558
308 597
621 627
75 433
78 217
374 613
365 343
358 630
111 146
316 574
186 214
63 680
266 125
218 194
676 397
611 183
434 453
384 149
106 504
175 38
346 522
206 446
539 428
472 234
208 539
610 235
622 74
177 686
317 680
100 58
375 644
302 411
580 397
185 362
146 665
357 532
326 323
88 129
197 682
21 268
674 249
109 439
198 232
500 268
330 211
176 323
22 608
535 128
673 554
625 203
294 595
174 27
136 388
40 550
352 604
317 96
424 106
23 448
516 365
16 212
392 167
253 541
195 83
475 524
65 490
114 58
248 163
415 144
272 659
440 196
470 390
235 684
572 270
610 699
680 199
693 478
398 451
600 194
683 74
376 245
658 553
525 240
143 19
118 206
245 126
455 134
124 612
479 667
401 40
448 672
449 319
215 298
667 478
440 148
141 38
133 211
324 500
481 378
48 601
469 105
628 604
569 271
133 378
199 621
395 283
564 228
432 433
493 418
480 227
124 375
64 546
291 680
241 220
636 524
54 49
242 684
314 413
238 314
41 264
389 394
649 402
477 224
35 450
427 568
184 68
34 557
300 543
224 446
408 501
562 328
4 621
306 462
154 364
663 37
29 554
144 322
487 101
496 531
283 498
542 536
413 678
691 644
418 553
267 217
462 318
549 180
167 354
615 6
465 526
297 246
345 194
397 562
49 685
585 474
225 290
567 433
429 103
565 27
432 15
349 557
181 165
239 58
445 591
528 438
367 125
495 173
657 439
163 315
359 592
97 210
60 353
426 132
595 580
59 443
7 171
648 122
575 13
145 585
183 368
501 262
393 205
258 606
433 71
486 83
110 28
105 148
578 366
169 320
668 651
27 436
117 481
400 15
556 542
209 295
187 539
220 157
511 604
229 659
574 658
329 381
494 179
161 40
653 46
165 484
103 377
386 111
518 329
665 612
322 281
269 546
482 117
619 405
96 449
312 121
368 337
466 187
505 515
201 358
231 529
604 194
618 152
254 270
74 608
506 442
490 388
277 58
112 13
157 493
274 200
342 246
549 156
680 134
26 635
494 314
537 606
639 337
257 517
55 240
192 227
641 367
202 293
196 650
545 194
282 319
379 144
246 666
352 694
661 190
321 218
382 130
593 554
328 553
443 315
669 352
292 381
9 524
570 506
491 506
152 680
499 269
222 287
541 291
552 290
311 613
428 562
586 672
543 179
305 39
405 601
153 592
655 591
92 430
548 424
523 125
660 172
137 37
11 400
361 294
191 43
180 673
587 530
520 291
332 228
232 616
171 194
68 527
591 225
403 31
200 308
535 15
306 450
437 590
298 286
236 309
584 64
45 190
340 431
624 356
431 393
490 199
268 144
86 448
692 370
419 423
66 91
554 255
81 96
279 404
459 366
420 43
497 585
159 612
595 281
102 269
247 470
688 177
512 618
37 672
453 6
677 183
