137 531
114 132 88 54 101 51 121 114 66 99 15 59 96 136 37 115 89 38 125 95 100 32 26 89 132 29 115 131 66 95 56 30 68 88 62 1 136 67 85 83 31 41 61 15 126 117 54 102 60 28 84 37 17 92 129 129 61 85 133 73 24 111 10 129 109 55 5 25 53 97 64 113 98 76 61 26 37 71 89 115 99 54 108 96 40 28 47 50 79 37 132 96 112 73 128 68 55 57 18 51 37 38 28 97 85 23 14 44 59 35 111 95 119 49 137 129 27 25 53 19 70 50 110 133 3 70 49 85 102 118 128 64 110 80 103 35 64
43 66
98 126
104 12
21 17
35 59
109 66
133 86
110 26
136 108
103 99
76 100
110 8
120 8
34 20
11 10
40 79
85 131
95 86
11 19
116 10
107 84
116 44
26 33
24 89
107 130
31 131
88 33
20 97
129 8
28 21
35 73
57 14
106 132
62 126
11 31
63 2
35 56
121 104
28 8
34 76
88 136
25 43
42 15
18 92
107 31
130 132
94 104
80 52
42 78
108 7
4 45
22 112
53 86
42 44
120 114
124 75
22 119
25 71
2 114
11 9
18 80
103 71
78 2
59 103
35 3
49 81
23 32
9 76
21 56
113 88
4 5
30 43
91 21
134 25
94 3
115 45
47 82
18 94
63 53
112 136
14 77
95 121
86 99
123 130
13 81
89 87
91 27
72 53
27 48
22 65
87 102
15 79
55 85
82 2
6 3
65 114
100 103
68 133
59 49
103 67
122 89
108 10
80 3
32 49
36 19
76 107
15 50
58 83
49 60
53 137
51 123
18 55
49 9
117 25
28 91
42 32
51 52
65 95
2 48
11 87
60 118
119 122
75 32
29 20
1 4
126 8
64 11
79 54
96 73
17 36
133 99
19 137
133 101
33 127
53 23
7 94
68 123
128 31
51 133
132 58
69 123
28 38
79 94
17 40
87 65
60 84
107 40
19 86
116 78
64 118
96 75
70 31
95 48
133 81
42 134
123 38
131 42
36 5
79 83
91 64
30 121
83 92
78 73
23 22
60 6
23 79
92 119
124 82
34 80
59 119
29 57
117 71
57 18
10 136
84 81
21 38
47 104
119 111
118 3
3 72
31 111
3 67
7 127
35 105
86 26
24 30
47 77
48 92
54 52
7 21
55 132
38 80
90 39
110 82
101 132
135 60
34 65
136 100
29 40
45 69
2 111
136 130
72 41
19 40
40 56
101 65
18 13
26 10
10 32
115 41
1 137
59 89
42 70
73 20
117 85
18 62
85 136
81 58
90 46
81 80
36 13
62 110
126 118
15 109
17 41
64 35
64 119
125 37
111 16
65 16
74 109
1 77
77 53
97 22
116 17
50 4
3 74
102 94
97 82
112 53
119 82
114 111
121 64
77 21
33 74
74 98
23 117
22 107
2 49
117 64
66 123
135 87
111 134
56 48
32 116
14 30
46 87
35 36
87 67
38 45
19 13
85 96
14 134
120 22
97 111
68 136
89 18
22 28
37 116
60 8
66 25
76 78
123 97
104 76
63 70
81 63
17 20
65 130
81 22
11 102
12 70
73 81
126 35
30 87
110 44
27 39
16 114
75 136
80 59
112 100
86 51
53 127
37 56
115 12
125 35
46 98
17 81
29 112
9 20
5 1
33 51
18 69
28 39
44 38
72 52
62 131
101 12
6 20
79 48
56 13
23 111
20 52
29 109
98 65
43 130
84 118
60 93
89 20
134 10
74 1
136 77
2 61
72 64
98 99
75 12
75 100
137 17
18 66
8 132
16 112
28 117
22 51
38 109
25 136
106 8
124 104
133 7
59 97
77 127
18 30
45 108
33 137
51 137
31 47
107 29
130 88
112 106
8 81
89 44
10 125
9 14
32 119
51 71
5 82
3 12
47 127
51 42
98 83
66 54
72 30
37 129
129 49
21 52
130 39
102 106
105 116
60 117
7 8
130 29
118 58
49 136
91 96
22 82
106 97
31 39
113 27
135 125
97 89
76 45
68 41
4 57
86 41
59 104
122 3
9 42
76 84
129 85
2 107
103 43
105 107
133 35
92 20
99 102
78 68
106 105
79 76
76 58
119 39
72 136
120 48
123 42
95 61
21 94
84 9
126 31
93 25
124 83
85 119
50 119
9 102
59 37
131 34
112 79
108 92
14 96
67 37
118 113
26 38
102 67
67 136
108 1
65 15
1 70
9 71
95 80
16 19
54 67
125 4
37 93
74 136
36 123
79 42
64 15
46 45
71 137
82 85
120 75
13 121
96 66
51 26
121 84
52 39
91 76
71 26
50 43
94 15
85 43
105 130
36 84
91 60
103 106
75 50
53 54
122 113
25 27
67 10
61 67
21 93
19 107
88 3
43 137
104 132
48 59
47 96
83 26
89 60
74 4
126 55
96 22
65 69
61 9
99 80
125 105
106 26
137 57
102 52
4 61
80 75
69 73
92 134
41 84
111 92
8 39
58 37
112 8
47 114
14 136
42 8
64 4
127 130
94 23
14 109
117 37
16 44
1 111
117 1
79 9
42 110
100 134
49 34
136 63
13 114
36 58
83 33
4 127
71 106
10 31
24 127
125 24
113 89
18 25
100 102
35 77
4 3
132 4
13 113
24 123
132 129
1 127
105 124
6 70
96 111
76 3
112 81
42 62
16 29
132 103
115 23
21 79
20 47
73 33
