573 855
484 422 387 184 519 507 435 449 60 29 525 396 207 460 429 539 209 518 292 321 196 354 436 185 476 539 37 237 333 30 270 214 201 147 563 171 173 22 240 469 457 27 38 49 211 315 525 410 105 538 339 246 347 311 244 548 271 41 475 345 175 9 503 207 499 511 304 275 82 534 85 268 337 330 500 7 561 443 430 24 433 145 145 138 316 4 271 342 344 168 327 394 226 312 148 255 157 539 11 301 11 429 144 154 554 178 496 160 231 32 370 546 212 119 285 483 137 335 239 547 379 215 206 516 445 335 62 570 177 476 385 254 61 516 136 124 270 3 509 251 369 410 159 116 12 250 287 566 394 415 432 275 133 363 134 261 303 546 89 497 540 515 495 343 468 507 98 370 108 43 265 322 492 164 35 544 478 529 440 230 86 159 465 225 452 455 27 410 492 14 550 254 420 67 99 484 271 17 22 330 298 170 73 194 333 16 74 191 149 80 213 318 172 234 565 438 494 212 499 35 393 112 535 399 522 89 32 508 569 315 354 271 418 508 283 223 503 382 467 305 447 124 229 122 282 38 121 67 565 252 482 194 78 405 533 24 488 341 494 542 498 415 562 246 275 324 362 52 160 136 475 478 191 231 555 497 299 435 61 61 130 506 547 160 240 533 480 33 350 329 99 366 395 108 292 237 549 357 219 439 392 477 443 77 216 430 466 162 444 164 420 97 534 463 421 438 483 551 391 368 142 269 270 268 560 57 75 376 265 4 309 408 41 141 446 20 3 404 336 242 286 397 441 550 53 136 514 180 185 536 260 15 518 331 295 160 379 99 407 70 546 242 357 222 154 312 260 351 434 264 254 178 163 89 547 388 544 497 374 54 308 188 416 296 167 199 449 55 354 293 11 348 439 141 252 79 256 532 298 515 196 153 228 69 465 298 108 231 89 95 207 513 530 308 569 255 395 341 4 3 99 179 568 347 317 42 34 62 478 65 266 104 481 87 475 29 169 197 366 96 274 518 226 340 143 33 348 233 1 504 354 360 441 411 447 299 84 239 201 4 502 45 517 535 97 548 449 77 263 470 114 508 413 59 437 234 12 73 113 243 122 127 320 282 217 167 568 461 217 26 377 336 464 324 222 176 428 409 97 438 492 339 89 319 112 558 168 280 420 268 426 470 428 192 71 101 472 128 279 311 62 528 536 354 116 306 101 160 410 47 188 171 520 253 297 371 382 248 64 176 75 209 180 560 103 445 10 344 277 71 320 168 517 43 468 271 401 428 288 153 528 172 121 283 495 526 281 310 14 336 305 572 573
370 268
349 519
13 516
188 407
518 307
2 363
78 58
31 48
540 143
437 344
469 128
225 356
493 123
221 304
156 89
327 517
261 445
364 421
256 154
75 162
340 308
62 565
416 113
537 168
371 392
125 195
477 29
223 5
132 150
393 97
91 17
113 47
341 363
46 562
190 501
333 325
237 365
151 549
457 570
293 309
265 5
554 516
293 212
508 304
412 312
427 186
70 120
87 242
86 302
172 87
413 182
495 227
76 288
203 461
135 183
163 209
398 207
177 64
350 551
301 275
471 408
326 167
15 13
6 238
296 415
212 191
7 100
450 83
72 13
294 403
336 337
454 527
55 187
84 28
300 502
499 182
85 551
112 212
371 342
98 31
312 48
39 111
453 15
564 344
231 38
538 5
404 11
560 222
311 400
112 206
206 315
36 413
37 425
223 233
73 365
465 278
166 287
337 161
8 380
115 532
114 245
213 87
287 466
419 321
36 56
434 67
467 38
457 382
216 65
272 94
127 132
466 119
191 205
229 11
81 195
202 411
541 198
35 19
109 253
329 549
370 373
61 83
386 560
541 459
244 225
208 57
428 226
206 5
53 16
558 58
330 185
536 512
75 86
190 369
311 259
222 174
104 230
380 230
43 212
82 97
336 42
543 82
76 92
18 170
384 79
387 536
113 182
444 154
88 133
350 166
158 536
127 542
566 360
31 299
309 439
14 209
449 453
570 119
301 404
437 110
67 182
48 83
57 232
370 460
325 43
165 178
462 227
203 75
441 404
529 134
159 475
260 206
45 453
359 121
287 196
16 128
274 300
232 43
313 13
62 193
389 432
411 29
309 205
390 377
188 470
229 153
568 164
52 550
133 554
186 146
539 11
198 176
262 541
218 102
479 17
463 94
423 549
95 246
168 83
119 551
479 216
388 518
523 553
173 421
182 123
261 31
194 502
38 85
225 145
490 204
317 35
17 94
468 558
200 344
298 430
18 332
189 349
514 282
366 15
346 276
245 111
29 205
129 309
286 453
483 13
542 210
248 514
281 149
463 338
232 432
100 65
428 111
306 449
252 503
384 509
275 147
254 313
557 417
267 288
79 106
173 152
365 207
175 413
356 298
350 231
205 360
424 14
448 347
28 184
235 110
27 490
247 299
240 315
388 199
530 376
543 442
489 198
512 123
179 83
524 358
544 2
152 524
185 187
494 455
528 451
193 44
461 38
455 144
421 32
115 78
184 159
241 534
511 370
527 120
398 184
409 132
100 381
123 445
90 381
476 260
237 10
22 247
338 395
192 225
128 397
302 360
405 416
382 323
163 356
559 175
399 163
139 297
102 404
266 562
375 421
326 171
47 475
452 2
217 174
407 13
95 551
116 261
475 282
429 139
99 178
127 528
58 132
511 302
377 532
120 239
26 437
426 372
10 262
415 55
493 29
328 397
517 166
253 87
569 89
470 377
180 461
329 499
184 169
551 504
150 360
149 99
552 315
402 152
59 220
201 440
299 97
346 203
345 416
268 113
316 99
275 449
277 547
391 507
183 205
482 535
92 144
324 142
308 358
359 207
544 524
213 422
30 439
162 230
117 30
31 127
420 21
376 412
344 502
44 271
557 275
400 183
228 303
326 182
157 434
525 260
131 285
362 51
333 521
144 205
417 443
534 87
53 64
264 363
219 400
562 271
210 414
248 235
101 433
291 453
254 159
93 158
236 11
339 179
166 205
491 327
263 134
265 492
119 310
327 279
487 446
331 311
567 500
335 330
25 242
110 384
227 230
406 195
10 41
154 134
1 313
69 293
458 524
398 53
174 106
513 237
447 236
178 179
434 245
64 15
466 57
331 272
141 490
535 414
103 347
310 379
288 447
505 329
130 355
181 242
4 466
43 542
232 349
171 87
442 116
509 161
491 80
267 355
315 244
325 388
54 449
560 333
152 121
146 465
150 106
161 518
71 271
430 85
399 72
556 258
93 261
15 47
315 524
519 386
250 493
281 466
330 413
491 179
485 151
400 299
165 366
500 317
209 123
510 500
573 175
169 145
372 424
414 183
285 483
280 303
451 403
499 460
99 434
63 149
255 243
204 13
27 12
384 370
33 180
249 93
160 498
264 445
488 23
352 151
383 482
333 495
474 209
367 271
167 113
30 59
147 222
512 153
124 524
273 167
486 182
164 74
358 271
360 232
86 179
343 366
170 4
323 397
487 475
79 114
21 397
438 111
440 266
395 275
571 213
84 483
121 304
94 277
197 457
375 378
146 288
108 241
46 144
12 51
173 125
371 489
275 477
410 381
19 239
548 541
145 410
105 304
110 299
59 252
104 512
90 80
348 410
515 87
214 291
294 160
314 425
198 230
126 467
425 334
463 65
501 398
355 360
283 291
447 418
122 268
190 177
111 134
24 283
148 507
181 567
195 134
477 342
61 24
287 286
398 52
385 560
72 148
351 204
35 443
138 68
431 355
153 252
295 131
138 493
440 366
317 413
342 309
196 569
397 55
88 78
283 81
107 570
74 215
66 85
510 2
143 111
297 32
368 87
61 541
112 169
432 455
105 207
224 175
533 79
163 253
284 29
321 397
514 323
379 99
381 271
304 97
142 72
32 303
205 565
37 422
136 149
534 418
148 325
357 222
521 236
252 472
321 393
514 509
22 415
34 463
394 195
250 183
361 405
401 242
276 297
347 418
71 87
376 518
124 551
550 485
271 242
282 360
69 179
326 195
303 145
35 174
553 361
177 564
322 95
549 445
547 278
251 204
158 152
222 337
506 144
171 427
318 300
66 445
46 395
363 263
212 83
41 486
128 119
305 519
13 360
258 395
498 501
545 52
155 110
134 437
164 160
168 318
353 169
492 45
18 430
289 329
300 154
257 493
436 554
369 161
98 364
132 423
460 466
418 460
29 123
563 240
338 196
555 422
390 43
435 135
63 243
195 413
348 295
235 530
341 45
198 527
240 50
526 200
96 547
51 384
362 60
176 318
43 71
39 529
242 501
175 258
555 45
211 438
11 82
77 291
516 524
208 449
455 522
503 379
504 445
23 374
265 335
443 306
199 220
145 242
162 217
449 513
344 205
157 453
464 135
12 10
374 276
85 317
268 386
507 562
403 31
262 465
106 97
468 526
123 129
40 513
307 89
149 205
193 357
246 548
403 410
310 551
3 543
201 534
289 453
23 296
496 229
2 182
408 357
140 162
256 64
473 208
45 299
446 79
57 177
30 516
481 258
572 151
472 378
32 278
484 319
56 303
56 29
571 259
376 153
60 510
140 119
354 317
319 41
553 304
136 463
105 278
182 245
68 92
215 67
108 50
250 192
187 302
196 392
178 547
204 422
398 114
565 478
422 357
332 413
82 514
144 284
332 535
348 131
292 113
474 45
433 43
220 501
89 501
532 358
548 23
524 183
396 287
133 430
226 555
522 150
439 89
566 479
482 140
218 284
523 345
32 355
573 515
518 241
48 113
50 4
258 445
320 256
183 115
573 374
314 136
207 421
272 222
497 205
480 5
73 342
381 544
170 43
330 439
436 189
263 57
313 273
334 222
378 87
501 445
208 5
229 354
83 137
49 106
134 504
190 2
55 125
502 413
531 224
478 501
42 567
239 549
561 101
9 390
234 526
572 562
456 472
5 354
306 572
230 321
238 285
270 512
62 568
97 13
28 80
437 460
426 302
20 48
453 89
536 172
53 106
375 473
80 407
440 139
247 498
290 250
118 430
445 13
513 44
279 523
497 543
437 553
379 215
27 367
306 571
520 98
514 419
546 183
459 511
259 85
5 323
21 85
137 416
269 540
243 262
397 368
158 7
23 154
520 192
397 271
132 266
392 272
257 124
278 445
65 96
450 260
41 2
