535 759
109 136 43 442 109 124 389 167 306 256 25 430 407 333 14 82 316 164 408 153 504 300 100 129 20 218 257 114 327 129 433 276 528 303 451 339 78 258 135 496 375 484 453 466 73 335 51 189 508 260 363 484 160 111 494 158 374 275 267 2 10 157 129 198 522 403 109 476 422 515 156 483 325 201 403 497 7 466 246 290 508 9 399 301 393 293 185 375 464 241 256 347 101 11 18 461 18 269 297 131 85 194 511 362 120 291 444 496 178 260 372 17 433 531 246 495 56 67 474 93 141 463 136 272 435 456 283 306 498 155 499 280 373 65 270 283 455 408 180 311 419 183 31 460 35 96 203 227 283 45 74 281 345 391 286 302 159 372 36 137 263 26 30 262 56 241 442 496 267 159 418 118 245 178 399 26 530 468 368 324 201 281 244 215 78 347 447 525 85 444 491 221 317 422 230 469 49 527 82 214 29 392 29 42 247 50 257 244 288 306 24 292 13 335 57 186 474 217 45 70 506 348 523 257 411 484 293 377 259 515 12 253 491 440 22 283 30 84 500 236 261 374 190 169 302 350 323 121 484 281 233 468 103 35 134 118 341 33 486 393 90 356 146 285 171 301 82 217 421 83 103 3 175 50 261 412 384 481 280 16 358 92 413 267 352 85 355 326 60 95 302 142 441 358 336 425 457 283 489 124 437 283 381 438 216 462 305 500 459 7 42 76 238 395 48 244 450 32 408 332 98 191 141 295 117 327 484 516 472 224 435 363 447 296 142 513 289 100 195 470 37 533 259 360 425 424 130 324 435 472 5 146 464 486 118 321 266 113 494 199 398 402 159 491 205 482 203 423 441 216 120 19 3 271 88 116 292 387 456 244 294 469 442 337 293 81 175 471 342 145 37 321 242 183 15 166 19 33 164 52 371 393 147 311 235 238 202 68 49 395 371 431 221 520 312 227 257 246 275 10 260 315 385 162 529 436 45 328 317 68 290 138 238 440 280 532 148 75 52 166 92 492 24 517 258 466 38 136 456 82 223 182 12 406 68 529 122 332 505 262 185 313 480 92 509 251 476 450 130 519 313 175 464 483 499 371 195 201 378 233 266 413 88 105 348 419 88 430 177 303 53 513 397 134 13 290 155 467 34 288 103 339 476 439 329 308 419 330 155 157 198 237 171 109 230 480 398 114 223 118 196 332 276 180 512 145 187 133 68 1 421 386 151 534 535
17 150
507 184
111 46
370 440
466 172
269 172
117 128
113 142
389 95
454 137
482 466
483 263
415 225
343 132
239 338
253 156
119 229
420 215
276 438
284 129
79 352
408 390
365 107
534 218
122 480
137 294
303 222
470 45
499 357
503 22
488 16
288 264
323 247
390 463
496 160
6 238
493 197
141 53
168 350
249 457
152 456
220 416
492 468
399 102
112 189
286 95
48 160
60 532
346 180
455 461
242 212
226 36
321 115
255 428
312 348
11 375
401 252
193 28
82 109
163 531
382 380
418 92
469 169
140 436
236 258
155 19
183 1
465 406
218 297
202 457
33 292
507 505
130 259
37 286
435 468
187 403
281 53
505 445
4 88
142 42
522 3
237 492
149 66
75 503
462 327
396 464
181 205
278 453
264 455
378 461
201 68
191 367
84 197
16 460
225 17
364 499
359 254
487 451
339 88
393 416
496 24
348 280
291 508
351 160
360 489
459 15
164 361
108 267
251 362
159 209
229 524
500 391
511 513
349 53
140 40
334 233
371 523
497 488
84 212
28 529
531 301
452 373
18 307
414 112
500 106
274 76
463 506
320 185
44 513
494 72
456 134
461 50
138 369
417 163
467 360
231 341
479 3
42 447
403 447
199 395
410 109
444 416
20 74
301 111
510 303
431 408
352 535
433 77
121 460
19 156
379 264
120 48
294 499
186 76
393 332
228 17
17 269
191 102
526 451
405 399
230 456
477 297
29 344
161 114
441 222
43 416
254 469
353 514
69 416
149 112
387 286
288 526
78 104
233 257
235 96
307 143
427 336
109 214
132 42
47 261
311 164
289 449
515 413
13 526
523 115
176 45
283 405
495 453
449 151
99 451
23 42
344 320
206 132
16 83
420 525
184 530
448 76
524 297
432 198
394 291
513 224
261 509
316 228
215 54
11 236
464 511
387 461
115 292
34 406
190 112
473 112
380 115
485 374
78 209
50 132
60 530
183 321
432 4
267 447
514 192
462 333
508 185
88 123
409 451
36 11
126 40
106 461
139 6
484 278
59 257
381 348
305 192
194 320
3 88
169 403
491 280
396 85
31 54
224 201
458 434
36 127
87 326
95 329
490 350
241 303
519 150
234 351
472 425
244 13
437 330
64 356
529 15
300 513
263 366
117 172
15 476
278 220
369 294
232 370
510 436
349 185
341 19
457 201
171 487
294 179
398 22
127 500
361 524
342 359
126 459
401 74
26 101
180 500
235 95
35 369
16 12
91 446
271 73
204 33
146 61
16 106
358 135
221 406
46 355
313 96
213 310
368 463
499 50
2 486
219 396
471 85
24 131
468 60
293 80
185 238
328 363
283 499
95 533
123 530
516 433
325 188
411 1
374 201
80 264
268 294
257 205
415 362
136 442
151 210
26 199
177 32
439 472
392 276
200 343
143 13
252 29
518 245
20 327
139 12
527 269
129 185
131 455
471 433
165 141
355 263
187 484
508 211
126 283
363 496
205 381
335 147
380 4
118 116
45 150
283 23
480 286
150 238
438 47
35 381
452 288
86 152
97 30
345 375
310 317
70 461
466 97
428 412
280 447
195 280
338 468
38 258
107 468
29 317
270 119
533 13
406 106
214 360
175 263
110 138
535 244
362 101
389 387
377 409
210 343
198 530
285 410
54 137
324 453
336 366
192 451
12 461
85 453
76 473
154 530
20 170
112 277
9 96
289 22
375 321
517 214
165 40
421 143
259 525
187 78
28 461
443 425
272 127
209 253
414 156
156 28
332 247
397 97
39 94
390 26
172 121
219 201
114 375
475 305
509 425
287 430
340 112
152 199
248 336
301 139
425 42
109 330
423 395
111 42
100 232
424 267
228 194
130 320
438 94
224 281
473 364
260 65
444 376
144 200
166 152
329 160
327 13
310 68
393 462
518 522
17 521
317 477
189 121
71 424
418 36
147 374
66 366
145 258
356 187
177 399
367 280
453 123
532 451
384 56
156 249
301 77
21 137
186 516
186 442
491 120
434 285
445 218
348 524
182 238
289 378
390 347
395 416
395 337
32 230
502 421
315 279
73 160
454 311
372 185
512 490
165 345
94 168
99 295
162 127
178 185
442 132
221 235
530 68
450 104
252 34
174 192
93 231
400 365
262 30
39 6
310 461
203 480
57 18
92 247
53 330
105 110
167 428
118 68
196 520
232 525
158 416
95 132
481 425
367 33
153 443
379 77
109 522
103 36
309 46
330 451
273 113
75 365
337 163
144 210
180 467
497 187
163 202
211 81
96 24
51 43
290 228
391 297
245 201
526 525
426 384
501 136
159 313
482 267
338 260
24 109
299 356
440 413
148 395
69 413
519 201
116 246
287 2
298 34
257 349
405 391
24 334
324 533
81 228
105 93
386 16
498 219
179 227
91 460
93 258
52 127
492 368
333 257
7 516
470 222
163 74
450 305
173 216
331 280
434 287
134 132
179 68
331 277
56 60
1 77
245 104
339 300
263 267
385 374
204 452
62 299
84 408
133 425
72 352
402 77
18 440
70 498
208 131
338 36
255 504
417 210
135 89
98 182
478 118
98 443
275 523
436 456
290 156
100 160
104 381
282 494
392 513
376 441
358 279
94 374
83 73
383 106
76 201
206 259
65 499
242 3
162 276
377 31
122 131
474 28
200 189
160 457
478 318
315 497
9 444
521 365
451 179
14 506
85 492
453 456
413 88
380 428
462 149
314 267
245 69
318 238
303 148
39 201
485 54
158 419
96 127
373 347
68 238
77 238
486 186
476 445
196 379
152 253
419 238
197 348
429 451
502 106
55 500
228 147
427 279
157 475
25 423
207 163
466 224
8 296
471 140
404 264
243 197
416 294
412 445
27 38
308 269
455 79
375 55
525 344
306 363
22 269
55 132
250 214
120 294
89 260
49 132
350 447
44 455
241 355
384 519
318 459
30 272
214 451
240 13
295 245
365 112
359 132
40 338
259 242
305 80
10 129
414 161
205 131
279 532
280 474
116 406
222 149
67 517
124 354
430 122
216 514
473 195
422 280
217 294
296 96
93 409
482 377
407 438
370 45
253 114
322 66
421 188
265 47
86 66
220 34
407 182
47 131
125 528
479 451
515 280
460 267
61 455
266 15
207 342
292 50
366 201
408 171
89 244
504 320
281 368
5 320
433 362
101 416
358 406
128 472
246 503
506 355
188 162
347 526
227 433
74 272
213 489
102 80
271 116
58 389
482 354
326 491
258 192
297 294
317 304
256 80
489 485
520 500
453 361
407 53
212 28
203 274
323 294
134 440
477 287
41 130
176 483
170 74
158 245
319 423
446 444
111 57
372 61
219 25
90 185
447 77
302 124
412 134
388 124
309 35
368 480
528 344
63 138
279 117
6 64
277 350
138 177
62 58
247 28
354 134
146 248
252 156
223 15
216 398
363 47
