675 901
135 51 218 653 472 556 556 630 335 225 467 609 374 235 376 164 214 57 44 571 217 369 171 168 194 436 399 398 191 481 364 527 17 644 141 130 160 274 604 73 239 427 151 221 201 159 501 655 366 180 456 664 529 346 15 412 270 399 524 664 502 658 565 268 338 27 105 191 261 228 559 635 447 194 451 636 566 264 597 39 106 495 247 274 454 668 384 300 409 610 36 313 421 125 586 443 563 535 184 394 182 329 193 540 99 279 189 18 462 467 211 526 365 518 447 176 121 293 413 31 495 187 574 514 470 3 208 241 123 535 504 500 585 248 135 495 350 290 282 469 553 656 591 620 280 339 463 426 456 94 606 620 514 58 175 319 379 116 279 543 216 477 25 4 559 210 173 578 222 379 438 157 239 557 620 164 624 30 374 483 220 409 173 446 47 160 438 268 322 639 61 501 74 396 439 81 164 393 643 145 505 381 469 579 419 634 374 339 644 87 168 390 444 645 291 89 653 244 229 373 194 111 541 205 144 72 198 437 85 666 556 649 164 192 147 49 664 154 280 257 144 531 3 424 354 46 132 72 457 23 603 487 67 280 421 536 211 523 612 236 311 142 669 263 576 453 311 12 570 618 541 25 455 41 473 517 640 133 451 628 354 99 291 305 578 372 449 651 94 660 283 528 667 4 251 590 28 178 18 43 568 369 226 483 169 460 20 606 156 468 135 620 222 578 289 393 186 310 612 71 264 581 672 633 60 621 165 457 28 444 647 466 668 569 93 155 100 393 191 147 8 316 379 307 298 442 651 319 401 351 474 162 179 444 269 560 409 553 658 315 268 294 449 340 184 201 436 333 326 198 562 521 575 329 127 60 339 276 73 28 526 392 305 240 59 237 37 141 72 186 32 375 666 567 60 392 668 340 123 301 150 635 389 522 513 322 372 546 320 145 451 494 535 346 483 347 431 532 31 661 85 464 274 612 379 56 68 67 652 302 82 562 81 176 452 284 172 625 225 432 460 483 511 511 292 297 75 232 261 659 286 104 200 126 49 481 556 597 625 602 432 433 190 280 544 393 573 350 153 241 662 296 175 630 108 441 149 140 152 398 222 608 85 190 427 355 382 179 551 520 92 233 365 582 126 259 461 503 598 614 541 50 341 635 250 142 252 90 453 242 540 366 73 184 515 146 190 31 648 641 281 479 225 593 203 491 341 349 425 396 650 389 185 236 508 218 291 664 220 415 210 432 145 392 346 525 95 372 334 557 488 335 548 561 290 208 443 230 243 548 110 386 132 432 509 362 573 130 239 5 472 270 74 277 167 43 545 164 168 452 442 652 74 255 666 111 319 112 310 423 648 586 97 80 329 495 159 137 450 219 55 162 440 555 434 332 28 138 160 207 659 511 591 131 554 18 329 276 566 275 593 419 668 114 423 548 251 181 598 61 540 431 323 620 400 254 512 536 530 126 591 664 613 650 591 655 453 666 110 475 242 185 343 176 81 425 136 283 145 535 543 414 241 491 355 502 422 329 336 312 43 89 246 674 675
409 211
653 6
315 519
281 334
247 511
76 387
406 455
617 432
597 482
83 39
540 88
570 572
251 573
529 394
186 66
4 79
200 380
258 337
318 660
325 465
393 364
302 136
136 510
82 126
420 191
631 20
72 57
371 538
138 634
153 161
561 241
334 118
97 420
311 312
562 308
675 453
44 101
531 520
483 617
30 167
383 161
210 383
210 363
104 66
259 380
188 135
412 221
112 662
193 161
258 445
173 87
169 492
98 211
86 147
400 260
536 599
310 565
568 94
231 39
36 510
556 230
64 309
436 627
652 326
512 551
415 252
479 396
302 201
135 347
285 389
53 133
25 541
292 627
545 123
566 233
413 449
416 46
253 633
581 240
223 120
240 565
508 505
1 673
84 143
487 290
384 316
659 531
320 341
114 64
271 451
561 14
90 328
205 630
490 253
316 577
349 387
278 33
388 269
16 373
287 86
445 500
438 39
296 76
97 325
131 586
401 430
611 425
227 543
309 54
109 131
77 195
390 525
662 353
603 451
141 293
419 1
441 373
176 219
425 226
557 257
89 344
451 246
594 461
446 272
227 424
521 260
611 311
143 116
346 460
555 593
667 6
583 233
449 626
359 54
668 433
639 402
486 342
203 456
283 440
107 128
217 409
85 24
644 655
183 615
161 465
333 28
436 141
216 167
55 462
264 647
170 438
665 443
564 325
107 38
385 120
118 344
439 173
498 161
338 308
29 261
664 151
340 263
61 286
246 327
305 92
207 122
225 393
352 17
306 237
513 307
164 516
423 200
220 428
437 342
219 405
20 548
343 459
458 657
163 653
479 448
651 355
67 262
523 98
125 580
490 575
433 472
108 421
160 319
608 168
32 436
225 174
288 654
356 360
387 62
235 115
584 335
39 106
518 230
358 647
45 287
407 565
175 437
660 296
135 598
607 80
590 456
343 626
517 75
99 649
146 105
20 341
620 127
398 201
23 169
541 41
129 41
599 313
354 198
485 531
331 525
121 639
495 411
57 532
142 519
248 66
213 649
419 197
221 329
252 419
64 578
411 536
448 616
173 86
373 492
557 327
214 247
596 289
322 209
308 479
616 40
402 461
156 410
549 28
15 256
59 46
345 86
190 461
340 298
554 548
378 262
471 27
573 86
126 325
428 530
506 489
8 97
337 289
27 24
415 474
111 244
553 295
158 583
177 211
373 512
277 348
542 513
150 326
491 424
329 406
668 655
650 130
569 394
543 308
407 383
575 188
416 85
261 352
669 122
236 323
550 507
238 511
75 367
535 339
165 522
211 397
185 593
622 449
495 430
294 136
234 660
164 161
496 120
132 253
428 606
319 253
333 100
240 409
629 494
181 599
467 537
613 134
645 447
8 465
350 654
243 200
363 233
586 241
601 618
95 215
145 167
302 192
455 661
91 248
190 63
120 119
307 157
155 204
643 436
179 324
88 525
285 675
376 230
464 177
202 159
66 201
453 122
591 100
509 608
249 54
581 544
217 603
636 505
611 556
434 41
286 414
283 233
235 77
254 363
314 43
361 190
567 395
47 21
410 177
492 205
350 375
271 353
265 574
615 329
493 72
552 465
94 367
557 11
474 289
495 669
463 349
549 626
317 262
494 415
303 130
121 238
270 626
184 518
210 424
649 459
548 482
122 321
646 131
196 116
658 334
41 96
418 630
429 216
102 58
148 564
614 375
514 359
2 61
572 507
289 347
230 552
274 133
538 513
154 299
403 594
559 539
547 574
375 652
174 54
116 636
24 387
397 147
4 468
151 63
180 135
539 209
15 24
404 630
399 668
377 558
465 397
81 94
466 368
503 442
442 433
70 595
641 402
454 389
582 82
78 191
257 32
643 48
603 553
344 472
367 147
634 363
386 150
531 455
451 328
101 311
14 578
261 593
602 412
241 49
449 236
446 438
57 271
220 487
565 429
366 344
162 35
339 628
482 94
22 318
429 153
130 118
656 84
543 248
648 488
422 138
384 255
177 606
440 637
87 482
69 544
654 525
62 122
525 147
629 127
208 355
533 519
374 48
590 225
360 1
457 375
106 161
312 665
23 567
323 58
6 122
176 382
41 564
224 375
606 455
269 445
296 17
52 609
185 585
308 621
195 161
52 181
256 30
178 668
197 509
391 525
167 211
244 242
244 349
156 362
139 269
616 80
113 39
363 652
359 116
475 280
270 448
245 204
27 248
304 131
364 50
456 17
56 382
306 262
600 484
513 344
405 363
348 133
307 649
218 430
34 611
461 563
17 263
263 348
31 185
122 161
272 417
199 483
37 465
327 437
426 39
486 5
389 582
324 201
147 669
268 96
168 85
463 9
268 656
452 225
608 413
270 82
342 389
242 427
369 499
38 115
566 667
427 406
353 75
646 66
435 499
418 361
48 261
238 309
139 319
255 489
291 24
355 261
605 465
71 27
535 648
672 260
555 353
295 518
584 429
528 270
159 92
421 262
575 606
443 219
558 367
247 323
628 12
619 146
202 36
11 86
444 407
381 233
157 576
329 147
144 644
242 393
585 20
505 409
141 467
196 385
484 509
158 660
527 373
232 492
110 635
325 374
379 242
661 147
206 5
515 405
641 616
534 629
68 469
3 146
668 519
537 586
42 562
504 333
82 161
301 478
65 334
10 487
182 24
587 155
555 378
588 384
368 318
368 395
225 504
50 577
476 393
152 505
326 383
670 328
7 145
408 300
523 507
632 588
213 32
93 290
297 48
596 260
9 174
136 46
663 662
239 657
92 327
252 414
41 69
520 133
123 221
643 613
105 70
480 106
73 559
58 164
300 592
226 70
35 233
387 29
379 528
532 246
120 133
46 424
624 495
166 284
621 555
138 240
414 367
24 599
551 353
610 582
175 367
574 337
292 260
72 611
365 261
160 344
41 181
124 324
538 62
526 390
522 453
502 661
598 335
187 397
336 30
603 398
25 401
140 531
470 453
136 528
417 577
149 649
430 479
68 285
282 391
420 335
387 147
493 465
579 344
96 378
481 573
229 460
284 409
228 220
501 210
623 288
171 430
657 80
536 319
501 584
57 14
222 130
62 407
57 558
460 342
286 134
271 603
54 39
154 484
313 461
201 370
428 405
671 437
80 329
43 439
28 381
192 665
674 125
260 174
237 120
79 409
250 27
577 327
13 122
500 661
189 462
115 153
22 227
64 181
624 486
339 167
335 305
117 11
262 39
103 210
504 236
429 530
288 457
249 472
315 622
635 627
316 166
293 395
267 333
134 608
58 313
488 563
172 381
262 649
299 192
100 11
472 414
342 465
392 499
156 416
137 637
530 566
606 514
424 115
637 564
209 11
33 465
643 597
499 75
546 332
323 478
627 39
576 135
617 181
634 242
649 102
609 668
497 6
578 344
257 116
673 261
524 668
249 501
84 141
394 565
510 348
71 97
511 326
376 37
588 464
10 244
145 410
655 474
142 555
13 354
485 414
290 582
450 461
12 496
119 253
349 616
571 142
74 362
517 209
63 6
380 395
468 150
97 276
395 133
79 542
215 390
356 473
361 293
250 142
462 133
461 233
351 46
625 246
642 498
507 617
357 17
284 646
332 419
82 414
330 284
55 213
592 638
604 375
647 262
432 634
4 618
553 132
460 78
563 342
459 635
626 85
638 58
21 407
374 23
40 568
587 414
372 376
51 612
473 539
362 167
328 438
273 13
18 563
655 461
194 134
47 509
322 121
382 465
279 674
417 187
347 348
370 465
435 645
19 270
341 552
542 305
276 593
298 180
612 624
407 107
431 292
633 525
599 575
649 603
608 453
516 587
309 296
666 10
489 660
191 496
233 106
294 1
589 652
364 363
280 230
220 437
624 443
630 525
580 86
396 561
217 334
198 342
478 325
135 461
212 421
60 385
544 361
653 153
595 291
440 115
462 117
87 519
305 344
405 617
477 76
127 227
33 616
594 156
311 562
241 82
26 664
618 109
133 325
213 94
539 370
519 344
265 606
447 38
346 317
255 5
300 546
116 175
275 46
204 183
5 522
560 559
82 311
640 22
321 564
667 510
266 657
597 499
469 293
152 275
593 137
