5000
1 2
2 3
1 4
3 5
4 6
5 7
6 8
7 9
6 10
6 11
10 12
11 13
13 14
12 15
9 16
14 17
15 18
16 19
17 20
18 21
21 22
22 23
18 24
20 25
23 26
25 27
8 28
28 29
26 30
24 31
27 32
19 33
30 34
29 35
33 36
34 37
37 38
35 39
34 40
32 41
36 42
42 43
39 44
43 45
44 46
45 47
46 48
41 49
47 50
49 51
48 52
52 53
50 54
38 55
53 56
52 57
51 58
55 59
40 60
56 61
58 62
56 63
62 64
64 65
59 66
31 67
61 68
63 69
54 70
65 71
68 72
71 73
57 74
63 75
73 76
75 77
60 78
70 79
77 80
78 81
75 82
67 83
82 84
69 85
66 86
76 87
85 88
83 89
86 90
81 91
88 92
91 93
72 94
93 95
94 96
96 97
84 98
89 99
92 100
99 101
100 102
87 103
101 104
98 105
100 106
90 107
79 108
107 109
97 110
104 111
100 112
111 113
95 114
113 115
112 116
86 117
115 118
74 119
109 120
117 121
110 122
110 123
121 124
103 125
120 126
108 127
127 128
123 129
106 130
125 131
128 132
105 133
131 134
118 135
122 136
102 137
126 138
135 139
136 140
137 141
124 142
140 143
119 144
132 145
141 146
146 147
146 148
129 149
148 150
114 151
150 152
152 153
145 154
84 155
130 156
154 157
138 158
151 159
144 160
149 161
116 162
162 163
153 164
80 165
157 166
143 167
142 168
156 169
168 170
163 171
160 172
109 173
165 174
170 175
169 176
139 177
174 178
161 179
135 180
166 181
173 182
133 183
146 184
180 185
177 186
183 187
155 188
186 189
150 190
181 191
185 192
189 193
172 194
191 195
158 196
146 197
194 198
189 199
196 200
188 201
167 202
192 203
180 204
187 205
195 206
190 207
199 208
201 209
206 210
176 211
159 212
212 213
210 214
164 215
197 216
134 217
147 218
175 219
178 220
209 221
215 222
218 223
217 224
221 225
224 226
207 227
225 228
223 229
179 230
200 231
230 232
226 233
228 234
233 235
227 236
203 237
205 238
232 239
184 240
219 241
235 242
204 243
202 244
243 245
244 246
193 247
240 248
208 249
236 250
171 251
239 252
249 253
198 254
247 255
252 256
231 257
255 258
237 259
211 260
182 261
242 262
241 263
256 264
258 265
262 266
216 267
261 268
264 269
268 270
256 271
267 272
254 273
263 274
265 275
271 276
260 277
214 278
275 279
250 280
222 281
272 282
234 283
282 284
257 285
281 286
248 287
251 288
229 289
220 290
253 291
273 292
269 293
273 294
274 295
278 296
243 297
291 298
294 299
276 300
287 301
298 302
286 303
285 304
288 305
300 306
289 307
299 308
302 309
284 310
293 311
296 312
295 313
305 314
212 315
280 316
312 317
297 318
309 319
317 320
306 321
259 322
322 323
315 324
295 325
283 326
301 327
303 328
318 329
320 330
310 331
326 332
304 333
314 334
329 335
279 336
332 337
327 338
313 339
246 340
334 341
333 342
338 343
330 344
325 345
344 346
337 347
340 348
308 349
347 350
319 351
324 352
270 353
277 354
349 355
352 356
342 357
336 358
312 359
275 360
339 361
213 362
324 363
356 364
292 365
245 366
345 367
358 368
353 369
360 370
331 371
275 372
305 373
360 374
346 375
372 376
290 377
373 378
377 379
316 380
343 381
369 382
381 383
363 384
357 385
376 386
383 387
375 388
351 389
368 390
321 391
378 392
390 393
388 394
384 395
392 396
394 397
359 398
348 399
374 400
387 401
350 402
393 403
379 404
386 405
366 406
382 407
358 408
367 409
370 410
341 411
409 412
365 413
364 414
411 415
401 416
323 417
413 418
371 419
266 420
402 421
396 422
404 423
414 424
419 425
410 426
424 427
425 428
362 429
328 430
428 431
422 432
412 433
238 434
354 435
400 436
426 437
437 438
307 439
408 440
406 441
420 442
423 443
350 444
397 445
415 446
442 447
355 448
443 449
446 450
417 451
440 452
424 453
444 454
431 455
275 456
455 457
452 458
449 459
441 460
440 461
436 462
346 463
450 464
403 465
447 466
461 467
395 468
465 469
448 470
468 471
464 472
432 473
458 474
361 475
459 476
385 477
335 478
472 479
311 480
462 481
380 482
405 483
454 484
391 485
429 486
434 487
478 488
467 489
484 490
485 491
466 492
486 493
492 494
476 495
427 496
418 497
398 498
456 499
471 500
500 501
480 502
421 503
480 504
473 505
445 506
433 507
469 508
490 509
460 510
430 511
507 512
501 513
510 514
493 515
483 516
399 517
511 518
438 519
515 520
514 521
519 522
508 523
477 524
494 525
504 526
451 527
469 528
489 529
526 530
516 531
470 532
506 533
481 534
453 535
488 536
513 537
475 538
435 539
482 540
525 541
539 542
540 543
522 544
531 545
421 546
541 547
521 548
518 549
536 550
546 551
495 552
491 553
534 554
538 555
554 556
475 557
556 558
557 559
517 560
463 561
560 562
551 563
544 564
542 565
474 566
479 567
512 568
416 569
509 570
566 571
389 572
499 573
561 574
545 575
571 576
568 577
567 578
457 579
550 580
577 581
573 582
559 583
502 584
498 585
565 586
551 587
528 588
520 589
555 590
579 591
553 592
496 593
575 594
548 595
574 596
549 597
564 598
580 599
574 600
371 601
592 602
487 603
547 604
591 605
581 606
578 607
586 608
583 609
600 610
503 611
532 612
590 613
597 614
548 615
497 616
614 617
612 618
576 619
585 620
594 621
602 622
554 623
607 624
596 625
610 626
527 627
471 628
599 629
545 630
543 631
613 632
605 633
563 634
631 635
626 636
558 637
634 638
630 639
636 640
589 641
608 642
616 643
584 644
642 645
572 646
601 647
615 648
569 649
643 650
637 651
648 652
647 653
627 654
508 655
650 656
638 657
655 658
657 659
651 660
633 661
640 662
523 663
603 664
407 665
641 666
562 667
632 668
658 669
663 670
530 671
660 672
668 673
588 674
646 675
623 676
464 677
566 678
659 679
628 680
620 681
678 682
677 683
624 684
679 685
593 686
582 687
685 688
529 689
570 690
682 691
618 692
654 693
684 694
675 695
439 696
680 697
537 698
617 699
649 700
683 701
609 702
673 703
639 704
629 705
611 706
687 707
644 708
606 709
666 710
681 711
635 712
689 713
688 714
619 715
653 716
628 717
715 718
692 719
674 720
697 721
524 722
709 723
690 724
716 725
721 726
587 727
672 728
703 729
671 730
729 731
686 732
707 733
732 734
645 735
733 736
598 737
733 738
726 739
710 740
604 741
533 742
652 743
734 744
740 745
730 746
727 747
656 748
665 749
737 750
477 751
670 752
736 753
751 754
698 755
661 756
708 757
746 758
694 759
750 760
589 761
741 762
669 763
719 764
738 765
757 766
705 767
755 768
767 769
747 770
713 771
723 772
766 773
769 774
685 775
718 776
749 777
706 778
625 779
745 780
777 781
752 782
762 783
695 784
782 785
781 786
780 787
699 788
761 789
773 790
727 791
787 792
714 793
505 794
768 795
565 796
756 797
728 798
779 799
760 800
764 801
800 802
667 803
706 804
711 805
788 806
535 807
807 808
776 809
785 810
724 811
790 812
796 813
789 814
701 815
725 816
765 817
700 818
693 819
753 820
704 821
797 822
812 823
798 824
800 825
824 826
770 827
662 828
803 829
771 830
717 831
712 832
827 833
820 834
808 835
802 836
664 837
810 838
809 839
805 840
815 841
837 842
786 843
799 844
791 845
833 846
816 847
819 848
823 849
828 850
804 851
842 852
801 853
774 854
852 855
844 856
809 857
739 858
783 859
831 860
763 861
848 862
778 863
821 864
818 865
859 866
857 867
754 868
855 869
860 870
772 871
846 872
832 873
834 874
866 875
817 876
731 877
722 878
840 879
874 880
744 881
758 882
849 883
864 884
876 885
835 886
869 887
867 888
854 889
845 890
828 891
882 892
696 893
822 894
820 895
875 896
894 897
885 898
825 899
775 900
893 901
838 902
818 903
871 904
887 905
595 906
901 907
823 908
814 909
905 910
843 911
888 912
904 913
891 914
886 915
880 916
813 917
903 918
793 919
873 920
911 921
811 922
759 923
836 924
856 925
916 926
896 927
794 928
806 929
926 930
691 931
621 932
480 933
878 934
743 935
826 936
552 937
919 938
908 939
811 940
936 941
937 942
792 943
913 944
676 945
839 946
802 947
918 948
920 949
895 950
841 951
932 952
853 953
851 954
930 955
899 956
847 957
949 958
927 959
954 960
925 961
883 962
957 963
943 964
868 965
902 966
945 967
966 968
702 969
917 970
913 971
924 972
969 973
972 974
948 975
960 976
964 977
961 978
953 979
929 980
973 981
977 982
951 983
980 984
941 985
897 986
979 987
982 988
947 989
967 990
962 991
950 992
979 993
984 994
622 995
748 996
983 997
898 998
907 999
742 1000
892 1001
667 1002
971 1003
976 1004
996 1005
915 1006
963 1007
1003 1008
988 1009
784 1010
1006 1011
997 1012
968 1013
993 1014
795 1015
735 1016
1010 1017
890 1018
987 1019
995 1020
1002 1021
1017 1022
1004 1023
921 1024
861 1025
998 1026
928 1027
910 1028
908 1029
974 1030
975 1031
884 1032
1013 1033
1031 1034
1001 1035
1009 1036
923 1037
914 1038
1024 1039
1026 1040
970 1041
829 1042
910 1043
862 1044
946 1045
999 1046
959 1047
1030 1048
870 1049
1035 1050
942 1051
872 1052
1019 1053
1022 1054
1051 1055
990 1056
906 1057
939 1058
922 1059
1047 1060
1008 1061
879 1062
921 1063
944 1064
933 1065
1025 1066
1050 1067
1063 1068
994 1069
889 1070
877 1071
965 1072
1046 1073
1040 1074
991 1075
1014 1076
1049 1077
826 1078
1065 1079
1069 1080
981 1081
720 1082
1053 1083
1015 1084
1072 1085
1081 1086
865 1087
1085 1088
1011 1089
1014 1090
1012 1091
1082 1092
1092 1093
1073 1094
1038 1095
934 1096
1062 1097
958 1098
568 1099
1036 1100
1055 1101
1100 1102
1075 1103
1041 1104
1029 1105
1055 1106
1090 1107
1061 1108
1105 1109
985 1110
1067 1111
1085 1112
863 1113
1108 1114
1099 1115
912 1116
955 1117
1090 1118
1107 1119
1112 1120
1091 1121
1120 1122
1116 1123
1076 1124
1063 1125
1057 1126
1032 1127
1083 1128
1096 1129
1124 1130
1107 1131
1059 1132
1043 1133
900 1134
1121 1135
1080 1136
1118 1137
1134 1138
1115 1139
1123 1140
1137 1141
1140 1142
1084 1143
1036 1144
910 1145
1042 1146
1128 1147
1131 1148
1052 1149
1129 1150
931 1151
1094 1152
1080 1153
1110 1154
1152 1155
1102 1156
1037 1157
1060 1158
1130 1159
1144 1160
1139 1161
1088 1162
1135 1163
978 1164
1028 1165
1153 1166
1136 1167
1148 1168
1079 1169
1070 1170
1056 1171
1165 1172
1145 1173
1160 1174
956 1175
881 1176
1054 1177
1068 1178
1157 1179
1077 1180
1033 1181
1154 1182
1027 1183
1141 1184
830 1185
1109 1186
1144 1187
1126 1188
945 1189
1173 1190
1086 1191
1098 1192
1007 1193
1071 1194
1005 1195
1188 1196
1168 1197
1172 1198
1192 1199
1093 1200
1021 1201
1135 1202
1117 1203
850 1204
1181 1205
1138 1206
1202 1207
1089 1208
1097 1209
1178 1210
1199 1211
992 1212
1179 1213
1193 1214
1169 1215
1113 1216
940 1217
1058 1218
1209 1219
1211 1220
1175 1221
1177 1222
1103 1223
1155 1224
1023 1225
1101 1226
1182 1227
935 1228
1190 1229
1206 1230
1225 1231
1212 1232
1208 1233
1000 1234
1126 1235
1016 1236
1037 1237
1236 1238
1106 1239
1195 1240
1078 1241
1020 1242
1204 1243
1236 1244
1170 1245
1163 1246
1235 1247
1240 1248
1183 1249
1233 1250
1196 1251
1044 1252
1039 1253
1231 1254
1166 1255
1147 1256
1167 1257
1066 1258
1251 1259
1048 1260
1259 1261
1258 1262
1256 1263
1127 1264
1247 1265
1263 1266
909 1267
1248 1268
986 1269
1045 1270
1201 1271
1186 1272
1265 1273
1271 1274
1122 1275
1171 1276
1210 1277
1207 1278
1213 1279
1176 1280
1151 1281
1142 1282
1237 1283
1156 1284
1262 1285
1279 1286
1219 1287
1133 1288
1164 1289
1229 1290
1218 1291
1074 1292
1239 1293
1034 1294
1273 1295
938 1296
1149 1297
1215 1298
1200 1299
1244 1300
1220 1301
1300 1302
1252 1303
1174 1304
1234 1305
952 1306
1267 1307
1289 1308
1241 1309
1245 1310
1303 1311
1274 1312
1306 1313
1306 1314
1290 1315
1301 1316
1189 1317
1295 1318
1283 1319
1281 1320
1264 1321
1312 1322
1187 1323
1313 1324
1180 1325
1254 1326
1311 1327
1270 1328
1316 1329
1214 1330
1194 1331
1272 1332
1321 1333
1332 1334
1309 1335
1307 1336
1292 1337
1325 1338
1087 1339
1284 1340
1297 1341
1268 1342
1223 1343
858 1344
1342 1345
1177 1346
1302 1347
1224 1348
1221 1349
1326 1350
1198 1351
1333 1352
1334 1353
1331 1354
1230 1355
1304 1356
1308 1357
1185 1358
1320 1359
1305 1360
1351 1361
1226 1362
1334 1363
1287 1364
1360 1365
1357 1366
1348 1367
1277 1368
1242 1369
1367 1370
1269 1371
1161 1372
1197 1373
1344 1374
1294 1375
1361 1376
1158 1377
1189 1378
1280 1379
1238 1380
1323 1381
1374 1382
1354 1383
1222 1384
1375 1385
1328 1386
1277 1387
1355 1388
1386 1389
1278 1390
1318 1391
1184 1392
1111 1393
1236 1394
1246 1395
1338 1396
1381 1397
1352 1398
1359 1399
1286 1400
1395 1401
1387 1402
1388 1403
1358 1404
1393 1405
1159 1406
1217 1407
1261 1408
1349 1409
1403 1410
1322 1411
1356 1412
1409 1413
1285 1414
1365 1415
1335 1416
1408 1417
1364 1418
1396 1419
1330 1420
1373 1421
1243 1422
1125 1423
1422 1424
1253 1425
1346 1426
1244 1427
1393 1428
1421 1429
1353 1430
1413 1431
1415 1432
1228 1433
1293 1434
1394 1435
1378 1436
1434 1437
1431 1438
1266 1439
1336 1440
1349 1441
1437 1442
1377 1443
1250 1444
1372 1445
1310 1446
1417 1447
1442 1448
1363 1449
1389 1450
1441 1451
1450 1452
1426 1453
1432 1454
1282 1455
1343 1456
1340 1457
1407 1458
1436 1459
1458 1460
1255 1461
1398 1462
1291 1463
1435 1464
1299 1465
1446 1466
1392 1467
1425 1468
1416 1469
1229 1470
1368 1471
1433 1472
1356 1473
1104 1474
1150 1475
1402 1476
1249 1477
1427 1478
1399 1479
1410 1480
1465 1481
1389 1482
1385 1483
1444 1484
1429 1485
1162 1486
1369 1487
1439 1488
1288 1489
1469 1490
1314 1491
1419 1492
1064 1493
1489 1494
1461 1495
1485 1496
1191 1497
1337 1498
1414 1499
1119 1500
1327 1501
1501 1502
1404 1503
1319 1504
1462 1505
1355 1506
1480 1507
1494 1508
1453 1509
1471 1510
1440 1511
1457 1512
1397 1513
1479 1514
1505 1515
1454 1516
1481 1517
1502 1518
1371 1519
1182 1520
1476 1521
1500 1522
989 1523
1489 1524
1520 1525
1499 1526
1366 1527
1482 1528
1470 1529
1515 1530
1526 1531
1497 1532
1512 1533
1018 1534
1530 1535
1448 1536
1324 1537
1341 1538
1488 1539
1524 1540
1487 1541
1329 1542
1531 1543
1296 1544
1451 1545
1504 1546
1424 1547
1507 1548
1114 1549
1490 1550
1459 1551
1275 1552
1391 1553
1532 1554
1491 1555
1516 1556
1527 1557
1489 1558
1447 1559
1536 1560
1554 1561
1216 1562
1515 1563
1384 1564
1510 1565
1428 1566
1565 1567
1529 1568
1525 1569
1523 1570
1563 1571
1466 1572
1564 1573
1544 1574
1572 1575
1573 1576
1456 1577
1497 1578
1523 1579
1575 1580
1420 1581
1552 1582
1276 1583
1579 1584
1542 1585
1553 1586
1584 1587
1577 1588
1232 1589
1568 1590
1315 1591
1576 1592
1409 1593
1337 1594
1492 1595
1546 1596
1467 1597
1477 1598
1350 1599
1574 1600
1567 1601
1146 1602
1596 1603
1514 1604
1401 1605
1578 1606
1587 1607
1478 1608
1595 1609
988 1610
1260 1611
1143 1612
1473 1613
1521 1614
1498 1615
1560 1616
1376 1617
1609 1618
1213 1619
1612 1620
1400 1621
1600 1622
1542 1623
1474 1624
1586 1625
1528 1626
1508 1627
1556 1628
1275 1629
1555 1630
1539 1631
1595 1632
1502 1633
1412 1634
1339 1635
1633 1636
1449 1637
1604 1638
1585 1639
1629 1640
1243 1641
1582 1642
1557 1643
1518 1644
1411 1645
1418 1646
1598 1647
1496 1648
1624 1649
1591 1650
1619 1651
1650 1652
1629 1653
1538 1654
1645 1655
1626 1656
1405 1657
1445 1658
1205 1659
1549 1660
1592 1661
1423 1662
1617 1663
1251 1664
1601 1665
1621 1666
1570 1667
1605 1668
1602 1669
1643 1670
1345 1671
1632 1672
1653 1673
1562 1674
1511 1675
1463 1676
1590 1677
1597 1678
1662 1679
1543 1680
1594 1681
1656 1682
1651 1683
1203 1684
1523 1685
1641 1686
1563 1687
1532 1688
1635 1689
1559 1690
1622 1691
1679 1692
1648 1693
1379 1694
1691 1695
1455 1696
1692 1697
1571 1698
1430 1699
1382 1700
1519 1701
1667 1702
1370 1703
1329 1704
1583 1705
1661 1706
1610 1707
1599 1708
1488 1709
1548 1710
1581 1711
1132 1712
1362 1713
1503 1714
1634 1715
1589 1716
1712 1717
1227 1718
1685 1719
1698 1720
1558 1721
1649 1722
1715 1723
1652 1724
1506 1725
1724 1726
1550 1727
1443 1728
1651 1729
1537 1730
1677 1731
1646 1732
1526 1733
1660 1734
1615 1735
1637 1736
1658 1737
1317 1738
1495 1739
1460 1740
1618 1741
1707 1742
1484 1743
1719 1744
1720 1745
1716 1746
1740 1747
1347 1748
1723 1749
1535 1750
1680 1751
1472 1752
1298 1753
1746 1754
1732 1755
1683 1756
1693 1757
1708 1758
1722 1759
1665 1760
1747 1761
1438 1762
1509 1763
1639 1764
1669 1765
1631 1766
1551 1767
1657 1768
1653 1769
1468 1770
1689 1771
1725 1772
1755 1773
1630 1774
1606 1775
1688 1776
1750 1777
1732 1778
1647 1779
1736 1780
1380 1781
1780 1782
1767 1783
1681 1784
1741 1785
1713 1786
1733 1787
1517 1788
1653 1789
1534 1790
1697 1791
1714 1792
1642 1793
1580 1794
1769 1795
1561 1796
1789 1797
1493 1798
1656 1799
1703 1800
1675 1801
1721 1802
1483 1803
1541 1804
1781 1805
1730 1806
1705 1807
1475 1808
1701 1809
1406 1810
1603 1811
1756 1812
1682 1813
1540 1814
1673 1815
1704 1816
1745 1817
1790 1818
1666 1819
1670 1820
1773 1821
1696 1822
1786 1823
1776 1824
1766 1825
1588 1826
1706 1827
1743 1828
1807 1829
1545 1830
1824 1831
1823 1832
1257 1833
1522 1834
1695 1835
1644 1836
1513 1837
1690 1838
1486 1839
1700 1840
1822 1841
1566 1842
1664 1843
1815 1844
1796 1845
1837 1846
1778 1847
1827 1848
1693 1849
1654 1850
1749 1851
1812 1852
1727 1853
1611 1854
1739 1855
1616 1856
1782 1857
1627 1858
1820 1859
1852 1860
1737 1861
1533 1862
1807 1863
1729 1864
1788 1865
1860 1866
1686 1867
1862 1868
1753 1869
1857 1870
1850 1871
1702 1872
1743 1873
1779 1874
1844 1875
1855 1876
1623 1877
1777 1878
1821 1879
1655 1880
1689 1881
1784 1882
1830 1883
1771 1884
1702 1885
1726 1886
1885 1887
1763 1888
1774 1889
1846 1890
1751 1891
1659 1892
1798 1893
1860 1894
1464 1895
1640 1896
1728 1897
1896 1898
1872 1899
1803 1900
1770 1901
1894 1902
1628 1903
1848 1904
1699 1905
1880 1906
1760 1907
1865 1908
1742 1909
1905 1910
1806 1911
1547 1912
1772 1913
1868 1914
1870 1915
1752 1916
1758 1917
1881 1918
1878 1919
1877 1920
1674 1921
1861 1922
1883 1923
1794 1924
1900 1925
1922 1926
1092 1927
1569 1928
1928 1929
1911 1930
1858 1931
1921 1932
1932 1933
1875 1934
1847 1935
1672 1936
1620 1937
1759 1938
1917 1939
1934 1940
1888 1941
1748 1942
1636 1943
1810 1944
1890 1945
1926 1946
1718 1947
1839 1948
1879 1949
1764 1950
1863 1951
1818 1952
1898 1953
1950 1954
1793 1955
1952 1956
1909 1957
1927 1958
1800 1959
1897 1960
1907 1961
1697 1962
1560 1963
1867 1964
1383 1965
1955 1966
1811 1967
1820 1968
1778 1969
1891 1970
1961 1971
1761 1972
1801 1973
1919 1974
1970 1975
1775 1976
1916 1977
1916 1978
1808 1979
1792 1980
1945 1981
1817 1982
1908 1983
1980 1984
1802 1985
1925 1986
1676 1987
1845 1988
1812 1989
1889 1990
1825 1991
1978 1992
1871 1993
1930 1994
1967 1995
1951 1996
1996 1997
1924 1998
1931 1999
1901 2000
1791 2001
1840 2002
1993 2003
1929 2004
1731 2005
1992 2006
2002 2007
1829 2008
1744 2009
1853 2010
1854 2011
1912 2012
2001 2013
1809 2014
2010 2015
1947 2016
1838 2017
2013 2018
1668 2019
2018 2020
1986 2021
1987 2022
1992 2023
2008 2024
1941 2025
1954 2026
1938 2027
1959 2028
1976 2029
1985 2030
1849 2031
1663 2032
2030 2033
2005 2034
1794 2035
2022 2036
1814 2037
1935 2038
1998 2039
2029 2040
1694 2041
2020 2042
1910 2043
2026 2044
1886 2045
1966 2046
1877 2047
1974 2048
1452 2049
1977 2050
1874 2051
2017 2052
2043 2053
2009 2054
1738 2055
2046 2056
1816 2057
1856 2058
1892 2059
1946 2060
2033 2061
1787 2062
1981 2063
1892 2064
1917 2065
1828 2066
2042 2067
1859 2068
2062 2069
1390 2070
1983 2071
1915 2072
1783 2073
2073 2074
1864 2075
1711 2076
2056 2077
2039 2078
1937 2079
1799 2080
2015 2081
1948 2082
2066 2083
1899 2084
1734 2085
2077 2086
1831 2087
1843 2088
2078 2089
2059 2090
2047 2091
1988 2092
2087 2093
2072 2094
1957 2095
2033 2096
2085 2097
1904 2098
1805 2099
2024 2100
2100 2101
1995 2102
2076 2103
2096 2104
2082 2105
1906 2106
2070 2107
1757 2108
2038 2109
1942 2110
1777 2111
1940 2112
2049 2113
1367 2114
2028 2115
1795 2116
2112 2117
2084 2118
2053 2119
2052 2120
2038 2121
1726 2122
2117 2123
2108 2124
2000 2125
2064 2126
2126 2127
2065 2128
2057 2129
2121 2130
1506 2131
2088 2132
2068 2133
2081 2134
1991 2135
2067 2136
1765 2137
2111 2138
2132 2139
2016 2140
1911 2141
2120 2142
1913 2143
2133 2144
2086 2145
2143 2146
2127 2147
2129 2148
1767 2149
1979 2150
1966 2151
1768 2152
2146 2153
1975 2154
2116 2155
2103 2156
2119 2157
2051 2158
2012 2159
1841 2160
1971 2161
1813 2162
2063 2163
2131 2164
1709 2165
2141 2166
1989 2167
2135 2168
2163 2169
2149 2170
1614 2171
1714 2172
1918 2173
2106 2174
2089 2175
2161 2176
2158 2177
2025 2178
1972 2179
2091 2180
2083 2181
2179 2182
2108 2183
2166 2184
1869 2185
2172 2186
2114 2187
1926 2188
2159 2189
1940 2190
1939 2191
2178 2192
2107 2193
2055 2194
2189 2195
2075 2196
2168 2197
1966 2198
2118 2199
2145 2200
2170 2201
1963 2202
1884 2203
2090 2204
1593 2205
2183 2206
2074 2207
1933 2208
2137 2209
2150 2210
2165 2211
1949 2212
2206 2213
1928 2214
2045 2215
2196 2216
1943 2217
1887 2218
2121 2219
2207 2220
1739 2221
2019 2222
1731 2223
2153 2224
2221 2225
1997 2226
2203 2227
2184 2228
2115 2229
1973 2230
1944 2231
2173 2232
2058 2233
2223 2234
2060 2235
2194 2236
1638 2237
2014 2238
2138 2239
2136 2240
2087 2241
2214 2242
2198 2243
2201 2244
2018 2245
1710 2246
2071 2247
2232 2248
2158 2249
2222 2250
2240 2251
1804 2252
2211 2253
2225 2254
2230 2255
2168 2256
2122 2257
1990 2258
2228 2259
2130 2260
2175 2261
2095 2262
2239 2263
2200 2264
2094 2265
2241 2266
2208 2267
2156 2268
1853 2269
2242 2270
2236 2271
1953 2272
1836 2273
2188 2274
2252 2275
2182 2276
2231 2277
2259 2278
2197 2279
2260 2280
2011 2281
2273 2282
2267 2283
2105 2284
2074 2285
2162 2286
1965 2287
2067 2288
2176 2289
2097 2290
2289 2291
1960 2292
2041 2293
2193 2294
1964 2295
2040 2296
2267 2297
2246 2298
2099 2299
2044 2300
2142 2301
1970 2302
2079 2303
2253 2304
1835 2305
2102 2306
2226 2307
2210 2308
2301 2309
1876 2310
2220 2311
1778 2312
2251 2313
1914 2314
2304 2315
2291 2316
2003 2317
1903 2318
2129 2319
1943 2320
2281 2321
1956 2322
2186 2323
2032 2324
2227 2325
2006 2326
2069 2327
2274 2328
2123 2329
2268 2330
2167 2331
1882 2332
1842 2333
2212 2334
2092 2335
2164 2336
2276 2337
2007 2338
2312 2339
2171 2340
2110 2341
2297 2342
2243 2343
2200 2344
2295 2345
2155 2346
2249 2347
2331 2348
2324 2349
2315 2350
2314 2351
2262 2352
2328 2353
2217 2354
2321 2355
2215 2356
1785 2357
2298 2358
2050 2359
1678 2360
2328 2361
2148 2362
2234 2363
2318 2364
2004 2365
2338 2366
2134 2367
1826 2368
2307 2369
2213 2370
2264 2371
2109 2372
2255 2373
1982 2374
2191 2375
2093 2376
2275 2377
2376 2378
2294 2379
2287 2380
2379 2381
2375 2382
2361 2383
1851 2384
2352 2385
2235 2386
1968 2387
2371 2388
2325 2389
2285 2390
2154 2391
2356 2392
2169 2393
2144 2394
2284 2395
2345 2396
2265 2397
2303 2398
2344 2399
2181 2400
1625 2401
2213 2402
2199 2403
2395 2404
2360 2405
2191 2406
2332 2407
2244 2408
2245 2409
2367 2410
2190 2411
2396 2412
2381 2413
2062 2414
2258 2415
2224 2416
2380 2417
2054 2418
2330 2419
2278 2420
2368 2421
2405 2422
2309 2423
2319 2424
2407 2425
1923 2426
2408 2427
2348 2428
2313 2429
2233 2430
2347 2431
2420 2432
2373 2433
2035 2434
1962 2435
2402 2436
2425 2437
2404 2438
2392 2439
2229 2440
2147 2441
2317 2442
2400 2443
2437 2444
2277 2445
2365 2446
2098 2447
2424 2448
2434 2449
1920 2450
2355 2451
2403 2452
2416 2453
2299 2454
1994 2455
2022 2456
2343 2457
2353 2458
2449 2459
2349 2460
2451 2461
2288 2462
2405 2463
2455 2464
2366 2465
2340 2466
2101 2467
2311 2468
2320 2469
2202 2470
2266 2471
2446 2472
1907 2473
2460 2474
2305 2475
2357 2476
2218 2477
2467 2478
2279 2479
2470 2480
2261 2481
2404 2482
2389 2483
2426 2484
2435 2485
1893 2486
2370 2487
1735 2488
2061 2489
2457 2490
2387 2491
1797 2492
2333 2493
2023 2494
2448 2495
2473 2496
2418 2497
2302 2498
2480 2499
2461 2500
2267 2501
2358 2502
2015 2503
2283 2504
2398 2505
2446 2506
1613 2507
2495 2508
1687 2509
2501 2510
2257 2511
2503 2512
2458 2513
2256 2514
2335 2515
2128 2516
2364 2517
2374 2518
2502 2519
2429 2520
2430 2521
2390 2522
2280 2523
2336 2524
1754 2525
2493 2526
2422 2527
1833 2528
2124 2529
2310 2530
2494 2531
2359 2532
2507 2533
2238 2534
2482 2535
2516 2536
1958 2537
2496 2538
2282 2539
2479 2540
2459 2541
2105 2542
1762 2543
2528 2544
2205 2545
2529 2546
2411 2547
2385 2548
2157 2549
2516 2550
1684 2551
2414 2552
2542 2553
2394 2554
2509 2555
2530 2556
2541 2557
2401 2558
2272 2559
2514 2560
2151 2561
2546 2562
2397 2563
2423 2564
2185 2565
2412 2566
2439 2567
2174 2568
2462 2569
2450 2570
2219 2571
2489 2572
2434 2573
2570 2574
2428 2575
2517 2576
2480 2577
2334 2578
2419 2579
2308 2580
2425 2581
2187 2582
1895 2583
2037 2584
2248 2585
2406 2586
2583 2587
2532 2588
2306 2589
2557 2590
2152 2591
2548 2592
2553 2593
2547 2594
2383 2595
2559 2596
2488 2597
1866 2598
2440 2599
2578 2600
2482 2601
2373 2602
2125 2603
2342 2604
2431 2605
2604 2606
2389 2607
2513 2608
2427 2609
2519 2610
2346 2611
2512 2612
2453 2613
2497 2614
2608 2615
2539 2616
2571 2617
2498 2618
2433 2619
2540 2620
2587 2621
1936 2622
2409 2623
2620 2624
2614 2625
2597 2626
2573 2627
2474 2628
2612 2629
2521 2630
2562 2631
2538 2632
2518 2633
2263 2634
2588 2635
2616 2636
2269 2637
2531 2638
2560 2639
2254 2640
2596 2641
2611 2642
2572 2643
2438 2644
2478 2645
2567 2646
2586 2647
1607 2648
2593 2649
2288 2650
2270 2651
2007 2652
2563 2653
2549 2654
2544 2655
2582 2656
2339 2657
2632 2658
2528 2659
2607 2660
2274 2661
2481 2662
1999 2663
2643 2664
2537 2665
2615 2666
2468 2667
2469 2668
2177 2669
2642 2670
2619 2671
2415 2672
2354 2673
2568 2674
2442 2675
2597 2676
2139 2677
2655 2678
2204 2679
2195 2680
2113 2681
2465 2682
2271 2683
2653 2684
2636 2685
2104 2686
2555 2687
2600 2688
2623 2689
2490 2690
2432 2691
2633 2692
2684 2693
2660 2694
2027 2695
2641 2696
2323 2697
2580 2698
2031 2699
2666 2700
2650 2701
2654 2702
2561 2703
1834 2704
2631 2705
2452 2706
2456 2707
2536 2708
1969 2709
2688 2710
2655 2711
2627 2712
2034 2713
2709 2714
2161 2715
2707 2716
2601 2717
2612 2718
2492 2719
2515 2720
2393 2721
2391 2722
2715 2723
2382 2724
2523 2725
2589 2726
2522 2727
2250 2728
2719 2729
2672 2730
2681 2731
2433 2732
2617 2733
2714 2734
2629 2735
2484 2736
2344 2737
1819 2738
2372 2739
2377 2740
2296 2741
2647 2742
2527 2743
2721 2744
2679 2745
2556 2746
2662 2747
2475 2748
2705 2749
1832 2750
2740 2751
2410 2752
2619 2753
2384 2754
2649 2755
2594 2756
2737 2757
2683 2758
2421 2759
2292 2760
2140 2761
2750 2762
2658 2763
2687 2764
2645 2765
2734 2766
2564 2767
2543 2768
2499 2769
2584 2770
2578 2771
2574 2772
2626 2773
2764 2774
2716 2775
2762 2776
2504 2777
2703 2778
2671 2779
2769 2780
2624 2781
2577 2782
2565 2783
2758 2784
2675 2785
2699 2786
2686 2787
2351 2788
2720 2789
2757 2790
2789 2791
2388 2792
2661 2793
2773 2794
2286 2795
2774 2796
2554 2797
2599 2798
2575 2799
2759 2800
2797 2801
2793 2802
2447 2803
1608 2804
2386 2805
2327 2806
2752 2807
2746 2808
2799 2809
2486 2810
2500 2811
2788 2812
2552 2813
2776 2814
2621 2815
2673 2816
2778 2817
2733 2818
2021 2819
2725 2820
2816 2821
2525 2822
2820 2823
2780 2824
2739 2825
2783 2826
2761 2827
2630 2828
2784 2829
2783 2830
2812 2831
2663 2832
2738 2833
2786 2834
2753 2835
2732 2836
2664 2837
2293 2838
2728 2839
2835 2840
2634 2841
2610 2842
2526 2843
2802 2844
2413 2845
2744 2846
2538 2847
2741 2848
2829 2849
2818 2850
2831 2851
2209 2852
2476 2853
2139 2854
2810 2855
2494 2856
2817 2857
2828 2858
2851 2859
2803 2860
2659 2861
2454 2862
1095 2863
2742 2864
2771 2865
2676 2866
2840 2867
2534 2868
2791 2869
2599 2870
2550 2871
2602 2872
1717 2873
2652 2874
2628 2875
2813 2876
2768 2877
2713 2878
2770 2879
2702 2880
2369 2881
2860 2882
2877 2883
2471 2884
2697 2885
2700 2886
2835 2887
2760 2888
2487 2889
2667 2890
2824 2891
2670 2892
2569 2893
2648 2894
2485 2895
1671 2896
2779 2897
2247 2898
2186 2899
2646 2900
2638 2901
2890 2902
2613 2903
2660 2904
2735 2905
2861 2906
2684 2907
1873 2908
2843 2909
2680 2910
2665 2911
2864 2912
2443 2913
2834 2914
2701 2915
2657 2916
2755 2917
2464 2918
2904 2919
2787 2920
2825 2921
2917 2922
2866 2923
2511 2924
2897 2925
2806 2926
2778 2927
2886 2928
2729 2929
2651 2930
2896 2931
2624 2932
2337 2933
2237 2934
2926 2935
2827 2936
2874 2937
2625 2938
2718 2939
2533 2940
2807 2941
2922 2942
2717 2943
2583 2944
2506 2945
2839 2946
2723 2947
2856 2948
2656 2949
2436 2950
2909 2951
2494 2952
2826 2953
2378 2954
2080 2955
2849 2956
2814 2957
2525 2958
2808 2959
2800 2960
2801 2961
2609 2962
2940 2963
2754 2964
2316 2965
2704 2966
2592 2967
2698 2968
2464 2969
2796 2970
2483 2971
2888 2972
2566 2973
2876 2974
2782 2975
2445 2976
2775 2977
2819 2978
2545 2979
2694 2980
2786 2981
2417 2982
2925 2983
2773 2984
2782 2985
2606 2986
2936 2987
2466 2988
2425 2989
2520 2990
2341 2991
2829 2992
2882 2993
2699 2994
2992 2995
2884 2996
2964 2997
2579 2998
2913 2999
2986 3000
2989 3001
2857 3002
2983 3003
2975 3004
2892 3005
2949 3006
2637 3007
2825 3008
2477 3009
2875 3010
2535 3011
2846 3012
2959 3013
3011 3014
2990 3015
2837 3016
2980 3017
2976 3018
2491 3019
2781 3020
2932 3021
2907 3022
2792 3023
2833 3024
2822 3025
2883 3026
2510 3027
2726 3028
2999 3029
2841 3030
2987 3031
2994 3032
3028 3033
2924 3034
2722 3035
2290 3036
2879 3037
3036 3038
2754 3039
2612 3040
2960 3041
2576 3042
2730 3043
2674 3044
2850 3045
2743 3046
2639 3047
2383 3048
3047 3049
3029 3050
2961 3051
3006 3052
2894 3053
2444 3054
2839 3055
3021 3056
2731 3057
2928 3058
3048 3059
3057 3060
2300 3061
2350 3062
3034 3063
2621 3064
2962 3065
2981 3066
2898 3067
2854 3068
2682 3069
3040 3070
2918 3071
2821 3072
2804 3073
3013 3074
1984 3075
2967 3076
2708 3077
2914 3078
3015 3079
3078 3080
3039 3081
2931 3082
2747 3083
2691 3084
2946 3085
2943 3086
2958 3087
3043 3088
3087 3089
2939 3090
2954 3091
2941 3092
3023 3093
3000 3094
2669 3095
2963 3096
2676 3097
1662 3098
2823 3099
2984 3100
3042 3101
2945 3102
2865 3103
2668 3104
3003 3105
2048 3106
3027 3107
2906 3108
3065 3109
3066 3110
2802 3111
2937 3112
3096 3113
2603 3114
2902 3115
2919 3116
2524 3117
3108 3118
3009 3119
2951 3120
2912 3121
3035 3122
2993 3123
2749 3124
2893 3125
3083 3126
3092 3127
2595 3128
3104 3129
3064 3130
2887 3131
2923 3132
3089 3133
3031 3134
2635 3135
3114 3136
2878 3137
2997 3138
2756 3139
2862 3140
2329 3141
3098 3142
2895 3143
2042 3144
3070 3145
3107 3146
2952 3147
3127 3148
2880 3149
2873 3150
3033 3151
2807 3152
2765 3153
2910 3154
2727 3155
2935 3156
3145 3157
3111 3158
3133 3159
2965 3160
2927 3161
3151 3162
2938 3163
3135 3164
2622 3165
2689 3166
2798 3167
2996 3168
2794 3169
2711 3170
3144 3171
2915 3172
3119 3173
3130 3174
3129 3175
3109 3176
2979 3177
2712 3178
3022 3179
3137 3180
2982 3181
2748 3182
3167 3183
2942 3184
2787 3185
3146 3186
3085 3187
3020 3188
2605 3189
2322 3190
2441 3191
3026 3192
2399 3193
3038 3194
3095 3195
3166 3196
3195 3197
2950 3198
2921 3199
3055 3200
3158 3201
3181 3202
2988 3203
3079 3204
2916 3205
3162 3206
3056 3207
3080 3208
3061 3209
3188 3210
2747 3211
3204 3212
3185 3213
3115 3214
3088 3215
3157 3216
3024 3217
3062 3218
3037 3219
3156 3220
3214 3221
3089 3222
3054 3223
2693 3224
3221 3225
3132 3226
2671 3227
3152 3228
3207 3229
3025 3230
3102 3231
3106 3232
3019 3233
3147 3234
3067 3235
3225 3236
3077 3237
2973 3238
3201 3239
3041 3240
3168 3241
2998 3242
3069 3243
2160 3244
2930 3245
3001 3246
3068 3247
2598 3248
3191 3249
3242 3250
3093 3251
2913 3252
3099 3253
3178 3254
2326 3255
2695 3256
3236 3257
2180 3258
3118 3259
3246 3260
3200 3261
2934 3262
2844 3263
3050 3264
3016 3265
3105 3266
3223 3267
2881 3268
2751 3269
3183 3270
2700 3271
2858 3272
2853 3273
2885 3274
3112 3275
2811 3276
3165 3277
3140 3278
2969 3279
3141 3280
2955 3281
3170 3282
2903 3283
2900 3284
3155 3285
3073 3286
3179 3287
3103 3288
3045 3289
2869 3290
2790 3291
3192 3292
2766 3293
3206 3294
3291 3295
3290 3296
2891 3297
2848 3298
3184 3299
3012 3300
2685 3301
3279 3302
3121 3303
3216 3304
2763 3305
2590 3306
3196 3307
3136 3308
3237 3309
3275 3310
3017 3311
2745 3312
3004 3313
3163 3314
3100 3315
3305 3316
3274 3317
2464 3318
3235 3319
3138 3320
3032 3321
3303 3322
2809 3323
3295 3324
2640 3325
3324 3326
2957 3327
3217 3328
3148 3329
3286 3330
2363 3331
2933 3332
3217 3333
3282 3334
3174 3335
3239 3336
3231 3337
3160 3338
3281 3339
3117 3340
3240 3341
3247 3342
3187 3343
3219 3344
3332 3345
3091 3346
3283 3347
3172 3348
2591 3349
3347 3350
3256 3351
2871 3352
3226 3353
3046 3354
2995 3355
3302 3356
3154 3357
3260 3358
3357 3359
2795 3360
3120 3361
3261 3362
2971 3363
2677 3364
2867 3365
3238 3366
3044 3367
2672 3368
2956 3369
3314 3370
3284 3371
3125 3372
3293 3373
3309 3374
3007 3375
3346 3376
2838 3377
2972 3378
3300 3379
3111 3380
3358 3381
3320 3382
3213 3383
3153 3384
3228 3385
3382 3386
3338 3387
3297 3388
3345 3389
3276 3390
3268 3391
3248 3392
2362 3393
3308 3394
3347 3395
3336 3396
2808 3397
3255 3398
3134 3399
3249 3400
3317 3401
2785 3402
3076 3403
3277 3404
3090 3405
3303 3406
3296 3407
3385 3408
3397 3409
3248 3410
3408 3411
2871 3412
3208 3413
3251 3414
3081 3415
3220 3416
3203 3417
3005 3418
3384 3419
3327 3420
3010 3421
3251 3422
2964 3423
3241 3424
3323 3425
3392 3426
3322 3427
2863 3428
3197 3429
3049 3430
3126 3431
3333 3432
3265 3433
3071 3434
3333 3435
3321 3436
3371 3437
3359 3438
3411 3439
3404 3440
3374 3441
3304 3442
3116 3443
3273 3444
3391 3445
3063 3446
3110 3447
3440 3448
2929 3449
3002 3450
3171 3451
3052 3452
2895 3453
3224 3454
3431 3455
3376 3456
3350 3457
3252 3458
3335 3459
3227 3460
3351 3461
2920 3462
2905 3463
3368 3464
3412 3465
3259 3466
3405 3467
2736 3468
3209 3469
3407 3470
2192 3471
3264 3472
3395 3473
3328 3474
2772 3475
3406 3476
3328 3477
3409 3478
3364 3479
3082 3480
3176 3481
3442 3482
3094 3483
3215 3484
3425 3485
3378 3486
3453 3487
3420 3488
3475 3489
3367 3490
3488 3491
3380 3492
3143 3493
3491 3494
3316 3495
3080 3496
3253 3497
3348 3498
2463 3499
2216 3500
3383 3501
3072 3502
3472 3503
3354 3504
3101 3505
3501 3506
3470 3507
3169 3508
2744 3509
3337 3510
3493 3511
3396 3512
3414 3513
3418 3514
3196 3515
3450 3516
3390 3517
3245 3518
2710 3519
2805 3520
3177 3521
3097 3522
3480 3523
3393 3524
3234 3525
3142 3526
3287 3527
3435 3528
3520 3529
3343 3530
3507 3531
3355 3532
3510 3533
3490 3534
2968 3535
3292 3536
3478 3537
3180 3538
3498 3539
3061 3540
2472 3541
3527 3542
2836 3543
3189 3544
3502 3545
3423 3546
3399 3547
3084 3548
3462 3549
3544 3550
3306 3551
3413 3552
3199 3553
3194 3554
3387 3555
3537 3556
3278 3557
3422 3558
3532 3559
3375 3560
2436 3561
3342 3562
3437 3563
3476 3564
3030 3565
3469 3566
3301 3567
2991 3568
2855 3569
3550 3570
3402 3571
3497 3572
3401 3573
3556 3574
3438 3575
3513 3576
2724 3577
2696 3578
3565 3579
3571 3580
3478 3581
3573 3582
3429 3583
3513 3584
3441 3585
3456 3586
3398 3587
3578 3588
3439 3589
3495 3590
2977 3591
3554 3592
3122 3593
3481 3594
2911 3595
2832 3596
2997 3597
3370 3598
3587 3599
3474 3600
3451 3601
3424 3602
3434 3603
3419 3604
3432 3605
3537 3606
2950 3607
3560 3608
2868 3609
3058 3610
3466 3611
3452 3612
2310 3613
3558 3614
3366 3615
3572 3616
3508 3617
3575 3618
3598 3619
3318 3620
3219 3621
3313 3622
2678 3623
3352 3624
3288 3625
2985 3626
3503 3627
3619 3628
2036 3629
3400 3630
3310 3631
3539 3632
3229 3633
3389 3634
3594 3635
3381 3636
3586 3637
3566 3638
3360 3639
3218 3640
2558 3641
3627 3642
3533 3643
3463 3644
3534 3645
3377 3646
3535 3647
2951 3648
3421 3649
3232 3650
3193 3651
3535 3652
3515 3653
3592 3654
2585 3655
3516 3656
3569 3657
3182 3658
3410 3659
3567 3660
3211 3661
3509 3662
3652 3663
3244 3664
3623 3665
3447 3666
3655 3667
3150 3668
3373 3669
3272 3670
3443 3671
3369 3672
3074 3673
3243 3674
3521 3675
3519 3676
2908 3677
3321 3678
2505 3679
3386 3680
3518 3681
3353 3682
3328 3683
3645 3684
3558 3685
3672 3686
3580 3687
3271 3688
3683 3689
3661 3690
3540 3691
2889 3692
3639 3693
3681 3694
3689 3695
3448 3696
3615 3697
3460 3698
3189 3699
3574 3700
3454 3701
3445 3702
3608 3703
3703 3704
3059 3705
2508 3706
3186 3707
3547 3708
3676 3709
3542 3710
1902 3711
3668 3712
3629 3713
3681 3714
3633 3715
3634 3716
3289 3717
3468 3718
3530 3719
2842 3720
3319 3721
3680 3722
3190 3723
3473 3724
3379 3725
3653 3726
2953 3727
3269 3728
3693 3729
3642 3730
3658 3731
3720 3732
3315 3733
3512 3734
3733 3735
3212 3736
3644 3737
2690 3738
3719 3739
2618 3740
3643 3741
3604 3742
3299 3743
3352 3744
3113 3745
3199 3746
3159 3747
3457 3748
3492 3749
3317 3750
3679 3751
3365 3752
3372 3753
2339 3754
3325 3755
3738 3756
3635 3757
3640 3758
3584 3759
3483 3760
3716 3761
3717 3762
3691 3763
3311 3764
3660 3765
3285 3766
3752 3767
3593 3768
3222 3769
3441 3770
3710 3771
3075 3772
3631 3773
3713 3774
2845 3775
3461 3776
3312 3777
3552 3778
2948 3779
3487 3780
3356 3781
3662 3782
3591 3783
3721 3784
3008 3785
3613 3786
3014 3787
3698 3788
3361 3789
2815 3790
3657 3791
3780 3792
3538 3793
3687 3794
3403 3795
3522 3796
2974 3797
3551 3798
3704 3799
3696 3800
3646 3801
3744 3802
3531 3803
3726 3804
3714 3805
3768 3806
3402 3807
3417 3808
3657 3809
3355 3810
3659 3811
3577 3812
3745 3813
3664 3814
3449 3815
3625 3816
3415 3817
3732 3818
3818 3819
3341 3820
3609 3821
2944 3822
3164 3823
2767 3824
3210 3825
3620 3826
3630 3827
3161 3828
2859 3829
3568 3830
3340 3831
3528 3832
3811 3833
3458 3834
3563 3835
3650 3836
3718 3837
3782 3838
3802 3839
3663 3840
3764 3841
3641 3842
3755 3843
3670 3844
3814 3845
3529 3846
3723 3847
3334 3848
3825 3849
3711 3850
3801 3851
3775 3852
3555 3853
3815 3854
3250 3855
3500 3856
3606 3857
3791 3858
3624 3859
3674 3860
3326 3861
3596 3862
3546 3863
3778 3864
3735 3865
3564 3866
3496 3867
3344 3868
3205 3869
3523 3870
3740 3871
3235 3872
3684 3873
3667 3874
3688 3875
3636 3876
3294 3877
3557 3878
3626 3879
3486 3880
3263 3881
3744 3882
3750 3883
3686 3884
3843 3885
3675 3886
3747 3887
3115 3888
3882 3889
3617 3890
3505 3891
3715 3892
2777 3893
3514 3894
3849 3895
3879 3896
3874 3897
3528 3898
3839 3899
3504 3900
3455 3901
3752 3902
3517 3903
3858 3904
3053 3905
3779 3906
3426 3907
2899 3908
3819 3909
3610 3910
3866 3911
3872 3912
3787 3913
3748 3914
3854 3915
3821 3916
2978 3917
3446 3918
3829 3919
3912 3920
3430 3921
3861 3922
3896 3923
3656 3924
3706 3925
3857 3926
3638 3927
3869 3928
3709 3929
3899 3930
3756 3931
3847 3932
3597 3933
3763 3934
3259 3935
3549 3936
3685 3937
3848 3938
2872 3939
3506 3940
3855 3941
3799 3942
3648 3943
3812 3944
3656 3945
3864 3946
3902 3947
3298 3948
3607 3949
3881 3950
3850 3951
3484 3952
3483 3953
3919 3954
3826 3955
3926 3956
2947 3957
3649 3958
3870 3959
3891 3960
3233 3961
3844 3962
3936 3963
3632 3964
2847 3965
3808 3966
3840 3967
2870 3968
3968 3969
3832 3970
3543 3971
3464 3972
3561 3973
3614 3974
3959 3975
3593 3976
3885 3977
3599 3978
3612 3979
3875 3980
3485 3981
3769 3982
3489 3983
3601 3984
3954 3985
3952 3986
3375 3987
3427 3988
3888 3989
3937 3990
3911 3991
3636 3992
3254 3993
3541 3994
3895 3995
3266 3996
3893 3997
3773 3998
3695 3999
3859 4000
3961 4001
3970 4002
3485 4003
3845 4004
3545 4005
4003 4006
3585 4007
3765 4008
3330 4009
3838 4010
3831 4011
3525 4012
3329 4013
3913 4014
3947 4015
3927 4016
3943 4017
3813 4018
3953 4019
3618 4020
3945 4021
2644 4022
3736 4023
3982 4024
3988 4025
3702 4026
3809 4027
3981 4028
3588 4029
3889 4030
4026 4031
4014 4032
3468 4033
3840 4034
3863 4035
3990 4036
3459 4037
3712 4038
3933 4039
4035 4040
3851 4041
3955 4042
4029 4043
3958 4044
3471 4045
4015 4046
3836 4047
3834 4048
4021 4049
3905 4050
3757 4051
3993 4052
3707 4053
3841 4054
3790 4055
3916 4056
4010 4057
3906 4058
3867 4059
3783 4060
3924 4061
3131 4062
3722 4063
3931 4064
3827 4065
4042 4066
3433 4067
3762 4068
3975 4069
4064 4070
3996 4071
3600 4072
4002 4073
3476 4074
3950 4075
3822 4076
4001 4077
3761 4078
4045 4079
3603 4080
3553 4081
3921 4082
3654 4083
4048 4084
3198 4085
3784 4086
3559 4087
3929 4088
3941 4089
3125 4090
3187 4091
3810 4092
4078 4093
4005 4094
4013 4095
4024 4096
3883 4097
3993 4098
4014 4099
3713 4100
3827 4101
4074 4102
4039 4103
3800 4104
3759 4105
3751 4106
3833 4107
4033 4108
4105 4109
3940 4110
3743 4111
4104 4112
3637 4113
3701 4114
3479 4115
3897 4116
4055 4117
4087 4118
4047 4119
4106 4120
3758 4121
3816 4122
3736 4123
3939 4124
4018 4125
3705 4126
4089 4127
4111 4128
3590 4129
3796 4130
3798 4131
4009 4132
4053 4133
3900 4134
3852 4135
3583 4136
3428 4137
4008 4138
3884 4139
4094 4140
4080 4141
3741 4142
3524 4143
4038 4144
3979 4145
4040 4146
3991 4147
3980 4148
3944 4149
4109 4150
3602 4151
3898 4152
4017 4153
3932 4154
3824 4155
4066 4156
4034 4157
4140 4158
3697 4159
4110 4160
3835 4161
3918 4162
3595 4163
3965 4164
3363 4165
3772 4166
4096 4167
3951 4168
4020 4169
3946 4170
3905 4171
4166 4172
4157 4173
3938 4174
3907 4175
3139 4176
4115 4177
4160 4178
2551 4179
3989 4180
3804 4181
3928 4182
2581 4183
4103 4184
4171 4185
3368 4186
3167 4187
4184 4188
4036 4189
4132 4190
3806 4191
3788 4192
4019 4193
4087 4194
4084 4195
3992 4196
3949 4197
3416 4198
3998 4199
3971 4200
4046 4201
3742 4202
3781 4203
3394 4204
4100 4205
3331 4206
3678 4207
3576 4208
4152 4209
3776 4210
3673 4211
4112 4212
4029 4213
4158 4214
4145 4215
4037 4216
3914 4217
4108 4218
3873 4219
3770 4220
4168 4221
3803 4222
3262 4223
3866 4224
4123 4225
4150 4226
3930 4227
3987 4228
3651 4229
4144 4230
3467 4231
3616 4232
3760 4233
4210 4234
4083 4235
4187 4236
4082 4237
3951 4238
4180 4239
3605 4240
3994 4241
4165 4242
4175 4243
4226 4244
4204 4245
3973 4246
3671 4247
3511 4248
3230 4249
4163 4250
2852 4251
4073 4252
3820 4253
3430 4254
3798 4255
4243 4256
4183 4257
4251 4258
4093 4259
4240 4260
3977 4261
4012 4262
4132 4263
3771 4264
3960 4265
4125 4266
4044 4267
4142 4268
4070 4269
4267 4270
4006 4271
4205 4272
3865 4273
3887 4274
3886 4275
3885 4276
4136 4277
3854 4278
3499 4279
4026 4280
3339 4281
3123 4282
4273 4283
4174 4284
3922 4285
4177 4286
3917 4287
4216 4288
4241 4289
3986 4290
3877 4291
4124 4292
3621 4293
3956 4294
4156 4295
3838 4296
4288 4297
4212 4298
4081 4299
3477 4300
3876 4301
4058 4302
4203 4303
4057 4304
3908 4305
4137 4306
3948 4307
4154 4308
4063 4309
4102 4310
3981 4311
4247 4312
3837 4313
4280 4314
3985 4315
4027 4316
4219 4317
3967 4318
3853 4319
4067 4320
4225 4321
3589 4322
2970 4323
3666 4324
4197 4325
4212 4326
4130 4327
4118 4328
3734 4329
3868 4330
4138 4331
4185 4332
3878 4333
4269 4334
4218 4335
3647 4336
3060 4337
3984 4338
3754 4339
4092 4340
4229 4341
4153 4342
4072 4343
3124 4344
4144 4345
4016 4346
4191 4347
4172 4348
3823 4349
4119 4350
4214 4351
3974 4352
4099 4353
4217 4354
4195 4355
4026 4356
2901 4357
4246 4358
4120 4359
3307 4360
3969 4361
4258 4362
4148 4363
4032 4364
4128 4365
3173 4366
3609 4367
4341 4368
4314 4369
4287 4370
4188 4371
3794 4372
4299 4373
3894 4374
4318 4375
4298 4376
4193 4377
4222 4378
3362 4379
3363 4380
4301 4381
3727 4382
3086 4383
4325 4384
4080 4385
4364 4386
3925 4387
4117 4388
3665 4389
3962 4390
4309 4391
4373 4392
4209 4393
4270 4394
4390 4395
4079 4396
4211 4397
3725 4398
3677 4399
4263 4400
4260 4401
4304 4402
4317 4403
4365 4404
4194 4405
4363 4406
4266 4407
3388 4408
4334 4409
4235 4410
4199 4411
3482 4412
3966 4413
4095 4414
4407 4415
4368 4416
3909 4417
4297 4418
4256 4419
3753 4420
4413 4421
4339 4422
4050 4423
4221 4424
4392 4425
4367 4426
4369 4427
4138 4428
4126 4429
4320 4430
4403 4431
3817 4432
4198 4433
4282 4434
4420 4435
4303 4436
4331 4437
3113 4438
4065 4439
4208 4440
4409 4441
3786 4442
3963 4443
3846 4444
4164 4445
4296 4446
4255 4447
4088 4448
4312 4449
4429 4450
4336 4451
4326 4452
4265 4453
4146 4454
3789 4455
4289 4456
4031 4457
3669 4458
3349 4459
4255 4460
4453 4461
4401 4462
4028 4463
3923 4464
3611 4465
3280 4466
4307 4467
4098 4468
4388 4469
4372 4470
4101 4471
3682 4472
4178 4473
3622 4474
4132 4475
4404 4476
4054 4477
3797 4478
4316 4479
3465 4480
4249 4481
4173 4482
4237 4483
4155 4484
4387 4485
4077 4486
3264 4487
3842 4488
4470 4489
3692 4490
4436 4491
2830 4492
4345 4493
4407 4494
4107 4495
4261 4496
4147 4497
3852 4498
3934 4499
4069 4500
4456 4501
4500 4502
3444 4503
4251 4504
4466 4505
3985 4506
4141 4507
3915 4508
4257 4509
3257 4510
4052 4511
4423 4512
4467 4513
4340 4514
4430 4515
4460 4516
4049 4517
4447 4518
4479 4519
4028 4520
4343 4521
4477 4522
3805 4523
4228 4524
4451 4525
4384 4526
4461 4527
4431 4528
4508 4529
4159 4530
4396 4531
3729 4532
4422 4533
4499 4534
4122 4535
4259 4536
4469 4537
3733 4538
4490 4539
4375 4540
4200 4541
4482 4542
4536 4543
4389 4544
4263 4545
4245 4546
4406 4547
4522 4548
4268 4549
4528 4550
3903 4551
4433 4552
4354 4553
4162 4554
4380 4555
3731 4556
4455 4557
3128 4558
4506 4559
4295 4560
4322 4561
4330 4562
3570 4563
4332 4564
4025 4565
3275 4566
4497 4567
4043 4568
4362 4569
4329 4570
4486 4571
3995 4572
4554 4573
4454 4574
3708 4575
4284 4576
3699 4577
4217 4578
4135 4579
2692 4580
3871 4581
4565 4582
4277 4583
4138 4584
3902 4585
4310 4586
4181 4587
4529 4588
3785 4589
4553 4590
3246 4591
4424 4592
4416 4593
4540 4594
4573 4595
4593 4596
4489 4597
3579 4598
4557 4599
4517 4600
4207 4601
4525 4602
4011 4603
4213 4604
3828 4605
4532 4606
3933 4607
4370 4608
4513 4609
4292 4610
4445 4611
3258 4612
4366 4613
4438 4614
4599 4615
3582 4616
4471 4617
4598 4618
4170 4619
4539 4620
4558 4621
4566 4622
4568 4623
4068 4624
4400 4625
4086 4626
4355 4627
4492 4628
4346 4629
3957 4630
3983 4631
4393 4632
4022 4633
3892 4634
4342 4635
4512 4636
4632 4637
4360 4638
4607 4639
3807 4640
3581 4641
4616 4642
4528 4643
4612 4644
4397 4645
4279 4646
3730 4647
4552 4648
4641 4649
3792 4650
4571 4651
4581 4652
4452 4653
4636 4654
4051 4655
4359 4656
4306 4657
3860 4658
4348 4659
4252 4660
4220 4661
4590 4662
4630 4663
4427 4664
4371 4665
4075 4666
3766 4667
4449 4668
3149 4669
3270 4670
3862 4671
4484 4672
4669 4673
4446 4674
4091 4675
4194 4676
4356 4677
4353 4678
4293 4679
4662 4680
4398 4681
4432 4682
4190 4683
4468 4684
3972 4685
4275 4686
4673 4687
4071 4688
4408 4689
4417 4690
3536 4691
4215 4692
3999 4693
4625 4694
4459 4695
4162 4696
3681 4697
4009 4698
4631 4699
3051 4700
4697 4701
4169 4702
4575 4703
4097 4704
4114 4705
4418 4706
4561 4707
4611 4708
4614 4709
3749 4710
4427 4711
4463 4712
4192 4713
3893 4714
4004 4715
4414 4716
4634 4717
3910 4718
4059 4719
4624 4720
4133 4721
4653 4722
3830 4723
3976 4724
3939 4725
4305 4726
3267 4727
4692 4728
3694 4729
4608 4730
4549 4731
4617 4732
4515 4733
4281 4734
3548 4735
4287 4736
4435 4737
4555 4738
4698 4739
3793 4740
4687 4741
4596 4742
4534 4743
4527 4744
4595 4745
4615 4746
4383 4747
4394 4748
4294 4749
4494 4750
4660 4751
4747 4752
4741 4753
4736 4754
4324 4755
4090 4756
4483 4757
4521 4758
4694 4759
4550 4760
4428 4761
4583 4762
4684 4763
3777 4764
4648 4765
4704 4766
4588 4767
4642 4768
4658 4769
4189 4770
4338 4771
4505 4772
4485 4773
4652 4774
3904 4775
4678 4776
4565 4777
4474 4778
4775 4779
4274 4780
4706 4781
4724 4782
4596 4783
4759 4784
4681 4785
4061 4786
4357 4787
4752 4788
4320 4789
4462 4790
4531 4791
4715 4792
4731 4793
4496 4794
4597 4795
4426 4796
4323 4797
4535 4798
4524 4799
4668 4800
4547 4801
4793 4802
4411 4803
4582 4804
3436 4805
4162 4806
4679 4807
4176 4808
4551 4809
3526 4810
4718 4811
4719 4812
3997 4813
4654 4814
4285 4815
4796 4816
4622 4817
4239 4818
4808 4819
4358 4820
4610 4821
4349 4822
4023 4823
4361 4824
4244 4825
4703 4826
4792 4827
4644 4828
4814 4829
4818 4830
4493 4831
4633 4832
4766 4833
4531 4834
4509 4835
4663 4836
4650 4837
4811 4838
4794 4839
4689 4840
4580 4841
4748 4842
4352 4843
4780 4844
4727 4845
4127 4846
4838 4847
4510 4848
4784 4849
3403 4850
4594 4851
4450 4852
4729 4853
4677 4854
3018 4855
4744 4856
4520 4857
4844 4858
4715 4859
4385 4860
4541 4861
4443 4862
4717 4863
4242 4864
4816 4865
4820 4866
4405 4867
4476 4868
4763 4869
4690 4870
4856 4871
4855 4872
4619 4873
4711 4874
4777 4875
4559 4876
4756 4877
4603 4878
4768 4879
4712 4880
4254 4881
4125 4882
4563 4883
4740 4884
4535 4885
4344 4886
4589 4887
3700 4888
4869 4889
4628 4890
4822 4891
4749 4892
4666 4893
4787 4894
4708 4895
4812 4896
4680 4897
4347 4898
4798 4899
4546 4900
4781 4901
4804 4902
4854 4903
4518 4904
4567 4905
3739 4906
4682 4907
4056 4908
4308 4909
4386 4910
4725 4911
4834 4912
4691 4913
4908 4914
4751 4915
4041 4916
4815 4917
4591 4918
4609 4919
4278 4920
4824 4921
4764 4922
4715 4923
4688 4924
4735 4925
4924 4926
4456 4927
3677 4928
4251 4929
4875 4930
4682 4931
4881 4932
4238 4933
4440 4934
4434 4935
4795 4936
4670 4937
4060 4938
4196 4939
4799 4940
4857 4941
4762 4942
4738 4943
4842 4944
4618 4945
4710 4946
4637 4947
3628 4948
4248 4949
4895 4950
4774 4951
4656 4952
4787 4953
4686 4954
4949 4955
4696 4956
4925 4957
4495 4958
4914 4959
4954 4960
3728 4961
3616 4962
4935 4963
3462 4964
4772 4965
4410 4966
4300 4967
4873 4968
4660 4969
4789 4970
4938 4971
4943 4972
3942 4973
4501 4974
4883 4975
4776 4976
4913 4977
4415 4978
4432 4979
4250 4980
4116 4981
4862 4982
4585 4983
4797 4984
4971 4985
4821 4986
4918 4987
4571 4988
3724 4989
4705 4990
4602 4991
4967 4992
4321 4993
4805 4994
4864 4995
4713 4996
4877 4997
4966 4998
4874 4999
4129 5000
0 0 0 0 0 0 0 0 0 0 0 0 0 0 0 0 0 0 0 0 0 0 0 0 0 0 0 0 0 0 0 0 0 0 0 0 0 0 0 0 0 0 0 0 0 0 0 0 0 0 0 0 0 0 0 0 0 0 0 0 0 0 0 0 0 0 0 0 0 0 0 0 0 0 0 0 0 0 0 0 0 0 0 0 0 0 0 0 0 0 0 0 0 0 0 0 0 0 0 0 0 0 0 0 0 0 0 0 0 0 0 0 0 0 0 0 0 0 0 0 0 0 0 0 0 0 0 0 0 0 0 0 0 0 0 0 0 0 0 0 0 0 0 0 0 0 0 0 0 0 0 0 0 0 0 0 0 0 0 0 0 0 0 0 0 0 0 0 0 0 0 0 0 0 0 0 0 0 0 0 0 0 0 0 0 0 0 0 0 0 0 0 0 0 0 0 0 0 0 0 0 0 0 0 0 0 0 0 0 0 0 0 0 0 0 0 0 0 0 0 0 0 0 0 0 0 0 0 0 0 0 0 0 0 0 0 0 0 0 0 0 0 0 0 0 0 0 0 0 0 0 0 0 0 0 0 0 0 0 0 0 0 0 0 0 0 0 0 0 0 0 0 0 0 0 0 0 0 0 0 0 0 0 0 0 0 0 0 0 0 0 0 0 0 0 0 0 0 0 0 0 0 0 0 0 0 0 0 0 0 0 0 0 0 0 0 0 0 0 0 0 0 0 0 0 0 0 0 0 0 0 0 0 0 0 0 0 0 0 0 0 0 0 0 0 0 0 0 0 0 0 0 0 0 0 0 0 0 0 0 0 0 0 0 0 0 0 0 0 0 0 0 0 0 0 0 0 0 0 0 0 0 0 0 0 0 0 0 0 0 0 0 0 0 0 0 0 0 0 0 0 0 0 0 0 0 0 0 0 0 0 0 0 0 0 0 0 0 0 0 0 0 0 0 0 0 0 0 0 0 0 0 0 0 0 0 0 0 0 0 0 0 0 0 0 0 0 0 0 0 0 0 0 0 0 0 0 0 0 0 0 0 0 0 0 0 0 0 0 0 0 0 0 0 0 0 0 0 0 0 0 0 0 0 0 0 0 0 0 0 0 0 0 0 0 0 0 0 0 0 0 0 0 0 0 0 0 0 0 0 0 0 0 0 0 0 0 0 0 0 0 0 0 0 0 0 0 0 0 0 0 0 0 0 0 0 0 0 0 0 0 0 0 0 0 0 0 0 0 0 0 0 0 0 0 0 0 0 0 0 0 0 0 0 0 0 0 0 0 0 0 0 0 0 0 0 0 0 0 0 0 0 0 0 0 0 0 0 0 0 0 0 0 0 0 0 0 0 0 0 0 0 0 0 0 0 0 0 0 0 0 0 0 0 0 0 0 0 0 0 0 0 0 0 0 0 0 0 0 0 0 0 0 0 0 0 0 0 0 0 0 0 0 0 0 0 0 0 0 0 0 0 0 0 0 0 0 0 0 0 0 0 0 0 0 0 0 0 0 0 0 0 0 0 0 0 0 0 0 0 0 0 0 0 0 0 0 0 0 0 0 0 0 0 0 0 0 0 0 0 0 0 0 0 0 0 0 0 0 0 0 0 0 0 0 0 0 0 0 0 0 0 0 0 0 0 0 0 0 0 0 0 0 0 0 0 0 0 0 0 0 0 0 0 0 0 0 0 0 0 0 0 0 0 0 0 0 0 0 0 0 0 0 0 0 0 0 0 0 0 0 0 0 0 0 0 0 0 0 0 0 0 0 0 0 0 0 0 0 0 0 0 0 0 0 0 0 0 0 0 0 0 0 0 0 0 0 0 0 0 0 0 0 0 0 0 0 0 0 0 0 0 0 0 0 0 0 0 0 0 0 0 0 0 0 0 0 0 0 0 0 0 0 0 0 0 0 0 0 0 0 0 0 0 0 0 0 0 0 0 0 0 0 0 0 0 0 0 0 0 0 0 0 0 0 0 0 0 0 0 0 0 0 0 0 0 0 0 0 0 0 0 0 0 0 0 0 0 0 0 0 0 0 0 0 0 0 0 0 0 0 0 0 0 0 0 0 0 0 0 0 0 0 0 0 0 0 0 0 0 0 0 0 0 0 0 0 0 0 0 0 0 0 0 0 0 0 0 0 0 0 0 0 0 0 0 0 0 0 0 0 0 0 0 0 0 0 0 0 0 0 0 0 0 0 0 0 0 0 0 0 0 0 0 0 0 0 0 0 0 0 0 0 0 0 0 0 0 0 0 0 0 0 0 0 0 0 0 0 0 0 0 0 0 0 0 0 0 0 0 0 0 0 0 0 0 0 0 0 0 0 0 0 0 0 0 0 0 0 0 0 0 0 0 0 0 0 0 0 0 0 0 0 0 0 0 0 0 0 0 0 0 0 0 0 0 0 0 0 0 0 0 0 0 0 0 0 0 0 0 0 0 0 0 0 0 0 0 0 0 0 0 0 0 0 0 0 0 0 0 0 0 0 0 0 0 0 0 0 0 0 0 0 0 0 0 0 0 0 0 0 0 0 0 0 0 0 0 0 0 0 0 0 0 0 0 0 0 0 0 0 0 0 0 0 0 0 0 0 0 0 0 0 0 0 0 0 0 0 0 0 0 0 0 0 0 0 0 0 0 0 0 0 0 0 0 0 0 0 0 0 0 0 0 0 0 0 0 0 0 0 0 0 0 0 0 0 0 0 0 0 0 0 0 0 0 0 0 0 0 0 0 0 0 0 0 0 0 0 0 0 0 0 0 0 0 0 0 0 0 0 0 0 0 0 0 0 0 0 0 0 0 0 0 0 0 0 0 0 0 0 0 0 0 0 0 0 0 0 0 0 0 0 0 0 0 0 0 0 0 0 0 0 0 0 0 0 0 0 0 0 0 0 0 0 0 0 0 0 0 0 0 0 0 0 0 0 0 0 0 0 0 0 0 0 0 0 0 0 0 0 0 0 0 0 0 0 0 0 0 0 0 0 0 0 0 0 0 0 0 0 0 0 0 0 0 0 0 0 0 0 0 0 0 0 0 0 0 0 0 0 0 0 0 0 0 0 0 0 0 0 0 0 0 0 0 0 0 0 0 0 0 0 0 0 0 0 0 0 0 0 0 0 0 0 0 0 0 0 0 0 0 0 0 0 0 0 0 0 0 0 0 0 0 0 0 0 0 0 0 0 0 0 0 0 0 0 0 0 0 0 0 0 0 0 0 0 0 0 0 0 0 0 0 0 0 0 0 0 0 0 0 0 0 0 0 0 0 0 0 0 0 0 0 0 0 0 0 0 0 0 0 0 0 0 0 0 0 0 0 0 0 0 0 0 0 0 0 0 0 0 0 0 0 0 0 0 0 0 0 0 0 0 0 0 0 0 0 0 0 0 0 0 0 0 0 0 0 0 0 0 0 0 0 0 0 0 0 0 0 0 0 0 0 0 0 0 0 0 0 0 0 0 0 0 0 0 0 0 0 0 0 0 0 0 0 0 0 0 0 0 0 0 0 0 0 0 0 0 0 0 0 0 0 0 0 0 0 0 0 0 0 0 0 0 0 0 0 0 0 0 0 0 0 0 0 0 0 0 0 0 0 0 0 0 0 0 0 0 0 0 0 0 0 0 0 0 0 0 0 0 0 0 0 0 0 0 0 0 0 0 0 0 0 0 0 0 0 0 0 0 0 0 0 0 0 0 0 0 0 0 0 0 0 0 0 0 0 0 0 0 0 0 0 0 0 0 0 0 0 0 0 0 0 0 0 0 0 0 0 0 0 0 0 0 0 0 0 0 0 0 0 0 0 0 0 0 0 0 0 0 0 0 0 0 0 0 0 0 0 0 0 0 0 0 0 0 0 0 0 0 0 0 0 0 0 0 0 0 0 0 0 0 0 0 0 0 0 0 0 0 0 0 0 0 0 0 0 0 0 0 0 0 0 0 0 0 0 0 0 0 0 0 0 0 0 0 0 0 0 0 0 0 0 0 0 0 0 0 0 0 0 0 0 0 0 0 0 0 0 0 0 0 0 0 0 0 0 0 0 0 0 0 0 0 0 0 0 0 0 0 0 0 0 0 0 0 0 0 0 0 0 0 0 0 0 0 0 0 0 0 0 0 0 0 0 0 0 0 0 0 0 0 0 0 0 0 0 0 0 0 0 0 0 0 0 0 0 0 0 0 0 0 0 0 0 0 0 0 0 0 0 0 0 0 0 0 0 0 0 0 0 0 0 0 0 0 0 0 0 0 0 0 0 0 0 0 0 0 0 0 0 0 0 0 0 0 0 0 0 0 0 0 0 0 0 0 0 0 0 0 0 0 0 0 0 0 0 0 0 0 0 0 0 0 0 0 0 0 0 0 0 0 0 0 0 0 0 0 0 0 0 0 0 0 0 0 0 0 0 0 0 0 0 0 0 0 0 0 0 0 0 0 0 0 0 0 0 0 0 0 0 0 0 0 0 0 0 0 0 0 0 0 0 0 0 0 0 0 0 0 0 0 0 0 0 0 0 0 0 0 0 0 0 0 0 0 0 0 0 0 0 0 0 0 0 0 0 0 0 0 0 0 0 0 0 0 0 0 0 0 0 0 0 0 0 0 0 0 0 0 0 0 0 0 0 0 0 0 0 0 0 0 0 0 0 0 0 0 0 0 0 0 0 0 0 0 0 0 0 0 0 0 0 0 0 0 0 0 0 0 0 0 0 0 0 0 0 0 0 0 0 0 0 0 0 0 0 0 0 0 0 0 0 0 0 0 0 0 0 0 0 0 0 0 0 0 0 0 0 0 0 0 0 0 0 0 0 0 0 0 0 0 0 0 0 0 0 0 0 0 0 0 0 0 0 0 0 0 0 0 0 0 0 0 0 0 0 0 0 0 0 0 0 0 0 0 0 0 0 0 0 0 0 0 0 0 0 0 0 0 0 0 0 0 0 0 0 0 0 0 0 0 0 0 0 0 0 0 0 0 0 0 0 0 0 0 0 0 0 0 0 0 0 0 0 0 0 0 0 0 0 0 0 0 0 0 0 0 0 0 0 0 0 0 0 0 0 0 0 0 0 0 0 0 0 0 0 0 0 0 0 0 0 0 0 0 0 0 0 0 0 0 0 0 0 0 0 0 0 0 0 0 0 0 0 0 0 0 0 0 0 0 0 0 0 0 0 0 0 0 0 0 0 0 0 0 0 0 0 0 0 0 0 0 0 0 0 0 0 0 0 0 0 0 0 0 0 0 0 0 0 0 0 0 0 0 0 0 0 0 0 0 0 0 0 0 0 0 0 0 0 0 0 0 0 0 0 0 0 0 0 0 0 0 0 0 0 0 0 0 0 0 0 0 0 0 0 0 0 0 0 0 0 0 0 0 0 0 0 0 0 0 0 0 0 0 0 0 0 0 0 0 0 0 0 0 0 0 0 0 0 0 0 0 0 0 0 0 0 0 0 0 0 0 0 0 0 0 0 0 0 0 0 0 0 0 0 0 0 0 0 0 0 0 0 0 0 0 0 0 0 0 0 0 0 0 0 0 0 0 0 0 0 0 0 0 0 0 0 0 0 0 0 0 0 0 0 0 0 0 0 0 0 0 0 0 0 0 0 0 0 0 0 0 0 0 0 0 0 0 0 0 0 0 0 0 0 0 0 0 0 0 0 0 0 0 0 0 0 0 0 0 0 0 0 0 0 0 0 0 0 0 0 0 0 0 0 0 0 0 0 0 0 0 0 0 0 0 0 0 0 0 0 0 0 0 0 0 0 0 0 0 0 0 0 0 0 0 0 0 0 0 0 0 0 0 0 0 0 0 0 0 0 0 0 0 0 0 0 0 0 0 0 0 0 0 0 0 0 0 0 0 0 0 0 0 0 0 0 0 0 0 0 0 0 0 0 0 0 0 0 0 0 0 0 0 0 0 0 0 0 0 0 0 0 0 0 0 0 0 0 0 0 0 0 0 0 0 0 0 0 0 0 0 0 0 0 0 0 0 0 0 0 0 0 0 0 0 0 0 0 0 0 0 0 0 0 0 0 0 0 0 0 0 0 0 0 0 0 0 0 0 0 0 0 0 0 0 0 0 0 0 0 0 0 0 0 0 0 0 0 0 0 0 0 0 0 0 0 0 0 0 0 0 0 0 0 0 0 0 0 0 0 0 0 0 0 0 0 0 0 0 0 0 0 0 0 0 0 0 0 0 0 0 0 0 0 0 0 0 0 0 0 0 0 0 0 0 0 0 0 0 0 0 0 0 0 0 0 0 0 0 0 0 0 0 0 0 0 0 0 0 0 0 0 0 0 0 0 0 0 0 0 0 0 0 0 0 0 0 0 0 0 0 0 0 0 0 0 0 0 0 0 0 0 0 0 0 0 0 0 0 0 0 0 0 0 0 0 0 0 0 0 0 0 0 0 0 0 0 0 0 0 0 0 0 0 0 0 0 0 0 0 0 0 0 0 0 0 0 0 0 0 0 0 0 0 0 0 0 0 0 0 0 0 0 0 0 0 0 0 0 0 0 0 0 0 0 0 0 0 0 0 0 0 0 0 0 0 0 0 0 0 0 0 0 0 0 0 0 0 0 0 0 0 0 0 0 0 0 0 0 0 0 0 0 0 0 0 0 0 0 0 0 0 0 0 0 0 0 0 0 0 0 0 0 0 0 0 0 0 0 0 0 0 0 0 0 0 0 0 0 0 0 0 0 0 0 0 0 0 0 0 0 0 0 0 0 0 0 0 0 0 0 0 0 0 0 0 0 0 0 0 0 0 0 0 0 0 0 0 0 0 0 0 0 0 0 0 0 0 0 0 0 0 0 0 0 0 0 0 0 0 0 0 0 0 0 0 0 0 0 0 0 0 0 0 0 0 0 0 0 0 0 0 0 0 0 0 0 0 0 0 0 0 0 0 0 0 0 0 0 0 0 0 0 0 0 0 0 0 0 0 0 0 0 0 0 0 0 0 0 0 0 0 0 0 0 0 0 0 0 0 0 0 0 0 0 0 0 0 0 0 0 0 0 0 0 0 0 0 0 0 0 0 0 0 0 0 0 0 0 0 0 0 0 0 0 0 0 0 0 0 0 0 0 0 0 0 0 0 0 0 0 0 0 0 0 0 0 0 0 0 0 0 0 0 0 0 0 0 0 0 0 0 0 0 0 0 0 0 0 0 0 0 0 0 0 0 0 0 0 0 0 0 0 0 0 0 0 0 0 0 0 0 0 0 0 0 0 0 0 0 0 0 0 0 0 0 0 0 0 0 0 0 0 0 0 0 0 0 0 0 0 0 0 0 0 0 0 0 0 0 0 0 0 0 0 0 0 0 0 0 0 0 0 0 0 0 0 0 0 0 0 0 0 0 0 0 0 0 0 0 0 0 0 0 0 0 0 0 0 0 0 0 0 0 0 0 0 0 0 0 0 0 0 0 0 0 0 0 0 0 0 0 0 0 0 0 0 0 0 0 0 0 0 0 0 0 0 0 0 0 0 0 0 0 0 0 0 0 0 0 0 0 0 0 0 0 0 0 0 0 0 0 0 0 0 0 0 0 0 0 0 0 0 0 0 0 0 0 0 0 0 0 0 0 0 0 0 0 0 0 0 0 0 0 0 0 0 0 0 0 0 0 0 0 0 0 0 0 0 0 0 0 0 0 0 0 0 0 0 0 0 0 0 0 0 0 0 0 0 0 0 0 0 0 0 0 0 0 0 0 0 0 0 0 0 0 0 0 0 0 0 0 0 0 0 0 0 0 0 0 0 0 0 0 0 0 0 0 0 0 0 0 0 0 0 0 0 0 0 0 0 0 0 0 0 0 0 0 0 0 0 0 0 0 0 0 0 0 0 0 0 0 0 0 0 0 0 0 0 0 0 0 0 0 0 0 0 0 0 0 0 0 0 0 0 0 0 0 0 0 0 0 0 0 0 0 0 0 0 0 0 0 0 0 0 0 0 0 0 0 0 0 0 0 0 0 0 0 0 0 0 0 0 0 0 0 0 0 0 0 0 0 0 0 0 0 0 0 0 0 0 0 0 0 0 0 0 0 0 0 0 0 0 0 0 0 0 0 0 0 0 0 0 0 0 0 0 0 0 0 0 0 0 0 0 0 0 0 0 0 0 0 0 0 0 0 0 0 0 0 0 0 0 0 0 0 0 0 0 0 0 0 0 0 0 0 0 0 0 0 0 0 0 0 0 0 0 0 0 0 0 0 0 0 0 0 0 0 0 0 0 0 0 0 0 0 0 0 0 0 0 0 0 0 0 0 0 0 0 0 0 0 0 0 0 0 0 0 0 0 0 0 0 0 0 0 0 0 0 0 0 0 0 0 0 0 0 0 0 0 0 0 0 0 0 0 0 0 0 0 0 0 0 0 0 0 0 0 0 0 0 0 0 0 0 0 0 0 0 0 0 0 0 0 0 0 0 0 0 0 0 0 0 0 0 0 0 0 0 0 0 0 0 0 0 0 0 0 0 0 0 0 0 0 0 0 0 0 0 0 0 0 0 0 0 0 0 0 0 0 0 0 0 0 0 0 0 0 0 0 0 0 0 0 0 0 0 0 0 0 0 0 0 0 0 0 0 0 0 0 0 0 0 0 0 0 0 0 0 0 0 0 0 0 0 0 0 0 0 0 0 0 0 0 0 0 0 0 0 0 0 0 0 0 0 0 0 0 0 0 0 0 0 0 0 0 0 0 0 0 0 0 0 0 0 0 0 0 0 0 0 0 0 0 0 0 0 0 0 0 0 0 0 0 0 0 0 0 0 0 0 0 0 0 0 0 0 0 0 0 0 0 0 0 0 0 0 0 0 0 0 0 0 0 0 0 0 0 0 0 0 0 0 0 0 0 0 0 0 0 0 0 0 0 0 0 0 0 0 0 0 0 0 0 0 0 0 0 0 0 0 0 0 0 0 0 0 0 0 0 0 0 0 0 0 0 0 0 0 0 0 0 0 0 0 0 0 0 0 0 0 0 0 0 0 0 0 0 0 0 0 0 0 0 0 0 0 0 0 0 0 0 0 0 0 0 0 0 0 0 0 0 0 0 0 0 0 0 0 0 0 0 0 0 0 0 0 0 0 0 0 0 0 0 0 0 0 0 0 0 0 0 0 0 0 0 0 0 0 0 0 0 0 0 0 0 0 0 0 0 0 0 0 0 0 0 0 0 0 0 0 0 0 0 0 0 0 0 0 0 0 0 0 0 0 0 0 0 0 0 0 0 0 0 0 0 0 0 0 0 0 0 0 0 0 0 0 0 0 0 0 0 0 0 0 0 0 0 0 0 0 0 0 0 0 0 0 0 0 0 0 0 0 0 0 0 0 0 0 0 0 0 0 0 0 0 0 0 0 0 0 0 0 0 0 0 0 0 0 0 0 0 0 0 0 0 0 0 0 0 0 0 0 0 0 0 0 0 0 0 0 0 0 0 0 0 0 0 0 0 0 0 0 0 0 0 0 0 0 0 0 0 0 0 0 0 0 0 0 0 0 0 0 0 0 0 0 0 0 0 0 0 0 0 0 0 0 0 0 0 0 0 0 0 0 0 0 0 0 0 0 0 0 0 0 0 0 0 0 0 0 0 0 0 0 0 0 0 0 0 0 0 0 0 0 0 0 0 0 0 0 0 0 0 0 0 0 0 0 0 0 0 0 0 0 0 0 0 0 0 0 0 0 0 0 0 0 0 0 0 0 0 0 0 0 0 0 0 0 0 0 0 0 0 0 0 0 0 0 0 0 0 0 0 0 0 0 0 0 0 0 0 0 0 0 0 0 0 0 0 0 0 0 0 0 0 0 0 0 0 0 0 0 0 0 0 0 0 0 0 0 0 0 0 0 0 0 0 0 0 0 0 0 0 0 0 0 0 0 0 0 0 0 0 0 0 0 0 0 0 0 0 0 0 0 0 0 0 0 0 0 0 0 0 0 0 0 0 0 0 0 0 0 0 0 0 0 0 0 0 0 0 0 0 0 0 0 0 0 0 0 0 0 0 0 0 0 0 0 0 0 0 0 0 0 0 0 0 0 0 2501 0 0 0 0 0 0 0 0 0 0 0 0 0 0 0 0 0 0 0 0 0 0 0 0 0 0 0 0 0 0 0 0 0 0 0 0 0 0 0 0 0 0 0 0 0 0 0 0 0 0 0 0 0 0 0 0 0 0 0 0 0 0 0 0 0 0 0 0 0 0 0 0 0 0 0 0 0 0 0 0 0 0 0 0 0 0 0 0 0 0 0 0 0 0 0 0 0 0 0 0 0 0 0 0 0 0 0 0 0 0 0 0 0 0 0 0 0 0 0 0 0 0 0 0 0 0 0 0 0 0 0 0 0 0 0 0 0 0 0 0 0 0 0 0 0 0 0 0 0 0 0 0 0 0 0 0 0 0 0 0 0 0 0 0 0 0 0 0 0 0 0 0 0 0 0 0 0 0 0 0 0 0 0 0 0 0 0 0 0 0 0 0 0 0 0 0 0 0 0 0 0 0 0 0 0 0 0 0 0 0 0 0 0 0 0 0 0 0 0 0 0 0 0 0 0 0 0 0 0 0 0 0 0 0 0 0 0 0 0 0 0 0 0 0 0 0 0 0 0 0 0 0 0 0 0 0 0 0 0 0 0 0 0 0 0 0 0 0 0 0 0 0 0 0 0 0 0 0 0 0 0 0 0 0 0 0 0 0 0 0 0 0 0 0 0 0 0 0 0 0 0 0 0 0 0 0 0 0 0 0 0 0 0 0 0 0 0 0 0 0 0 0 0 0 0 0 0 0 0 0 0 0 0 0 0 0 0 0 0 0 0 0 0 0 0 0 0 0 0 0 0 0 0 0 0 0 0 0 0 0 0 0 0 0 0 0 0 0 0 0 0 0 0 0 0 0 0 0 0 0 0 0 0 0 0 0 0 0 0 0 0 0 0 0 0 0 0 0 0 0 0 0 0 0 0 0 0 0 0 0 0 0 0 0 0 0 0 0 0 0 0 0 0 0 0 0 0 0 0 0 0 0 0 0 0 0 0 0 0 0 0 0 0 0 0 0 0 0 0 0 0 0 0 0 0 0 0 0 0 0 0 0 0 0 0 0 0 0 0 0 0 0 0 0 0 0 0 0 0 0 0 0 0 0 0 0 0 0 0 0 0 0 0 0 0 0 0 0 0 0 0 0 0 0 0 0 0 0 0 0 0 0 0 0 0 0 0 0 0 0 0 0 0 0 0 0 0 0 0 0 0 0 0 0 0 0 0 0 0 0 0 0 0 0 0 0 0 0 0 0 0 0 0 0 0
