5000
1 2
2 3
3 4
4 5
1 6
6 7
7 8
5 9
8 10
10 11
9 12
12 13
11 14
13 15
10 16
15 17
14 18
17 19
17 20
16 21
20 22
19 23
22 24
23 25
24 26
25 27
25 28
21 29
18 30
26 31
27 32
30 33
31 34
32 35
34 36
36 37
37 38
38 39
35 40
39 41
40 42
29 43
41 44
44 45
42 46
41 47
43 48
28 49
47 50
46 51
50 52
51 53
53 54
40 55
52 56
45 57
55 58
55 59
56 60
59 61
54 62
49 63
61 64
60 65
57 66
48 67
65 68
64 69
33 70
69 71
63 72
72 73
58 74
67 75
74 76
73 77
77 78
76 79
75 80
68 81
66 82
79 83
81 84
71 85
76 86
85 87
80 88
87 89
88 90
90 91
84 92
82 93
62 94
86 95
94 96
83 97
97 98
79 99
99 100
93 101
89 102
92 103
102 104
91 105
78 106
96 107
104 108
70 109
103 110
101 111
100 112
109 113
107 114
112 115
108 116
110 117
116 118
118 119
115 120
105 121
98 122
106 123
119 124
122 125
117 126
124 127
113 128
111 129
128 130
114 131
126 132
129 133
130 134
120 135
133 136
127 137
135 138
136 139
137 140
134 141
141 142
125 143
138 144
121 145
144 146
143 147
146 148
139 149
148 150
81 151
95 152
152 153
151 154
140 155
154 156
149 157
157 158
156 159
145 160
149 161
157 162
131 163
162 164
158 165
164 166
163 167
142 168
165 169
150 170
155 171
168 172
153 173
171 174
161 175
166 176
159 177
132 178
170 179
160 180
123 181
173 182
174 183
167 184
178 185
182 186
174 187
181 188
176 189
172 190
187 191
184 192
185 193
169 194
190 195
147 196
194 197
196 198
193 199
169 200
186 201
199 202
188 203
192 204
197 205
179 206
202 207
204 208
200 209
208 210
195 211
175 212
191 213
206 214
207 215
210 216
214 217
203 218
216 219
217 220
217 221
220 222
221 223
212 224
211 225
222 226
226 227
177 228
189 229
229 230
213 231
183 232
215 233
232 234
205 235
233 236
126 237
237 238
225 239
216 240
218 241
235 242
227 243
240 244
243 245
209 246
238 247
234 248
246 249
219 250
223 251
236 252
244 253
245 254
247 255
230 256
252 257
250 258
248 259
259 260
258 261
260 262
201 263
257 264
224 265
231 266
254 267
255 268
241 269
264 270
228 271
261 272
237 273
273 274
256 275
267 276
249 277
276 278
276 279
272 280
242 281
263 282
264 283
268 284
276 285
180 286
282 287
265 288
271 289
278 290
281 291
274 292
269 293
279 294
286 295
288 296
291 297
289 298
239 299
298 300
295 301
287 302
280 303
283 304
296 305
301 306
297 307
198 308
294 309
300 310
305 311
304 312
308 313
253 314
256 315
275 316
313 317
307 318
270 319
311 320
312 321
319 322
226 323
290 324
323 325
293 326
309 327
320 328
321 329
292 330
305 331
296 332
325 333
326 334
329 335
324 336
335 337
334 338
303 339
299 340
306 341
328 342
339 343
340 344
262 345
332 346
317 347
341 348
336 349
310 350
347 351
338 352
346 353
349 354
315 355
285 356
356 357
333 358
354 359
357 360
359 361
360 362
351 363
349 364
318 365
314 366
350 367
277 368
361 369
362 370
363 371
337 372
316 373
284 374
251 375
266 376
344 377
353 378
364 379
379 380
366 381
377 382
368 383
365 384
367 385
379 386
345 387
355 388
380 389
388 390
369 391
375 392
391 393
343 394
386 395
384 396
383 397
342 398
378 399
384 400
392 401
397 402
327 403
372 404
394 405
390 406
371 407
402 408
373 409
381 410
403 411
382 412
395 413
407 414
409 415
385 416
410 417
387 418
414 419
405 420
330 421
412 422
411 423
389 424
396 425
415 426
348 427
423 428
409 429
376 430
421 431
406 432
372 433
427 434
431 435
416 436
434 437
422 438
430 439
358 440
436 441
428 442
433 443
442 444
443 445
432 446
429 447
439 448
390 449
383 450
437 451
448 452
451 453
331 454
302 455
425 456
396 457
446 458
435 459
450 460
449 461
420 462
462 463
387 464
455 465
374 466
440 467
452 468
393 469
370 470
466 471
426 472
417 473
458 474
459 475
471 476
461 477
445 478
467 479
453 480
463 481
352 482
457 483
456 484
478 485
464 486
400 487
418 488
472 489
441 490
460 491
473 492
322 493
474 494
419 495
470 496
408 497
399 498
496 499
487 500
494 501
501 502
484 503
502 504
491 505
490 506
346 507
493 508
481 509
498 510
500 511
466 512
447 513
454 514
486 515
495 516
507 517
497 518
504 519
518 520
513 521
479 522
511 523
522 524
493 525
469 526
478 527
503 528
445 529
524 530
438 531
404 532
444 533
492 534
527 535
523 536
476 537
424 538
509 539
510 540
540 541
485 542
528 543
537 544
526 545
512 546
531 547
468 548
541 549
548 550
532 551
533 552
514 553
508 554
477 555
551 556
542 557
547 558
505 559
559 560
506 561
537 562
536 563
545 564
552 565
530 566
558 567
516 568
541 569
566 570
543 571
401 572
556 573
482 574
544 575
573 576
539 577
563 578
557 579
561 580
475 581
550 582
562 583
571 584
546 585
584 586
580 587
579 588
581 589
488 590
535 591
589 592
583 593
590 594
572 595
560 596
582 597
588 598
597 599
577 600
565 601
499 602
568 603
517 604
598 605
593 606
489 607
537 608
586 609
549 610
599 611
530 612
570 613
534 614
605 615
611 616
604 617
569 618
585 619
594 620
613 621
603 622
621 623
595 624
587 625
503 626
601 627
618 628
480 629
625 630
628 631
564 632
616 633
574 634
615 635
626 636
620 637
575 638
624 639
600 640
553 641
617 642
538 643
627 644
483 645
635 646
629 647
640 648
555 649
634 650
529 651
606 652
622 653
520 654
631 655
515 656
413 657
543 658
641 659
578 660
592 661
602 662
519 663
637 664
608 665
663 666
612 667
653 668
652 669
615 670
664 671
644 672
636 673
623 674
647 675
643 676
656 677
638 678
632 679
678 680
610 681
650 682
525 683
680 684
660 685
630 686
577 687
576 688
552 689
465 690
665 691
672 692
567 693
669 694
679 695
596 696
694 697
696 698
697 699
675 700
666 701
639 702
683 703
614 704
649 705
672 706
691 707
692 708
687 709
633 710
705 711
698 712
703 713
677 714
648 715
659 716
673 717
651 718
686 719
695 720
719 721
623 722
706 723
671 724
715 725
661 726
646 727
554 728
684 729
670 730
724 731
685 732
721 733
676 734
713 735
708 736
704 737
699 738
700 739
734 740
737 741
726 742
728 743
738 744
712 745
711 746
745 747
746 748
702 749
655 750
740 751
645 752
668 753
735 754
742 755
688 756
747 757
701 758
621 759
750 760
760 761
758 762
736 763
607 764
751 765
756 766
609 767
710 768
658 769
755 770
766 771
722 772
727 773
720 774
707 775
749 776
716 777
774 778
723 779
748 780
765 781
664 782
761 783
782 784
642 785
730 786
759 787
733 788
690 789
779 790
521 791
788 792
702 793
662 794
783 795
764 796
789 797
770 798
742 799
762 800
752 801
792 802
802 803
778 804
732 805
664 806
781 807
796 808
717 809
743 810
772 811
771 812
777 813
591 814
810 815
776 816
780 817
681 818
816 819
709 820
753 821
818 822
744 823
398 824
804 825
820 826
706 827
794 828
757 829
811 830
739 831
785 832
813 833
812 834
714 835
706 836
830 837
833 838
821 839
693 840
836 841
817 842
657 843
682 844
795 845
840 846
823 847
838 848
805 849
674 850
729 851
800 852
808 853
827 854
847 855
842 856
754 857
797 858
839 859
824 860
829 861
775 862
841 863
835 864
862 865
856 866
834 867
864 868
860 869
865 870
814 871
741 872
828 873
857 874
845 875
844 876
872 877
848 878
872 879
809 880
855 881
879 882
667 883
619 884
850 885
868 886
773 887
806 888
854 889
876 890
889 891
870 892
888 893
831 894
815 895
822 896
874 897
833 898
843 899
813 900
891 901
886 902
892 903
895 904
852 905
890 906
901 907
863 908
837 909
851 910
718 911
871 912
877 913
798 914
871 915
799 916
911 917
769 918
904 919
802 920
914 921
917 922
899 923
909 924
846 925
763 926
908 927
869 928
902 929
928 930
741 931
929 932
919 933
852 934
791 935
925 936
897 937
884 938
883 939
813 940
801 941
910 942
923 943
931 944
885 945
807 946
946 947
924 948
942 949
832 950
932 951
933 952
819 953
881 954
920 955
896 956
921 957
898 958
943 959
935 960
787 961
940 962
919 963
654 964
927 965
958 966
861 967
965 968
875 969
955 970
905 971
930 972
903 973
803 974
731 975
971 976
950 977
768 978
961 979
957 980
887 981
967 982
966 983
767 984
959 985
962 986
859 987
981 988
978 989
873 990
906 991
858 992
951 993
880 994
936 995
992 996
972 997
948 998
945 999
784 1000
825 1001
866 1002
912 1003
999 1004
974 1005
916 1006
985 1007
922 1008
826 1009
984 1010
980 1011
894 1012
998 1013
969 1014
944 1015
893 1016
996 1017
953 1018
1009 1019
961 1020
1019 1021
1003 1022
934 1023
997 1024
1016 1025
968 1026
1022 1027
949 1028
960 1029
938 1030
986 1031
982 1032
979 1033
990 1034
878 1035
1015 1036
1010 1037
918 1038
941 1039
970 1040
1023 1041
956 1042
1008 1043
907 1044
1024 1045
882 1046
1014 1047
1030 1048
987 1049
1019 1050
1005 1051
991 1052
1049 1053
965 1054
1046 1055
1047 1056
1041 1057
1038 1058
982 1059
853 1060
762 1061
994 1062
1007 1063
1034 1064
1048 1065
1044 1066
900 1067
1037 1068
1051 1069
974 1070
845 1071
1059 1072
983 1073
1042 1074
952 1075
1057 1076
976 1077
1065 1078
1025 1079
1064 1080
1074 1081
906 1082
1006 1083
1036 1084
977 1085
1066 1086
1034 1087
1069 1088
701 1089
1039 1090
1054 1091
1085 1092
790 1093
964 1094
1070 1095
973 1096
1083 1097
1089 1098
1061 1099
1011 1100
1017 1101
849 1102
1087 1103
1062 1104
1071 1105
1045 1106
1103 1107
1079 1108
1067 1109
1012 1110
725 1111
1055 1112
1097 1113
926 1114
1077 1115
1072 1116
1104 1117
1095 1118
867 1119
975 1120
1116 1121
1118 1122
1013 1123
1101 1124
1108 1125
1124 1126
1116 1127
1056 1128
1054 1129
1107 1130
1060 1131
1127 1132
963 1133
1063 1134
1113 1135
1133 1136
1032 1137
1130 1138
793 1139
1109 1140
1131 1141
1111 1142
1129 1143
1099 1144
1132 1145
1100 1146
1002 1147
1112 1148
1090 1149
786 1150
1142 1151
1142 1152
947 1153
1026 1154
1086 1155
993 1156
1143 1157
1020 1158
1054 1159
1073 1160
937 1161
1112 1162
835 1163
1000 1164
1029 1165
1151 1166
1068 1167
1115 1168
1052 1169
1139 1170
1123 1171
1058 1172
1077 1173
1105 1174
1031 1175
1106 1176
1075 1177
1176 1178
1136 1179
1094 1180
1148 1181
1155 1182
1082 1183
1078 1184
915 1185
1035 1186
939 1187
1043 1188
1185 1189
1180 1190
1162 1191
1050 1192
1183 1193
1154 1194
1175 1195
954 1196
1102 1197
995 1198
1169 1199
1146 1200
1001 1201
1080 1202
1177 1203
1202 1204
1157 1205
1040 1206
1197 1207
1172 1208
1026 1209
1206 1210
1128 1211
1178 1212
1134 1213
1027 1214
1199 1215
1158 1216
1098 1217
988 1218
1189 1219
1145 1220
1069 1221
1215 1222
1194 1223
1028 1224
1168 1225
1209 1226
1205 1227
1166 1228
1121 1229
1178 1230
1196 1231
1091 1232
1093 1233
1227 1234
1185 1235
1033 1236
1235 1237
1164 1238
1207 1239
1018 1240
1204 1241
1212 1242
1230 1243
1171 1244
1138 1245
1242 1246
1172 1247
1236 1248
1241 1249
1190 1250
1120 1251
1245 1252
1220 1253
1163 1254
1081 1255
1152 1256
1153 1257
1200 1258
1173 1259
1225 1260
1226 1261
1252 1262
1260 1263
1149 1264
1190 1265
1246 1266
1223 1267
1263 1268
1208 1269
1237 1270
1088 1271
1229 1272
1117 1273
1254 1274
1209 1275
1114 1276
1191 1277
1181 1278
1096 1279
1231 1280
1216 1281
1221 1282
1218 1283
1198 1284
1165 1285
1274 1286
1259 1287
1264 1288
1271 1289
1140 1290
1283 1291
1261 1292
1170 1293
1141 1294
1241 1295
1247 1296
1021 1297
1267 1298
1255 1299
1239 1300
1244 1301
1284 1302
1213 1303
1144 1304
1282 1305
1238 1306
1251 1307
1301 1308
1300 1309
1110 1310
1299 1311
913 1312
1310 1313
1305 1314
1268 1315
1084 1316
1184 1317
1285 1318
1224 1319
1186 1320
1253 1321
1257 1322
1306 1323
1266 1324
1307 1325
1222 1326
1297 1327
1122 1328
1278 1329
1273 1330
1290 1331
1330 1332
1262 1333
1331 1334
1150 1335
1217 1336
1321 1337
1188 1338
1291 1339
1160 1340
1339 1341
1337 1342
1316 1343
1292 1344
1159 1345
1240 1346
1279 1347
1135 1348
1233 1349
1169 1350
1228 1351
1325 1352
1280 1353
1281 1354
1243 1355
1219 1356
1293 1357
1328 1358
1280 1359
1137 1360
1192 1361
1303 1362
1182 1363
1357 1364
1234 1365
1319 1366
1277 1367
1326 1368
1318 1369
1344 1370
1092 1371
1351 1372
1364 1373
1288 1374
1347 1375
989 1376
1076 1377
1324 1378
1327 1379
1317 1380
1325 1381
1336 1382
1325 1383
1187 1384
1289 1385
1343 1386
1350 1387
1377 1388
1161 1389
1380 1390
1312 1391
1387 1392
1313 1393
1195 1394
1232 1395
1360 1396
1248 1397
1211 1398
1356 1399
1367 1400
1265 1401
1214 1402
1375 1403
1329 1404
1355 1405
1295 1406
1338 1407
1053 1408
1179 1409
1388 1410
1345 1411
1334 1412
1147 1413
1382 1414
1236 1415
1400 1416
1368 1417
1378 1418
1363 1419
1352 1420
1376 1421
1309 1422
1174 1423
1379 1424
1397 1425
1296 1426
1358 1427
1286 1428
1276 1429
1383 1430
1371 1431
1322 1432
1390 1433
1315 1434
1269 1435
1346 1436
1407 1437
1250 1438
1350 1439
956 1440
1435 1441
1374 1442
1393 1443
1343 1444
1384 1445
1389 1446
1249 1447
1275 1448
1377 1449
1401 1450
1278 1451
1439 1452
1332 1453
1441 1454
1452 1455
1365 1456
1341 1457
1370 1458
1429 1459
1413 1460
1311 1461
1406 1462
1399 1463
1385 1464
1298 1465
1333 1466
1453 1467
1373 1468
1448 1469
1434 1470
1466 1471
1353 1472
1391 1473
1459 1474
1404 1475
1473 1476
1456 1477
1475 1478
1444 1479
1425 1480
1352 1481
1402 1482
1480 1483
1381 1484
1416 1485
1210 1486
1392 1487
1433 1488
1156 1489
1308 1490
1395 1491
1440 1492
1454 1493
1468 1494
1410 1495
1450 1496
1419 1497
1474 1498
1482 1499
1476 1500
1362 1501
1348 1502
1481 1503
1471 1504
1409 1505
1304 1506
1417 1507
1469 1508
1491 1509
1472 1510
1507 1511
1503 1512
1396 1513
1460 1514
1500 1515
1484 1516
1451 1517
1511 1518
1386 1519
1502 1520
1420 1521
1426 1522
1335 1523
1493 1524
1515 1525
1517 1526
1477 1527
1522 1528
1527 1529
1320 1530
1119 1531
1518 1532
1424 1533
1519 1534
1464 1535
1505 1536
1465 1537
1524 1538
1394 1539
1509 1540
1496 1541
1468 1542
1506 1543
1447 1544
1533 1545
1445 1546
1203 1547
1422 1548
1504 1549
1541 1550
1431 1551
1520 1552
1340 1553
1438 1554
1462 1555
1463 1556
1499 1557
1302 1558
1550 1559
1529 1560
1490 1561
1314 1562
1512 1563
1560 1564
1193 1565
1542 1566
1551 1567
1539 1568
1495 1569
1323 1570
1488 1571
1427 1572
1492 1573
1489 1574
1571 1575
1536 1576
1470 1577
1479 1578
1443 1579
1565 1580
1487 1581
1405 1582
1412 1583
1126 1584
1578 1585
1582 1586
1436 1587
1577 1588
1361 1589
1432 1590
1546 1591
1125 1592
1590 1593
1548 1594
1458 1595
1442 1596
1408 1597
1592 1598
1455 1599
1366 1600
1591 1601
1552 1602
1508 1603
1572 1604
1574 1605
1411 1606
1588 1607
1607 1608
1532 1609
1467 1610
1084 1611
1558 1612
1430 1613
1345 1614
1423 1615
1398 1616
1593 1617
1598 1618
1424 1619
1611 1620
1325 1621
1621 1622
1575 1623
1554 1624
1614 1625
1494 1626
1587 1627
1513 1628
1576 1629
1618 1630
1603 1631
1579 1632
1628 1633
1418 1634
1632 1635
1354 1636
1602 1637
1631 1638
1547 1639
1617 1640
1597 1641
1556 1642
1580 1643
1635 1644
1437 1645
1521 1646
1510 1647
1626 1648
1486 1649
1342 1650
1478 1651
1630 1652
1449 1653
1648 1654
1514 1655
1526 1656
1643 1657
1585 1658
1642 1659
1421 1660
1359 1661
1566 1662
1575 1663
1622 1664
1641 1665
1629 1666
1642 1667
1651 1668
1649 1669
1646 1670
1601 1671
1638 1672
1615 1673
1655 1674
1606 1675
1544 1676
1586 1677
689 1678
1614 1679
1530 1680
1258 1681
1567 1682
1596 1683
1678 1684
1516 1685
1683 1686
1564 1687
1682 1688
1294 1689
1605 1690
1498 1691
1690 1692
1537 1693
1369 1694
1613 1695
1656 1696
1534 1697
1620 1698
1672 1699
1640 1700
1636 1701
1501 1702
1695 1703
1692 1704
1600 1705
1490 1706
1665 1707
1654 1708
1637 1709
1653 1710
1700 1711
1662 1712
1553 1713
1711 1714
1707 1715
1677 1716
1710 1717
1563 1718
1612 1719
1535 1720
1686 1721
1619 1722
1658 1723
1272 1724
1004 1725
1485 1726
1457 1727
1523 1728
1594 1729
1638 1730
1712 1731
1669 1732
1559 1733
1717 1734
1668 1735
1701 1736
1645 1737
1705 1738
1661 1739
1691 1740
1664 1741
1234 1742
1589 1743
1477 1744
1735 1745
1652 1746
1609 1747
1644 1748
1667 1749
1740 1750
1670 1751
1733 1752
1599 1753
1720 1754
1679 1755
1650 1756
1718 1757
1673 1758
1633 1759
1660 1760
1624 1761
1729 1762
1757 1763
1755 1764
1744 1765
1732 1766
1461 1767
1483 1768
1749 1769
1758 1770
1768 1771
1743 1772
1719 1773
1540 1774
1446 1775
1555 1776
1764 1777
1751 1778
1703 1779
1201 1780
1726 1781
1685 1782
1546 1783
1769 1784
1728 1785
1688 1786
1583 1787
1715 1788
1414 1789
1731 1790
1657 1791
1773 1792
1714 1793
1761 1794
1525 1795
1781 1796
1756 1797
1604 1798
1708 1799
1792 1800
1625 1801
1583 1802
1801 1803
1770 1804
1342 1805
1706 1806
1734 1807
1778 1808
1785 1809
1428 1810
1528 1811
1777 1812
1256 1813
1623 1814
1807 1815
1706 1816
1756 1817
1750 1818
1781 1819
1693 1820
1696 1821
1666 1822
1568 1823
1772 1824
1704 1825
1806 1826
1793 1827
1771 1828
1823 1829
1748 1830
1736 1831
1822 1832
1776 1833
1681 1834
1816 1835
1832 1836
1167 1837
1741 1838
1584 1839
1815 1840
1805 1841
1835 1842
1772 1843
1616 1844
1767 1845
1783 1846
1549 1847
1627 1848
1802 1849
1760 1850
1803 1851
1538 1852
1831 1853
1697 1854
1800 1855
1844 1856
1826 1857
1809 1858
1836 1859
1818 1860
1858 1861
1799 1862
1270 1863
1841 1864
1788 1865
1819 1866
1845 1867
1671 1868
1698 1869
1531 1870
1821 1871
1794 1872
1574 1873
1604 1874
1699 1875
1713 1876
1852 1877
1861 1878
1569 1879
1608 1880
1497 1881
1856 1882
1730 1883
1738 1884
1766 1885
1872 1886
1808 1887
1747 1888
1866 1889
1882 1890
1834 1891
1859 1892
1839 1893
1848 1894
1811 1895
1759 1896
1842 1897
1893 1898
1813 1899
1857 1900
1737 1901
1674 1902
1576 1903
1875 1904
1781 1905
1874 1906
1843 1907
1814 1908
1804 1909
1634 1910
1790 1911
1639 1912
1825 1913
1865 1914
1907 1915
1833 1916
1837 1917
1752 1918
1897 1919
1659 1920
1723 1921
1543 1922
1891 1923
1796 1924
1795 1925
1753 1926
1743 1927
1922 1928
1810 1929
1883 1930
1929 1931
1880 1932
1829 1933
1921 1934
1925 1935
1709 1936
1884 1937
1908 1938
1349 1939
1780 1940
1797 1941
1747 1942
1830 1943
1912 1944
1847 1945
1930 1946
1940 1947
1903 1948
1888 1949
1941 1950
1896 1951
1739 1952
1851 1953
1878 1954
1946 1955
1573 1956
1862 1957
1939 1958
1902 1959
1721 1960
1779 1961
1827 1962
1899 1963
1915 1964
1876 1965
1914 1966
1962 1967
1877 1968
1812 1969
1951 1970
1798 1971
1869 1972
1415 1973
1965 1974
1949 1975
1840 1976
1876 1977
1918 1978
1935 1979
1905 1980
1774 1981
1979 1982
1947 1983
1702 1984
1789 1985
1963 1986
1961 1987
1906 1988
1562 1989
1675 1990
1904 1991
1775 1992
1959 1993
1978 1994
1850 1995
1910 1996
1910 1997
1870 1998
1957 1999
1990 2000
1647 2001
1680 2002
1987 2003
1745 2004
1956 2005
1887 2006
1581 2007
1817 2008
1970 2009
1985 2010
1967 2011
2001 2012
1885 2013
1948 2014
1900 2015
1762 2016
1610 2017
1997 2018
1863 2019
1976 2020
1689 2021
1895 2022
1945 2023
1791 2024
1964 2025
1981 2026
1953 2027
1892 2028
1754 2029
1842 2030
1684 2031
1786 2032
2029 2033
1742 2034
1557 2035
2019 2036
1724 2037
2017 2038
1972 2039
2022 2040
1995 2041
2012 2042
2024 2043
1983 2044
1991 2045
1932 2046
2012 2047
1899 2048
1784 2049
1824 2050
1860 2051
2030 2052
1846 2053
2044 2054
1936 2055
1931 2056
1853 2057
1986 2058
1801 2059
2055 2060
1828 2061
2015 2062
2046 2063
1984 2064
1974 2065
2026 2066
1928 2067
1894 2068
1546 2069
2009 2070
1595 2071
1815 2072
1971 2073
1561 2074
2036 2075
1952 2076
1972 2077
2066 2078
2072 2079
1687 2080
1913 2081
1997 2082
2077 2083
2003 2084
1933 2085
2050 2086
2075 2087
1694 2088
2025 2089
1911 2090
1975 2091
2010 2092
1943 2093
2000 2094
2048 2095
2054 2096
2082 2097
1676 2098
2014 2099
2041 2100
2078 2101
1982 2102
2037 2103
2008 2104
2094 2105
1898 2106
1849 2107
2035 2108
1715 2109
2021 2110
2002 2111
1881 2112
1973 2113
1980 2114
1716 2115
2059 2116
2096 2117
1545 2118
2062 2119
2113 2120
1960 2121
2033 2122
2052 2123
1927 2124
2043 2125
1994 2126
2119 2127
2031 2128
2019 2129
2042 2130
1886 2131
2062 2132
2117 2133
2116 2134
1958 2135
1924 2136
2132 2137
2104 2138
1966 2139
2056 2140
1955 2141
2016 2142
2092 2143
2131 2144
2057 2145
1879 2146
1997 2147
2020 2148
2072 2149
1923 2150
2139 2151
1864 2152
2122 2153
2038 2154
2069 2155
1992 2156
2039 2157
2107 2158
2064 2159
2125 2160
2076 2161
2159 2162
2073 2163
1889 2164
2135 2165
2074 2166
2128 2167
1996 2168
1968 2169
1926 2170
2114 2171
2071 2172
2151 2173
2167 2174
2111 2175
2149 2176
2047 2177
1977 2178
2105 2179
2143 2180
2134 2181
2165 2182
1916 2183
2161 2184
1938 2185
1934 2186
1950 2187
2032 2188
2097 2189
1993 2190
2171 2191
1663 2192
1944 2193
2070 2194
2172 2195
2184 2196
2170 2197
2147 2198
2174 2199
2178 2200
2179 2201
2084 2202
1765 2203
2034 2204
1403 2205
2182 2206
2123 2207
2085 2208
1372 2209
2148 2210
1999 2211
2130 2212
2203 2213
2166 2214
2115 2215
2162 2216
2149 2217
1838 2218
2155 2219
2189 2220
2023 2221
2217 2222
2103 2223
2194 2224
2186 2225
1746 2226
2154 2227
2156 2228
2227 2229
2183 2230
1867 2231
2230 2232
1854 2233
2127 2234
2175 2235
1620 2236
2173 2237
2132 2238
1782 2239
2226 2240
2144 2241
2240 2242
2101 2243
2090 2244
2153 2245
2049 2246
2110 2247
2238 2248
2152 2249
2112 2250
2099 2251
2214 2252
2228 2253
1925 2254
2018 2255
2191 2256
2118 2257
1969 2258
2252 2259
2133 2260
2061 2261
2007 2262
2098 2263
2253 2264
2166 2265
1919 2266
2091 2267
2206 2268
2260 2269
2205 2270
2184 2271
2067 2272
1942 2273
2023 2274
2138 2275
2222 2276
2053 2277
1580 2278
1801 2279
2142 2280
2158 2281
2200 2282
2282 2283
2229 2284
2150 2285
2080 2286
2028 2287
2187 2288
2264 2289
1909 2290
2040 2291
2241 2292
2282 2293
2258 2294
2246 2295
2013 2296
2294 2297
2228 2298
2293 2299
2045 2300
2202 2301
1998 2302
1725 2303
2271 2304
2065 2305
2296 2306
2136 2307
1787 2308
2292 2309
2213 2310
2137 2311
2106 2312
2195 2313
1763 2314
2305 2315
2061 2316
2193 2317
1722 2318
2079 2319
2129 2320
2250 2321
2197 2322
2290 2323
2177 2324
2254 2325
1603 2326
2323 2327
2146 2328
2311 2329
2100 2330
2314 2331
2048 2332
2245 2333
1890 2334
2288 2335
2276 2336
2331 2337
2277 2338
2298 2339
2211 2340
2263 2341
2298 2342
2232 2343
2233 2344
2262 2345
2304 2346
2248 2347
2058 2348
2328 2349
2199 2350
2239 2351
2350 2352
2266 2353
2307 2354
2275 2355
1846 2356
2313 2357
2312 2358
2341 2359
2310 2360
2242 2361
2342 2362
2220 2363
2108 2364
2325 2365
2321 2366
2259 2367
2338 2368
2313 2369
2283 2370
2366 2371
2192 2372
2256 2373
2336 2374
2306 2375
2218 2376
2247 2377
2353 2378
2349 2379
2273 2380
2215 2381
2249 2382
1937 2383
2332 2384
2370 2385
2164 2386
2244 2387
2372 2388
1871 2389
2318 2390
2210 2391
2379 2392
2163 2393
2198 2394
2006 2395
1954 2396
2295 2397
2164 2398
2051 2399
2319 2400
2327 2401
2337 2402
1873 2403
2338 2404
2363 2405
2405 2406
1917 2407
2289 2408
2267 2409
2333 2410
2351 2411
2320 2412
2257 2413
2376 2414
2255 2415
2208 2416
2380 2417
2188 2418
1868 2419
2169 2420
2278 2421
2406 2422
2212 2423
2410 2424
2088 2425
2087 2426
2139 2427
2340 2428
2401 2429
2216 2430
2176 2431
2336 2432
2415 2433
2309 2434
2355 2435
2261 2436
1820 2437
2389 2438
2362 2439
2281 2440
2209 2441
2231 2442
2369 2443
2368 2444
2265 2445
2274 2446
2429 2447
2330 2448
2145 2449
2394 2450
2381 2451
1989 2452
1860 2453
2109 2454
2069 2455
2364 2456
2315 2457
2093 2458
2272 2459
2383 2460
2357 2461
2207 2462
1988 2463
2396 2464
2440 2465
2284 2466
2462 2467
2367 2468
2219 2469
2423 2470
2081 2471
2457 2472
2299 2473
2414 2474
2434 2475
2413 2476
2185 2477
2412 2478
2402 2479
2169 2480
2356 2481
2027 2482
2385 2483
2474 2484
2243 2485
2391 2486
2004 2487
2476 2488
1855 2489
1287 2490
2485 2491
2450 2492
1727 2493
2416 2494
2317 2495
2492 2496
2083 2497
2489 2498
2236 2499
2481 2500
2300 2501
2352 2502
2466 2503
2237 2504
2017 2505
2095 2506
2429 2507
2483 2508
2494 2509
2297 2510
2460 2511
1983 2512
2190 2513
2334 2514
2449 2515
2411 2516
2348 2517
2419 2518
2448 2519
2160 2520
2501 2521
2365 2522
2442 2523
2181 2524
2506 2525
2354 2526
2511 2527
2524 2528
2378 2529
2431 2530
2140 2531
2204 2532
2473 2533
2120 2534
2361 2535
2420 2536
2517 2537
2469 2538
2308 2539
2528 2540
2514 2541
2515 2542
2157 2543
2399 2544
2534 2545
2126 2546
2005 2547
2525 2548
2417 2549
2444 2550
2548 2551
2068 2552
2499 2553
2515 2554
2490 2555
2463 2556
2454 2557
2456 2558
2392 2559
2344 2560
2428 2561
2559 2562
2536 2563
2280 2564
2480 2565
2359 2566
2453 2567
2060 2568
2268 2569
2513 2570
2500 2571
2556 2572
2329 2573
2124 2574
2291 2575
2472 2576
2201 2577
2531 2578
2451 2579
2539 2580
2191 2581
2346 2582
2479 2583
2566 2584
2565 2585
2537 2586
2470 2587
2326 2588
2549 2589
2497 2590
2491 2591
2553 2592
2585 2593
2493 2594
2358 2595
2529 2596
2581 2597
2592 2598
2597 2599
2303 2600
2562 2601
2459 2602
2487 2603
2475 2604
2594 2605
2011 2606
2598 2607
2221 2608
2425 2609
2540 2610
2546 2611
2575 2612
2316 2613
2498 2614
2547 2615
2235 2616
2606 2617
2122 2618
2243 2619
2424 2620
2409 2621
2595 2622
2545 2623
2407 2624
2285 2625
2614 2626
2400 2627
2421 2628
2237 2629
2596 2630
2441 2631
2591 2632
2496 2633
2631 2634
2503 2635
2578 2636
2572 2637
2478 2638
2613 2639
2621 2640
2541 2641
2636 2642
2619 2643
2343 2644
2637 2645
2507 2646
2535 2647
2543 2648
2444 2649
2558 2650
2393 2651
2589 2652
2403 2653
2644 2654
2196 2655
2624 2656
2509 2657
2561 2658
2554 2659
2618 2660
2654 2661
2519 2662
2625 2663
2458 2664
2461 2665
2322 2666
2661 2667
2593 2668
2632 2669
2583 2670
2224 2671
2521 2672
2168 2673
2638 2674
2590 2675
2648 2676
2668 2677
2302 2678
2579 2679
2550 2680
2287 2681
2437 2682
2510 2683
2557 2684
2166 2685
2508 2686
2527 2687
2465 2688
2607 2689
2538 2690
2225 2691
2443 2692
2542 2693
2642 2694
2286 2695
2669 2696
2456 2697
2649 2698
2223 2699
2610 2700
2377 2701
2635 2702
2374 2703
2544 2704
2387 2705
2651 2706
2536 2707
2568 2708
2690 2709
2706 2710
2477 2711
2682 2712
2662 2713
2502 2714
2604 2715
2686 2716
2629 2717
2063 2718
2586 2719
2560 2720
2279 2721
2710 2722
2444 2723
2647 2724
2616 2725
2457 2726
2567 2727
2707 2728
2571 2729
2724 2730
2464 2731
2520 2732
2388 2733
2609 2734
2666 2735
2723 2736
2726 2737
2620 2738
2675 2739
2623 2740
2689 2741
2552 2742
1893 2743
2721 2744
2653 2745
2369 2746
2698 2747
2630 2748
2445 2749
2677 2750
2652 2751
2749 2752
2669 2753
2555 2754
2700 2755
2692 2756
2435 2757
2717 2758
2611 2759
2563 2760
2497 2761
2141 2762
2602 2763
2716 2764
2347 2765
2505 2766
2584 2767
2452 2768
2384 2769
2657 2770
2463 2771
2765 2772
2650 2773
2390 2774
2567 2775
2736 2776
2386 2777
2680 2778
2702 2779
2737 2780
2345 2781
2673 2782
2696 2783
2685 2784
2447 2785
2440 2786
2785 2787
2660 2788
2601 2789
2251 2790
2783 2791
2776 2792
2373 2793
2467 2794
2738 2795
2775 2796
2789 2797
2791 2798
2733 2799
2335 2800
2640 2801
2786 2802
2727 2803
2193 2804
2324 2805
2664 2806
2793 2807
2763 2808
2713 2809
2792 2810
2768 2811
2800 2812
2656 2813
2741 2814
2617 2815
2758 2816
2812 2817
2745 2818
2806 2819
2797 2820
2678 2821
2471 2822
2697 2823
2693 2824
2759 2825
2794 2826
2628 2827
2819 2828
2825 2829
2798 2830
2795 2831
2516 2832
2804 2833
2752 2834
2756 2835
2740 2836
2827 2837
2714 2838
2578 2839
2732 2840
2704 2841
2615 2842
2701 2843
2799 2844
2670 2845
2830 2846
2621 2847
2829 2848
2840 2849
2525 2850
2694 2851
2739 2852
2703 2853
2646 2854
2815 2855
1920 2856
2588 2857
2495 2858
2844 2859
2574 2860
2795 2861
2523 2862
2541 2863
2401 2864
2747 2865
2817 2866
2839 2867
2580 2868
2864 2869
2774 2870
2784 2871
2846 2872
2813 2873
2468 2874
2795 2875
2574 2876
2622 2877
2869 2878
2781 2879
2770 2880
2626 2881
2371 2882
2831 2883
2747 2884
2599 2885
2816 2886
2875 2887
2845 2888
2835 2889
2234 2890
2858 2891
2720 2892
2874 2893
2877 2894
2639 2895
2796 2896
2663 2897
2757 2898
2743 2899
2882 2900
2822 2901
2837 2902
2397 2903
2896 2904
2901 2905
2869 2906
2810 2907
2581 2908
2740 2909
2894 2910
2526 2911
2433 2912
2802 2913
2746 2914
2436 2915
2564 2916
2742 2917
2778 2918
2699 2919
2917 2920
2807 2921
2824 2922
2830 2923
2712 2924
2848 2925
2734 2926
2683 2927
2438 2928
2750 2929
2086 2930
2884 2931
2512 2932
2904 2933
2633 2934
2754 2935
2297 2936
2729 2937
2818 2938
2860 2939
2427 2940
2735 2941
2460 2942
2906 2943
2836 2944
2691 2945
2587 2946
2847 2947
2915 2948
2582 2949
2940 2950
2866 2951
2730 2952
2844 2953
2931 2954
2917 2955
2645 2956
1937 2957
2914 2958
2921 2959
2674 2960
2936 2961
2925 2962
2898 2963
2760 2964
2732 2965
1570 2966
2956 2967
2751 2968
2508 2969
2871 2970
2865 2971
2879 2972
2929 2973
2089 2974
2446 2975
2788 2976
2933 2977
2787 2978
2766 2979
2965 2980
2922 2981
2943 2982
2938 2983
2958 2984
2634 2985
2946 2986
2782 2987
2972 2988
2952 2989
2949 2990
2573 2991
2874 2992
2432 2993
2834 2994
2854 2995
2942 2996
2641 2997
2772 2998
2960 2999
2375 3000
2731 3001
2715 3002
2801 3003
2998 3004
2823 3005
2121 3006
2979 3007
2950 3008
2269 3009
2482 3010
2982 3011
2888 3012
2964 3013
2820 3014
2658 3015
2719 3016
2705 3017
2890 3018
2681 3019
3001 3020
2909 3021
2551 3022
2753 3023
2962 3024
2771 3025
2765 3026
3025 3027
2842 3028
2985 3029
2821 3030
2852 3031
3003 3032
2977 3033
2951 3034
2954 3035
2323 3036
2975 3037
2769 3038
2684 3039
3013 3040
2569 3041
2913 3042
2880 3043
2838 3044
2878 3045
3018 3046
2849 3047
3023 3048
3010 3049
2780 3050
2868 3051
2852 3052
2897 3053
2794 3054
2885 3055
2900 3056
2665 3057
3037 3058
2910 3059
2679 3060
3048 3061
2439 3062
2927 3063
3012 3064
3031 3065
2945 3066
2850 3067
2873 3068
2339 3069
2955 3070
2912 3071
2522 3072
2484 3073
3064 3074
3035 3075
2810 3076
2895 3077
3034 3078
2600 3079
2918 3080
2408 3081
2867 3082
2891 3083
2455 3084
2803 3085
2959 3086
2899 3087
3032 3088
3075 3089
2966 3090
3020 3091
3070 3092
2990 3093
3033 3094
2779 3095
3074 3096
2398 3097
2994 3098
2961 3099
2828 3100
2996 3101
3093 3102
3044 3103
3050 3104
2893 3105
3047 3106
3038 3107
2697 3108
2963 3109
3021 3110
3040 3111
3104 3112
2862 3113
2995 3114
3071 3115
2270 3116
3081 3117
3117 3118
3099 3119
3022 3120
3062 3121
2687 3122
2980 3123
2826 3124
2968 3125
3098 3126
2997 3127
2979 3128
3015 3129
3014 3130
3034 3131
3089 3132
3123 3133
3026 3134
2916 3135
3103 3136
3116 3137
3131 3138
2695 3139
2911 3140
3091 3141
3069 3142
3036 3143
3005 3144
2814 3145
2580 3146
2899 3147
3130 3148
3057 3149
3007 3150
3095 3151
2971 3152
3084 3153
2748 3154
3137 3155
2655 3156
3073 3157
3076 3158
1901 3159
2981 3160
3109 3161
3041 3162
2755 3163
2709 3164
2832 3165
2422 3166
3009 3167
3100 3168
2603 3169
2711 3170
2919 3171
3016 3172
3055 3173
3056 3174
2974 3175
2876 3176
3166 3177
3039 3178
3119 3179
2605 3180
2982 3181
2902 3182
2944 3183
2360 3184
3038 3185
3170 3186
3113 3187
3045 3188
2274 3189
3094 3190
2659 3191
3151 3192
3102 3193
2728 3194
3114 3195
3156 3196
3140 3197
3052 3198
3190 3199
3198 3200
2180 3201
3068 3202
2821 3203
2851 3204
2843 3205
3133 3206
2570 3207
3019 3208
3193 3209
3186 3210
3201 3211
3195 3212
2676 3213
2600 3214
3103 3215
3111 3216
2702 3217
3121 3218
3215 3219
2978 3220
2934 3221
3185 3222
3008 3223
3072 3224
3205 3225
2935 3226
3205 3227
2426 3228
3017 3229
3194 3230
3079 3231
3188 3232
2976 3233
2761 3234
2999 3235
2986 3236
3059 3237
3030 3238
2889 3239
3211 3240
2953 3241
3147 3242
2870 3243
2437 3244
3168 3245
3027 3246
2881 3247
3199 3248
3225 3249
2920 3250
3242 3251
2989 3252
3235 3253
3090 3254
3049 3255
2948 3256
3246 3257
3146 3258
3214 3259
3051 3260
2718 3261
3228 3262
2907 3263
3029 3264
3218 3265
2394 3266
3006 3267
3085 3268
3132 3269
3011 3270
3107 3271
3110 3272
3254 3273
3108 3274
3213 3275
2725 3276
3149 3277
3052 3278
3066 3279
2928 3280
3115 3281
3088 3282
3255 3283
2722 3284
3184 3285
3234 3286
3061 3287
3267 3288
3232 3289
3196 3290
3222 3291
3231 3292
3070 3293
3203 3294
3260 3295
3250 3296
3118 3297
3174 3298
3217 3299
3247 3300
3155 3301
2532 3302
3143 3303
2811 3304
2809 3305
3239 3306
3263 3307
3286 3308
2874 3309
2762 3310
2672 3311
3233 3312
3112 3313
2886 3314
2833 3315
2963 3316
2518 3317
3028 3318
3248 3319
2993 3320
2926 3321
3226 3322
3229 3323
3002 3324
3117 3325
3099 3326
3141 3327
3291 3328
2805 3329
2708 3330
3181 3331
3096 3332
3262 3333
3204 3334
3187 3335
3261 3336
3302 3337
3240 3338
3243 3339
2504 3340
3162 3341
2887 3342
2957 3343
3315 3344
2863 3345
3171 3346
3330 3347
3192 3348
2988 3349
3345 3350
2969 3351
3144 3352
2395 3353
3350 3354
3126 3355
3251 3356
2767 3357
3237 3358
3219 3359
2932 3360
3167 3361
3004 3362
3065 3363
3333 3364
3326 3365
3097 3366
2908 3367
3164 3368
3361 3369
3086 3370
3206 3371
3284 3372
2430 3373
3322 3374
3276 3375
2970 3376
3265 3377
3229 3378
2404 3379
3335 3380
2992 3381
3083 3382
3273 3383
3124 3384
3122 3385
2861 3386
3285 3387
3063 3388
3105 3389
3341 3390
3314 3391
3389 3392
3382 3393
2905 3394
3217 3395
3331 3396
3053 3397
2530 3398
2858 3399
3134 3400
3324 3401
3082 3402
3275 3403
3127 3404
2930 3405
2796 3406
3241 3407
3150 3408
3359 3409
3258 3410
3352 3411
3386 3412
3245 3413
3296 3414
2947 3415
3303 3416
3316 3417
3157 3418
2973 3419
3000 3420
2488 3421
3191 3422
3380 3423
3393 3424
3154 3425
3106 3426
3394 3427
3392 3428
2859 3429
3373 3430
3278 3431
3230 3432
3256 3433
3161 3434
2751 3435
2903 3436
3436 3437
2627 3438
3368 3439
3263 3440
3353 3441
2577 3442
3293 3443
3427 3444
3209 3445
3160 3446
3289 3447
3363 3448
3415 3449
3183 3450
2808 3451
3138 3452
3252 3453
3395 3454
3402 3455
3163 3456
3352 3457
2790 3458
3374 3459
3142 3460
3153 3461
3207 3462
3045 3463
3370 3464
3058 3465
3176 3466
3277 3467
3071 3468
3441 3469
3407 3470
3295 3471
3054 3472
3292 3473
2991 3474
3266 3475
3447 3476
3067 3477
3306 3478
3170 3479
3463 3480
3442 3481
3269 3482
3406 3483
3406 3484
2939 3485
3429 3486
3376 3487
3319 3488
3223 3489
3482 3490
3400 3491
2937 3492
3355 3493
3471 3494
3456 3495
3423 3496
2987 3497
3264 3498
3467 3499
3442 3500
3346 3501
3369 3502
3101 3503
3223 3504
3307 3505
2608 3506
3444 3507
3448 3508
3327 3509
3358 3510
3470 3511
3396 3512
3455 3513
3281 3514
3120 3515
3304 3516
3455 3517
2102 3518
3287 3519
3412 3520
3509 3521
3458 3522
3216 3523
3173 3524
3379 3525
3414 3526
2983 3527
3210 3528
2856 3529
3227 3530
3202 3531
3325 3532
3135 3533
3064 3534
3004 3535
3143 3536
3478 3537
3401 3538
2872 3539
3408 3540
3078 3541
3460 3542
3450 3543
2418 3544
3280 3545
3519 3546
3513 3547
3504 3548
3152 3549
3411 3550
3305 3551
3390 3552
3445 3553
3145 3554
3516 3555
3268 3556
3480 3557
3087 3558
3024 3559
3543 3560
2671 3561
3297 3562
3373 3563
3497 3564
3546 3565
3432 3566
3409 3567
3385 3568
3249 3569
3540 3570
3180 3571
3514 3572
3236 3573
3469 3574
3177 3575
3539 3576
2941 3577
3545 3578
3521 3579
3228 3580
3495 3581
3329 3582
3253 3583
3256 3584
3356 3585
3474 3586
3421 3587
3175 3588
3440 3589
3529 3590
3340 3591
3557 3592
3332 3593
3487 3594
2744 3595
3522 3596
3418 3597
3219 3598
3573 3599
3446 3600
3544 3601
3283 3602
3060 3603
3582 3604
3511 3605
3554 3606
3575 3607
3080 3608
3417 3609
3349 3610
3298 3611
3492 3612
3593 3613
3437 3614
3562 3615
3464 3616
3615 3617
3516 3618
3476 3619
3360 3620
3483 3621
3208 3622
3584 3623
3294 3624
3159 3625
3536 3626
3464 3627
2883 3628
3387 3629
2667 3630
3533 3631
3591 3632
3466 3633
3212 3634
3477 3635
3580 3636
3257 3637
3479 3638
3270 3639
3371 3640
3592 3641
3498 3642
3587 3643
3077 3644
3568 3645
3530 3646
3337 3647
3475 3648
3301 3649
3043 3650
3561 3651
3578 3652
3577 3653
3650 3654
3528 3655
3555 3656
3627 3657
3507 3658
3313 3659
3339 3660
3465 3661
3443 3662
3197 3663
3653 3664
3538 3665
3619 3666
3532 3667
3200 3668
3491 3669
3221 3670
2773 3671
2612 3672
3588 3673
3550 3674
3449 3675
2984 3676
3148 3677
3590 3678
3129 3679
2862 3680
3378 3681
3494 3682
3612 3683
3388 3684
3617 3685
3321 3686
3311 3687
3280 3688
3556 3689
3526 3690
3255 3691
3563 3692
3535 3693
3603 3694
3486 3695
3673 3696
3506 3697
3271 3698
3620 3699
3697 3700
3481 3701
3606 3702
3398 3703
3598 3704
3425 3705
3365 3706
3397 3707
3631 3708
3381 3709
3548 3710
3334 3711
3272 3712
3681 3713
3508 3714
3338 3715
3404 3716
3433 3717
3354 3718
3336 3719
3622 3720
3685 3721
3637 3722
3682 3723
3708 3724
3428 3725
3659 3726
3529 3727
3613 3728
2725 3729
3457 3730
3484 3731
3169 3732
3351 3733
3618 3734
3320 3735
3630 3736
3688 3737
3728 3738
3493 3739
3654 3740
3621 3741
3585 3742
3643 3743
3348 3744
3541 3745
3646 3746
3705 3747
3560 3748
2855 3749
3711 3750
3569 3751
3736 3752
3189 3753
3676 3754
3224 3755
3610 3756
3328 3757
3614 3758
3707 3759
3719 3760
3565 3761
2853 3762
3734 3763
3515 3764
3499 3765
3323 3766
3092 3767
3696 3768
3501 3769
3609 3770
2576 3771
3686 3772
3635 3773
3633 3774
3404 3775
3551 3776
3768 3777
3695 3778
3405 3779
3538 3780
3187 3781
3490 3782
3684 3783
3733 3784
3777 3785
3518 3786
3693 3787
3677 3788
3707 3789
3779 3790
3343 3791
3727 3792
3758 3793
3776 3794
2924 3795
3139 3796
3699 3797
3607 3798
3605 3799
3411 3800
3766 3801
3754 3802
2643 3803
3384 3804
3732 3805
3721 3806
3798 3807
3765 3808
3702 3809
3165 3810
3318 3811
3718 3812
3785 3813
3661 3814
3583 3815
3542 3816
3517 3817
2923 3818
3628 3819
3452 3820
3698 3821
3783 3822
3764 3823
3753 3824
3618 3825
3692 3826
3782 3827
3567 3828
3362 3829
3558 3830
3772 3831
3820 3832
3724 3833
3744 3834
3788 3835
3665 3836
3602 3837
3238 3838
3298 3839
3410 3840
3254 3841
3804 3842
3786 3843
3741 3844
3822 3845
3691 3846
2477 3847
3597 3848
2841 3849
3739 3850
3729 3851
3740 3852
3651 3853
3046 3854
3290 3855
3611 3856
3802 3857
3623 3858
3125 3859
3562 3860
3823 3861
3838 3862
3648 3863
3807 3864
3634 3865
3850 3866
3757 3867
3601 3868
3259 3869
3611 3870
3438 3871
3801 3872
3738 3873
3858 3874
3347 3875
3461 3876
3414 3877
3844 3878
3867 3879
3557 3880
3626 3881
3790 3882
3873 3883
3657 3884
3579 3885
3312 3886
3439 3887
3740 3888
3671 3889
3364 3890
3807 3891
3524 3892
3781 3893
3778 3894
3871 3895
3689 3896
3833 3897
3852 3898
3784 3899
2777 3900
3357 3901
3811 3902
3663 3903
3652 3904
3882 3905
3803 3906
3775 3907
2962 3908
3576 3909
3489 3910
3908 3911
3717 3912
3586 3913
3797 3914
3856 3915
3317 3916
3424 3917
3904 3918
3763 3919
3900 3920
3841 3921
3713 3922
3761 3923
3850 3924
3420 3925
3422 3926
3468 3927
3770 3928
3570 3929
3300 3930
3910 3931
3821 3932
3832 3933
3715 3934
3752 3935
3660 3936
3861 3937
3896 3938
3938 3939
3769 3940
3647 3941
3866 3942
3700 3943
3825 3944
3668 3945
3502 3946
3701 3947
3943 3948
3911 3949
3678 3950
3898 3951
3462 3952
3759 3953
3944 3954
3746 3955
3786 3956
3745 3957
3817 3958
3547 3959
3950 3960
3669 3961
3503 3962
3876 3963
3868 3964
3672 3965
3837 3966
3834 3967
3917 3968
3564 3969
3875 3970
3831 3971
3649 3972
3872 3973
3939 3974
3952 3975
3902 3976
3794 3977
3608 3978
3391 3979
3510 3980
3971 3981
3799 3982
3624 3983
3972 3984
3856 3985
3970 3986
3638 3987
3434 3988
3905 3989
3792 3990
3883 3991
3796 3992
3751 3993
3726 3994
2688 3995
3549 3996
3299 3997
3921 3998
3829 3999
3945 4000
3787 4001
3377 4002
3954 4003
3813 4004
3730 4005
3845 4006
3703 4007
2382 4008
3973 4009
3755 4010
3828 4011
3462 4012
3793 4013
3884 4014
3956 4015
3690 4016
3473 4017
3986 4018
3451 4019
3999 4020
3937 4021
3914 4022
3774 4023
3629 4024
4010 4025
2857 4026
3991 4027
3525 4028
2908 4029
3959 4030
3723 4031
3892 4032
3984 4033
3818 4034
3998 4035
3604 4036
3498 4037
3899 4038
3995 4039
3636 4040
3953 4041
4029 4042
4032 4043
3640 4044
4036 4045
3559 4046
3936 4047
3847 4048
3383 4049
3947 4050
3993 4051
3593 4052
4015 4053
4047 4054
3800 4055
3804 4056
4037 4057
3789 4058
3815 4059
3413 4060
3864 4061
3625 4062
3920 4063
3419 4064
3500 4065
3366 4066
3537 4067
3870 4068
3969 4069
3931 4070
3989 4071
3435 4072
3485 4073
3664 4074
4034 4075
3980 4076
3716 4077
3929 4078
4061 4079
3912 4080
3642 4081
3996 4082
3826 4083
4071 4084
3851 4085
3923 4086
3981 4087
3760 4088
4013 4089
4012 4090
4023 4091
4085 4092
4046 4093
3997 4094
4028 4095
3978 4096
3915 4097
3288 4098
3403 4099
3994 4100
4016 4101
3749 4102
3933 4103
3964 4104
3903 4105
3220 4106
3431 4107
3636 4108
3887 4109
3722 4110
3639 4111
3735 4112
3949 4113
3960 4114
4078 4115
4063 4116
4037 4117
3488 4118
3975 4119
4113 4120
3966 4121
3839 4122
4075 4123
3982 4124
2533 4125
4095 4126
4010 4127
3980 4128
4006 4129
3674 4130
3694 4131
4084 4132
4027 4133
3922 4134
3987 4135
4078 4136
3857 4137
4065 4138
4039 4139
3600 4140
3941 4141
3997 4142
4074 4143
4000 4144
4138 4145
3566 4146
4025 4147
4097 4148
3919 4149
3951 4150
3546 4151
4106 4152
3178 4153
4120 4154
4069 4155
4148 4156
4125 4157
3679 4158
4060 4159
3863 4160
4130 4161
3979 4162
3855 4163
3962 4164
4040 4165
4155 4166
3926 4167
4150 4168
3523 4169
4077 4170
3737 4171
4054 4172
4081 4173
3342 4174
3866 4175
3838 4176
4165 4177
3594 4178
3927 4179
4096 4180
4142 4181
4179 4182
4145 4183
4048 4184
3874 4185
4154 4186
4158 4187
3606 4188
4012 4189
4110 4190
3637 4191
3779 4192
3645 4193
3524 4194
4096 4195
3742 4196
3762 4197
4114 4198
4117 4199
4143 4200
3930 4201
4094 4202
3042 4203
4070 4204
4080 4205
3496 4206
3816 4207
3658 4208
4186 4209
3747 4210
4144 4211
3656 4212
4005 4213
4180 4214
3897 4215
4019 4216
4183 4217
3975 4218
3984 4219
3550 4220
4135 4221
2486 4222
4073 4223
3888 4224
4219 4225
4088 4226
3819 4227
4050 4228
3158 4229
3725 4230
4124 4231
3846 4232
4035 4233
4169 4234
4192 4235
4062 4236
3976 4237
4155 4238
3712 4239
4167 4240
3399 4241
3683 4242
4212 4243
4221 4244
3279 4245
3552 4246
4209 4247
3972 4248
3344 4249
4093 4250
4066 4251
3182 4252
3869 4253
4176 4254
4201 4255
3644 4256
4247 4257
3806 4258
4128 4259
3891 4260
4230 4261
4161 4262
3704 4263
4049 4264
4251 4265
4086 4266
4068 4267
4231 4268
3750 4269
4018 4270
3712 4271
3707 4272
3824 4273
4041 4274
3714 4275
3426 4276
4172 4277
4092 4278
3862 4279
4129 4280
3279 4281
4175 4282
4103 4283
3572 4284
3946 4285
3840 4286
4119 4287
4198 4288
4277 4289
4258 4290
4237 4291
3367 4292
4261 4293
4076 4294
3961 4295
4130 4296
3814 4297
3710 4298
3136 4299
4008 4300
3930 4301
4045 4302
4146 4303
4259 4304
4199 4305
3993 4306
4182 4307
3894 4308
4302 4309
4297 4310
4220 4311
4153 4312
4249 4313
4285 4314
3599 4315
4213 4316
3773 4317
4309 4318
4017 4319
4042 4320
4207 4321
4257 4322
3992 4323
4136 4324
4123 4325
4168 4326
4303 4327
4151 4328
4238 4329
4244 4330
4205 4331
3450 4332
3955 4333
3829 4334
4228 4335
4257 4336
3849 4337
4326 4338
4329 4339
4083 4340
3889 4341
4245 4342
4296 4343
4187 4344
4206 4345
4116 4346
4318 4347
4236 4348
4262 4349
4090 4350
3836 4351
4307 4352
3830 4353
4072 4354
4190 4355
4147 4356
4279 4357
4102 4358
3805 4359
3534 4360
4230 4361
4033 4362
4163 4363
4159 4364
4352 4365
4164 4366
3983 4367
3853 4368
3881 4369
4214 4370
4370 4371
3512 4372
4325 4373
4298 4374
3860 4375
3589 4376
4101 4377
3913 4378
4127 4379
4044 4380
4111 4381
3929 4382
4126 4383
4171 4384
4351 4385
4348 4386
4137 4387
4266 4388
4203 4389
4133 4390
3985 4391
4385 4392
4388 4393
3416 4394
4107 4395
4194 4396
4105 4397
4227 4398
4108 4399
3263 4400
4098 4401
4364 4402
3430 4403
4003 4404
4368 4405
3309 4406
4317 4407
4390 4408
4223 4409
3595 4410
3531 4411
3308 4412
3940 4413
4284 4414
4181 4415
4091 4416
4228 4417
4365 4418
4113 4419
4287 4420
4211 4421
4263 4422
4246 4423
4226 4424
3655 4425
4311 4426
4087 4427
4407 4428
4424 4429
4367 4430
4256 4431
4273 4432
4149 4433
4432 4434
3553 4435
4358 4436
3282 4437
4055 4438
4395 4439
4341 4440
4160 4441
4255 4442
3680 4443
3958 4444
4435 4445
4378 4446
4132 4447
4306 4448
4239 4449
4157 4450
3957 4451
4138 4452
4164 4453
4440 4454
4049 4455
4002 4456
4311 4457
4225 4458
4331 4459
4378 4460
3808 4461
4419 4462
4449 4463
4202 4464
4319 4465
3809 4466
4443 4467
4379 4468
4357 4469
3901 4470
3907 4471
3670 4472
4423 4473
4058 4474
4229 4475
4200 4476
4308 4477
3574 4478
4253 4479
4455 4480
4393 4481
4141 4482
4453 4483
4478 4484
3666 4485
4396 4486
4338 4487
4431 4488
4418 4489
4043 4490
4485 4491
3967 4492
4104 4493
4336 4494
4414 4495
4289 4496
4343 4497
4077 4498
3974 4499
4412 4500
4049 4501
4353 4502
3771 4503
4270 4504
4265 4505
4079 4506
4327 4507
4420 4508
4450 4509
4243 4510
3909 4511
3925 4512
3948 4513
4373 4514
4413 4515
4235 4516
3632 4517
4026 4518
4347 4519
4382 4520
4082 4521
4312 4522
4487 4523
4376 4524
4503 4525
2844 4526
4346 4527
4354 4528
4425 4529
3654 4530
4384 4531
4256 4532
4528 4533
4380 4534
4271 4535
4222 4536
4527 4537
4387 4538
3791 4539
4459 4540
4290 4541
4486 4542
4522 4543
4350 4544
4427 4545
4499 4546
4310 4547
4479 4548
4471 4549
4448 4550
3372 4551
4482 4552
4053 4553
4401 4554
4109 4555
3731 4556
4139 4557
4059 4558
4134 4559
4100 4560
3720 4561
4149 4562
4073 4563
4386 4564
4125 4565
4477 4566
4334 4567
4286 4568
4136 4569
4563 4570
4495 4571
4508 4572
4177 4573
4241 4574
3453 4575
4454 4576
4516 4577
4561 4578
4463 4579
4304 4580
4576 4581
4218 4582
4361 4583
4462 4584
4493 4585
4392 4586
4162 4587
4504 4588
4383 4589
3244 4590
3596 4591
3743 4592
4293 4593
4574 4594
4315 4595
4064 4596
4541 4597
3675 4598
4228 4599
4024 4600
4447 4601
4583 4602
4264 4603
4512 4604
4461 4605
4381 4606
3527 4607
4444 4608
3906 4609
4569 4610
4328 4611
4295 4612
4559 4613
3641 4614
4539 4615
4342 4616
4515 4617
4168 4618
4517 4619
4617 4620
4530 4621
4248 4622
4400 4623
3928 4624
3128 4625
4030 4626
4513 4627
4452 4628
4244 4629
4215 4630
4059 4631
4547 4632
4629 4633
4616 4634
4614 4635
4021 4636
4529 4637
4274 4638
4562 4639
4501 4640
4422 4641
3977 4642
4112 4643
4475 4644
4623 4645
4191 4646
4324 4647
4542 4648
4375 4649
4366 4650
4307 4651
4543 4652
4500 4653
4014 4654
4440 4655
4446 4656
4632 4657
4232 4658
3968 4659
4057 4660
3812 4661
4640 4662
4465 4663
4438 4664
4038 4665
4283 4666
4371 4667
4620 4668
4664 4669
4166 4670
4533 4671
4344 4672
4585 4673
4491 4674
4433 4675
4468 4676
4546 4677
4475 4678
4661 4679
4401 4680
4268 4681
4659 4682
3877 4683
4545 4684
4362 4685
3932 4686
4345 4687
4526 4688
3277 4689
3865 4690
4524 4691
4587 4692
4140 4693
4675 4694
4170 4695
4031 4696
4532 4697
4681 4698
4631 4699
4521 4700
4411 4701
4408 4702
4051 4703
4208 4704
4554 4705
4022 4706
4677 4707
4335 4708
4565 4709
4520 4710
4323 4711
4152 4712
2804 4713
4580 4714
3924 4715
4653 4716
4247 4717
3375 4718
4707 4719
4519 4720
4121 4721
4337 4722
3935 4723
4719 4724
3964 4725
4642 4726
4299 4727
3843 4728
3748 4729
4115 4730
4615 4731
4009 4732
3795 4733
3916 4734
3472 4735
4604 4736
4314 4737
4637 4738
4389 4739
4195 4740
4437 4741
3961 4742
4698 4743
4609 4744
4472 4745
4097 4746
4536 4747
4654 4748
4131 4749
4233 4750
4567 4751
4120 4752
4374 4753
4652 4754
3581 4755
4751 4756
4718 4757
4584 4758
4156 4759
4738 4760
4217 4761
4415 4762
4633 4763
4612 4764
4746 4765
4173 4766
3756 4767
4484 4768
4752 4769
3778 4770
4278 4771
4606 4772
4638 4773
4693 4774
4551 4775
4756 4776
4727 4777
4670 4778
3934 4779
4741 4780
4644 4781
4621 4782
4340 4783
4753 4784
4483 4785
4418 4786
4441 4787
4590 4788
4647 4789
4739 4790
4280 4791
4657 4792
4788 4793
4625 4794
4578 4795
4725 4796
4281 4797
4321 4798
4712 4799
4430 4800
3810 4801
4658 4802
4676 4803
3767 4804
4429 4805
4549 4806
4739 4807
3454 4808
4406 4809
4626 4810
4313 4811
4689 4812
4737 4813
4708 4814
4492 4815
4627 4816
4540 4817
4779 4818
4417 4819
4608 4820
4619 4821
4505 4822
4260 4823
4680 4824
4292 4825
4780 4826
4342 4827
4823 4828
4594 4829
4402 4830
4410 4831
4803 4832
4696 4833
4611 4834
4523 4835
4721 4836
4122 4837
4791 4838
2890 4839
4267 4840
4272 4841
4610 4842
3918 4843
4813 4844
4758 4845
4282 4846
4488 4847
4735 4848
4656 4849
4682 4850
4845 4851
4184 4852
4805 4853
4363 4854
4414 4855
3709 4856
4722 4857
3689 4858
4455 4859
4777 4860
4319 4861
4333 4862
4759 4863
4322 4864
4364 4865
4646 4866
4481 4867
4588 4868
4591 4869
4349 4870
4672 4871
4619 4872
4436 4873
4636 4874
3172 4875
4825 4876
4766 4877
3883 4878
4421 4879
4596 4880
4294 4881
4724 4882
4814 4883
4579 4884
4857 4885
4849 4886
4700 4887
4885 4888
4755 4889
4620 4890
4603 4891
4821 4892
4575 4893
4607 4894
4754 4895
4878 4896
4601 4897
4507 4898
4435 4899
3878 4900
4294 4901
4557 4902
4728 4903
3885 4904
4460 4905
4552 4906
4548 4907
4571 4908
4690 4909
4586 4910
4692 4911
4853 4912
4908 4913
4873 4914
4716 4915
4801 4916
4373 4917
4291 4918
4838 4919
4810 4920
4011 4921
4699 4922
4478 4923
4673 4924
4816 4925
4564 4926
4185 4927
4204 4928
4577 4929
3842 4930
4572 4931
4889 4932
4787 4933
4933 4934
3886 4935
4405 4936
4865 4937
4714 4938
4810 4939
4713 4940
4372 4941
4600 4942
4562 4943
4697 4944
4796 4945
4412 4946
4136 4947
4685 4948
4593 4949
4535 4950
4651 4951
4733 4952
4649 4953
4316 4954
4802 4955
4377 4956
4926 4957
4592 4958
4490 4959
4930 4960
4597 4961
4883 4962
3616 4963
4497 4964
4840 4965
4817 4966
4878 4967
4605 4968
4582 4969
3505 4970
4240 4971
4442 4972
4792 4973
4897 4974
3988 4975
4391 4976
4928 4977
4553 4978
4731 4979
4918 4980
4764 4981
4931 4982
4650 4983
4887 4984
4927 4985
4920 4986
4369 4987
4890 4988
4858 4989
4924 4990
4474 4991
4892 4992
4301 4993
4976 4994
4538 4995
4052 4996
4439 4997
4832 4998
4535 4999
4984 5000
0 0 0 0 0 0 0 0 0 0 0 0 0 0 0 0 0 0 0 0 0 0 0 0 0 0 0 0 0 0 0 0 0 0 0 0 0 0 0 0 0 0 0 0 0 0 0 0 0 0 0 0 0 0 0 0 0 0 0 0 0 0 0 0 0 0 0 0 0 0 0 0 0 0 0 0 0 0 0 0 0 0 0 0 0 0 0 0 0 0 0 0 0 0 0 0 0 0 0 0 0 0 0 0 0 0 0 0 0 0 0 0 0 0 0 0 0 0 0 0 0 0 0 0 0 0 0 0 0 0 0 0 0 0 0 0 0 0 0 0 0 0 0 0 0 0 0 0 0 0 0 0 0 0 0 0 0 0 0 0 0 0 0 0 0 0 0 0 0 0 0 0 0 0 0 0 0 0 0 0 0 0 0 0 0 0 0 0 0 0 0 0 0 0 0 0 0 0 0 0 0 0 0 0 0 0 0 0 0 0 0 0 0 0 0 0 0 0 0 0 0 0 0 0 0 0 0 0 0 0 0 0 0 0 0 0 0 0 0 0 0 0 0 0 0 0 0 0 0 0 0 0 0 0 0 0 0 0 0 0 0 0 0 0 0 0 0 0 0 0 0 0 0 0 0 0 0 0 0 0 0 0 0 0 0 0 0 0 0 0 0 0 0 0 0 0 0 0 0 0 0 0 0 0 0 0 0 0 0 0 0 0 0 0 0 0 0 0 0 0 0 0 0 0 0 0 0 0 0 0 0 0 0 0 0 0 0 0 0 0 0 0 0 0 0 0 0 0 0 0 0 0 0 0 0 0 0 0 0 0 0 0 0 0 0 0 0 0 0 0 0 0 0 0 0 0 0 0 0 0 0 0 0 0 0 0 0 0 0 0 0 0 0 0 0 0 0 0 0 0 0 0 0 0 0 0 0 0 0 0 0 0 0 0 0 0 0 0 0 0 0 0 0 0 0 0 0 0 0 0 0 0 0 0 0 0 0 0 0 0 0 0 0 0 0 0 0 0 0 0 0 0 0 0 0 0 0 0 0 0 0 0 0 0 0 0 0 0 0 0 0 0 0 0 0 0 0 0 0 0 0 0 0 0 0 0 0 0 0 0 0 0 0 0 0 0 0 0 0 0 0 0 0 0 0 0 0 0 0 0 0 0 0 0 0 0 0 0 0 0 0 0 0 0 0 0 0 0 0 0 0 0 0 0 0 0 0 0 0 0 0 0 0 0 0 0 0 0 0 0 0 0 0 0 0 0 0 0 0 0 0 0 0 0 0 0 0 0 0 0 0 0 0 0 0 0 0 0 0 0 0 0 0 0 0 0 0 0 0 0 0 0 0 0 0 0 0 0 0 0 0 0 0 0 0 0 0 0 0 0 0 0 0 0 0 0 0 0 0 0 0 0 0 0 0 0 0 0 0 0 0 0 0 0 0 0 0 0 0 0 0 0 0 0 0 0 0 0 0 0 0 0 0 0 0 0 0 0 0 0 0 0 0 0 0 0 0 0 0 0 0 0 0 0 0 0 0 0 0 0 0 0 0 0 0 0 0 0 0 0 0 0 0 0 0 0 0 0 0 0 0 0 0 0 0 0 0 0 0 0 0 0 0 0 0 0 0 0 0 0 0 0 0 0 0 0 0 0 0 0 0 0 0 0 0 0 0 0 0 0 0 0 0 0 0 0 0 0 0 0 0 0 0 0 0 0 0 0 0 0 0 0 0 0 0 0 0 0 0 0 0 0 0 0 0 0 0 0 0 0 0 0 0 0 0 0 0 0 0 0 0 0 0 0 0 0 0 0 0 0 0 0 0 0 0 0 0 0 0 0 0 0 0 0 0 0 0 0 0 0 0 0 0 0 0 0 0 0 0 0 0 0 0 0 0 0 0 0 0 0 0 0 0 0 0 0 0 0 0 0 0 0 0 0 0 0 0 0 0 0 0 0 0 0 0 0 0 0 0 0 0 0 0 0 0 0 0 0 0 0 0 0 0 0 0 0 0 0 0 0 0 0 0 0 0 0 0 0 0 0 0 0 0 0 0 0 0 0 0 0 0 0 0 0 0 0 0 0 0 0 0 0 0 0 0 0 0 0 0 0 0 0 0 0 0 0 0 0 0 0 0 0 0 0 0 0 0 0 0 0 0 0 0 0 0 0 0 0 0 0 0 0 0 0 0 0 0 0 0 0 0 0 0 0 0 0 0 0 0 0 0 0 0 0 0 0 0 0 0 0 0 0 0 0 0 0 0 0 0 0 0 0 0 0 0 0 0 0 0 0 0 0 0 0 0 0 0 0 0 0 0 0 0 0 0 0 0 0 0 0 0 0 0 0 0 0 0 0 0 0 0 0 0 0 0 0 0 0 0 0 0 0 0 0 0 0 0 0 0 0 0 0 0 0 0 0 0 0 0 0 0 0 0 0 0 0 0 0 0 0 0 0 0 0 0 0 0 0 0 0 0 0 0 0 0 0 0 0 0 0 0 0 0 0 0 0 0 0 0 0 0 0 0 0 0 0 0 0 0 0 0 0 0 0 0 0 0 0 0 0 0 0 0 0 0 0 0 0 0 0 0 0 0 0 0 0 0 0 0 0 0 0 0 0 0 0 0 0 0 0 0 0 0 0 0 0 0 0 0 0 0 0 0 0 0 0 0 0 0 0 0 0 0 0 0 0 0 0 0 0 0 0 0 0 0 0 0 0 0 0 0 0 0 0 0 0 0 0 0 0 0 0 0 0 0 0 0 0 0 0 0 0 0 0 0 0 0 0 0 0 0 0 0 0 0 0 0 0 0 0 0 0 0 0 0 0 0 0 0 0 0 0 0 0 0 0 0 0 0 0 0 0 0 0 0 0 0 0 0 0 0 0 0 0 0 0 0 0 0 0 0 0 0 0 0 0 0 0 0 0 0 0 0 0 0 0 0 0 0 0 0 0 0 0 0 0 0 0 0 0 0 0 0 0 0 0 0 0 0 0 0 0 0 0 0 0 0 0 0 0 0 0 0 0 0 0 0 0 0 0 0 0 0 0 0 0 0 0 0 0 0 0 0 0 0 0 0 0 0 0 0 0 0 0 0 0 0 0 0 0 0 0 0 0 0 0 0 0 0 0 0 0 0 0 0 0 0 0 0 0 0 0 0 0 0 0 0 0 0 0 0 0 0 0 0 0 0 0 0 0 0 0 0 0 0 0 0 0 0 0 0 0 0 0 0 0 0 0 0 0 0 0 0 0 0 0 0 0 0 0 0 0 0 0 0 0 0 0 0 0 0 0 0 0 0 0 0 0 0 0 0 0 0 0 0 0 0 0 0 0 0 0 0 0 0 0 0 0 0 0 0 0 0 0 0 0 0 0 0 0 0 0 0 0 0 0 0 0 0 0 0 0 0 0 0 0 0 0 0 0 0 0 0 0 0 0 0 0 0 0 0 0 0 0 0 0 0 0 0 0 0 0 0 0 0 0 0 0 0 0 0 0 0 0 0 0 0 0 0 0 0 0 0 0 0 0 0 0 0 0 0 0 0 0 0 0 0 0 0 0 0 0 0 0 0 0 0 0 0 0 0 0 0 0 0 0 0 0 0 0 0 0 0 0 0 0 0 0 0 0 0 0 0 0 0 0 0 0 0 0 0 0 0 0 0 0 0 0 0 0 0 0 0 0 0 0 0 0 0 0 0 0 0 0 0 0 0 0 0 0 0 0 0 0 0 0 0 0 0 0 0 0 0 0 0 0 0 0 0 0 0 0 0 0 0 0 0 0 0 0 0 0 0 0 0 0 0 0 0 0 0 0 0 0 0 0 0 0 0 0 0 0 0 0 0 0 0 0 0 0 0 0 0 0 0 0 0 0 0 0 0 0 0 0 0 0 0 0 0 0 0 0 0 0 0 0 0 0 0 0 0 0 0 0 0 0 0 0 0 0 0 0 0 0 0 0 0 0 0 0 0 0 0 0 0 0 0 0 0 0 0 0 0 0 0 0 0 0 0 0 0 0 0 0 0 0 0 0 0 0 0 0 0 0 0 0 0 0 0 0 0 0 0 0 0 0 0 0 0 0 0 0 0 0 0 0 0 0 0 0 0 0 0 0 0 0 0 0 0 0 0 0 0 0 0 0 0 0 0 0 0 0 0 0 0 0 0 0 0 0 0 0 0 0 0 0 0 0 0 0 0 0 0 0 0 0 0 0 0 0 0 0 0 0 0 0 0 0 0 0 0 0 0 0 0 0 0 0 0 0 0 0 0 0 0 0 0 0 0 0 0 0 0 0 0 0 0 0 0 0 0 0 0 0 0 0 0 0 0 0 0 0 0 0 0 0 0 0 0 0 0 0 0 0 0 0 0 0 0 0 0 0 0 0 0 0 0 0 0 0 0 0 0 0 0 0 0 0 0 0 0 0 0 0 0 0 0 0 0 0 0 0 0 0 0 0 0 0 0 0 0 0 0 0 0 0 0 0 0 0 0 0 0 0 0 0 0 0 0 0 0 0 0 0 0 0 0 0 0 0 0 0 0 0 0 0 0 0 0 0 0 0 0 0 0 0 0 0 0 0 0 0 0 0 0 0 0 0 0 0 0 0 0 0 0 0 0 0 0 0 0 0 0 0 0 0 0 0 0 0 0 0 0 0 0 0 0 0 0 0 0 0 0 0 0 0 0 0 0 0 0 0 0 0 0 0 0 0 0 0 0 0 0 0 0 0 0 0 0 0 0 0 0 0 0 0 0 0 0 0 0 0 0 0 0 0 0 0 0 0 0 0 0 0 0 0 0 0 0 0 0 0 0 0 0 0 0 0 0 0 0 0 0 0 0 0 0 0 0 0 0 0 0 0 0 0 0 0 0 0 0 0 0 0 0 0 0 0 0 0 0 0 0 0 0 0 0 0 0 0 0 0 0 0 0 0 0 0 0 0 0 0 0 0 0 0 0 0 0 0 0 0 0 0 0 0 0 0 0 0 0 0 0 0 0 0 0 0 0 0 0 0 0 0 0 0 0 0 0 0 0 0 0 0 0 0 0 0 0 0 0 0 0 0 0 0 0 0 0 0 0 0 0 0 0 0 0 0 0 0 0 0 0 0 0 0 0 0 0 0 0 0 0 0 0 0 0 0 0 0 0 0 0 0 0 0 0 0 0 0 0 0 0 0 0 0 0 0 0 0 0 0 0 0 0 0 0 0 0 0 0 0 0 0 0 0 0 0 0 0 0 0 0 0 0 0 0 0 0 0 0 0 0 0 0 0 0 0 0 0 0 0 0 0 0 0 0 0 0 0 0 0 0 0 0 0 0 0 0 0 0 0 0 0 0 0 0 0 0 0 0 0 0 0 0 0 0 0 0 0 0 0 0 0 0 0 0 0 0 0 0 0 0 0 0 0 0 0 0 0 0 0 0 0 0 0 0 0 0 0 0 0 0 0 0 0 0 0 0 0 0 0 0 0 0 0 0 0 0 0 0 0 0 0 0 0 0 0 0 0 0 0 0 0 0 0 0 0 0 0 0 0 0 0 0 0 0 0 0 0 0 0 0 0 0 0 0 0 0 0 0 0 0 0 0 0 0 0 0 0 0 0 0 0 0 0 0 0 0 0 0 0 0 0 0 0 0 0 0 0 0 0 0 0 0 0 0 0 0 0 0 0 0 0 0 0 0 0 0 0 0 0 0 0 0 0 0 0 0 0 0 0 0 0 0 0 0 0 0 0 0 0 0 0 0 0 0 0 0 0 0 0 0 0 0 0 0 0 0 0 0 0 0 0 0 0 0 0 0 0 0 0 0 0 0 0 0 0 0 0 0 0 0 0 0 0 0 0 0 0 0 0 0 0 0 0 0 0 0 0 0 0 0 0 0 0 0 0 0 0 0 0 0 0 0 0 0 0 0 0 0 0 0 0 0 0 0 0 0 0 0 0 0 0 0 0 0 0 0 0 0 0 0 0 0 0 0 0 0 0 0 0 0 0 0 0 0 0 0 0 0 0 0 0 0 0 0 0 0 0 0 0 0 0 0 0 0 0 0 0 0 0 0 0 0 0 0 0 0 0 0 0 0 0 0 0 0 0 0 0 0 0 0 0 0 0 0 0 0 0 0 0 0 0 0 0 0 0 0 0 0 0 0 0 0 0 0 0 0 0 0 0 0 0 0 0 0 0 0 0 0 0 0 0 0 0 0 0 0 0 0 0 0 0 0 0 0 0 0 0 0 0 0 0 0 0 0 0 0 0 0 0 0 0 0 0 0 0 0 0 0 0 0 0 0 0 0 0 0 0 0 0 0 0 0 0 0 0 0 0 0 0 0 0 0 0 0 0 0 0 0 0 0 0 0 0 0 0 0 0 0 0 0 0 0 0 0 0 0 0 0 0 0 0 0 0 0 0 0 0 0 0 0 0 0 0 0 0 0 0 0 0 0 0 0 0 0 0 0 0 0 0 0 0 0 0 0 0 0 0 0 0 0 0 0 0 0 0 0 0 0 0 0 0 0 0 0 0 0 0 0 0 0 0 0 0 0 0 0 0 0 0 0 0 0 0 0 0 0 0 0 0 0 0 0 0 0 0 0 0 0 0 0 0 0 0 0 0 0 0 0 0 0 0 0 0 0 0 0 0 0 0 0 0 0 0 0 0 0 0 0 0 0 0 0 0 0 0 0 0 0 0 0 0 0 0 0 0 0 0 0 0 0 0 0 0 0 0 0 0 0 0 0 0 0 0 0 0 0 0 0 0 0 0 0 0 0 0 0 0 0 0 0 0 0 0 0 0 0 0 0 0 0 0 0 0 0 0 0 0 0 0 0 0 0 0 0 0 0 0 0 0 0 0 0 0 0 0 0 0 0 0 0 0 0 0 0 0 0 0 0 0 0 0 0 0 0 0 0 0 0 0 0 0 0 0 0 0 0 0 0 0 0 0 0 0 0 0 0 0 0 0 0 0 0 0 0 0 0 0 0 0 0 0 0 0 0 0 0 0 0 0 0 0 0 0 0 0 0 0 0 0 0 0 0 0 0 0 0 0 0 0 0 0 0 0 0 0 0 0 0 0 0 0 0 0 0 0 0 0 0 0 0 0 0 0 0 0 0 0 0 0 0 0 0 0 0 0 0 0 0 0 0 0 0 0 0 0 0 0 0 0 0 0 0 0 0 0 0 0 0 0 0 0 0 0 0 0 0 0 0 0 0 0 0 0 0 0 0 0 0 0 0 0 0 0 0 0 0 0 0 0 0 0 0 0 0 0 0 0 0 0 0 0 0 0 0 0 0 0 0 0 0 0 0 0 0 0 0 0 0 0 0 0 0 0 0 0 0 0 0 0 0 0 0 0 0 0 0 0 0 0 0 0 0 0 0 0 0 0 0 0 0 0 0 0 0 0 0 0 0 0 0 0 0 0 0 0 0 0 0 0 0 0 0 0 0 0 0 0 0 0 0 0 0 0 0 0 0 0 0 0 0 0 0 0 0 0 0 0 0 0 0 0 0 0 0 0 0 0 0 0 0 0 0 0 0 0 0 0 0 0 0 0 0 0 0 0 0 0 0 0 0 0 0 0 0 0 0 0 0 0 0 0 0 0 0 0 0 0 0 0 0 0 0 0 0 0 0 0 0 0 0 0 0 0 0 0 0 0 0 0 0 0 0 0 0 0 0 0 0 0 0 0 0 0 0 0 0 0 0 0 0 0 0 0 0 0 0 0 0 0 0 0 0 0 0 0 0 0 0 0 0 0 0 0 0 0 0 0 0 0 0 0 0 0 0 0 0 0 0 0 0 0 0 0 0 0 0 0 0 0 0 0 0 0 0 0 0 0 0 0 0 0 0 0 0 0 0 0 0 0 0 0 0 0 0 0 0 0 0 0 0 0 0 0 0 0 0 0 0 0 0 0 0 0 0 0 0 0 0 0 0 0 0 0 0 0 0 0 0 0 0 0 0 0 0 0 0 0 0 0 0 0 0 0 0 0 0 0 0 0 0 0 0 0 0 0 0 0 0 0 0 0 0 0 0 0 0 0 0 0 0 0 0 0 0 0 0 0 0 0 0 0 0 0 0 0 0 0 0 0 0 0 0 0 0 0 0 0 0 0 0 0 0 0 0 0 0 0 0 0 0 0 0 0 0 0 0 0 0 0 0 0 0 0 0 0 0 0 0 0 0 0 0 0 0 0 0 0 0 0 0 0 0 0 0 0 0 0 0 0 0 0 0 0 0 0 0 0 0 0 0 0 0 0 0 0 0 0 0 0 0 0 0 0 0 0 0 0 0 0 0 0 0 0 0 0 0 0 0 0 0 0 0 0 0 0 0 0 0 0 0 0 0 0 0 0 0 0 0 0 0 0 0 0 0 0 0 0 0 0 0 0 0 0 0 0 0 0 0 0 0 0 0 0 0 0 0 0 0 0 0 0 0 0 0 0 0 0 0 0 0 0 0 0 0 0 0 0 0 0 0 0 0 0 0 0 0 0 0 0 0 0 0 0 0 0 0 0 0 0 0 0 0 0 0 0 0 0 0 0 0 0 0 0 0 0 0 0 0 0 0 0 0 0 0 0 0 0 0 0 0 0 0 0 0 0 0 0 0 0 0 0 0 0 0 0 0 0 0 0 0 0 0 0 0 0 0 0 0 0 0 0 0 0 0 0 0 0 0 0 0 0 0 0 0 0 0 0 0 0 0 0 0 0 0 0 0 0 0 0 0 0 0 0 0 0 0 0 0 0 0 0 0 0 0 0 0 0 0 0 0 0 0 0 0 0 0 0 0 0 0 0 0 0 0 0 0 0 0 0 0 0 0 0 0 0 0 0 0 0 0 0 0 0 0 0 0 0 0 0 0 0 0 0 0 0 0 0 0 0 0 0 0 0 0 0 0 0 0 0 0 0 0 0 0 0 0 0 0 0 0 0 0 0 0 0 0 0 0 0 0 0 0 0 0 0 0 0 0 0 0 0 0 0 0 0 0 0 0 0 0 0 0 0 0 0 0 0 0 0 0 0 0 0 0 0 0 0 0 0 0 0 0 0 0 0 0 0 0 0 0 0 0 0 0 0 0 0 0 0 0 0 0 0 0 0 0 0 0 0 0 0 0 0 0 0 0 0 0 0 0 0 0 0 0 0 0 0 0 0 0 0 0 0 0 0 0 0 0 0 0 0 0 0 0 0 0 0 0 0 0 0 0 0 0 0 0 0 0 0 0 0 0 0 0 0 0 0 0 0 0 0 0 0 0 0 0 0 0 0 0 0 0 0 0 0 0 0 0 0 0 0 0 0 0 0 0 0 0 0 0 0 0 0 0 0 0 0 0 0 0 0 0 0 0 0 0 0 0 0 0 0 0 0 0 0 0 0 0 0 0 0 0 0 0 0 0 0 0 0 0 0 0 0 0 0 0 0 0 0 0 0 0 0 0 0 0 0 0 0 0 0 0 0 0 0 0 0 0 0 0 0 0 0 0 0 0 0 0 0 0 0 0 0 0 0 0 0 0 0 0 0 0 0 0 0 0 0 0 0 0 0 0 0 0 0 0 0 0 0 0 0 0 0 0 0 0 0 0 0 0 0 0 0 0 0 0 0 0 0 0 0 0 0 0 0 0 0 0 0 0 0 0 0 0 0 0 0 0 0 0 0 0 0 0 0 0 0 0 0 0 0 0 0 0 0 0 0 0 0 0 0 0 0 0 0 0 0 0 0 0 0 0 0 0 0 0 0 0 0 0 0 0 0 0 0 0 0 0 0 0 0 0 0 0 0 0 0 0 0 0 0 0 0 0 0 0 0 0 0 0 0 0 0 0 0 0 0 0 0 0 0 0 0 0 0 0 0 0 0 0 0 0 0 0 0 0 0 0 0 0 0 0 0 0 0 0 0 0 0 0 0 0 0 0 0 0 0 0 0 0 0 0 0 0 0 0 0 0 0 0 0 0 0 0 0 0 0 0 0 0 0 0 0 0 0 0 0 0 0 0 0 0 0 0 0 0 0 0 0 0 0 0 0 0 0 0 0 0 0 0 0 0 0 0 0 0 0 0 0 0 0 0 0 0 0 0 0 0 0 0 0 0 0 0 0 0 0 0 0 0 0 0 0 0 0 0 0 0 0 0 0 0 0 0 0 0 0 0 0 0 0 0 0 0 0 0 0 0 0 0 0 0 0 0 0 0 0 0 0 0 0 0 0 0 0 0 0 0 0 0 0 0 0 0 0 0 0 0 0 0 0 0 0 0 0 0 0 0 0 0 0 0 0 0 0 0 0 0 0 0 0 0 0 0 0 0 0 0 0 0 0 0 0 0 0 0 0 0 0 0 0 0 0 0 0 0 0 0 0 0 0 0 0 0 0 0 0 0 0 0 0 0 0 0 0 0 0 0 0 0 0 0 0 0 0 0 0 0 0 0 0 0 0 0 0 0 0 0 0 0 0 0 0 0 0 0 0 0 0 0 0 0 0 0 0 0 0 0 0 0 0 0 0 0 0 0 0 0 0 0 0 0 0 0 0 0 0 0 0 0 0 0 0 0 0 0 0 0 0 0 0 0 0 0 0 0 0 0 0 0 0 0 0 0 0 0 0 0 0 0 0 0 0 0 0 0 0 0 0 0 0 0 0 0 0 0 0 0 0 0 0 0 0 0 0 0 0 0 0 0 0 0 0 0 0 0 0 0 0 0 0 2501 0 0 0 0 0 0 0 0 0 0 0 0 0 0 0 0 0 0 0 0 0 0 0 0 0 0 0 0 0 0 0 0 0 0 0 0 0 0 0 0 0 0 0 0 0 0 0 0 0 0 0 0 0 0 0 0 0 0 0 0 0 0 0 0 0 0 0 0 0 0 0 0 0 0 0 0 0 0 0 0 0 0 0 0 0 0 0 0 0 0 0 0 0 0 0 0 0 0 0 0 0 0 0 0 0 0 0 0 0 0 0 0 0 0 0 0 0 0 0 0 0 0 0 0 0 0 0 0 0 0 0 0 0 0 0 0 0 0 0 0 0 0 0 0 0 0 0 0 0 0 0 0 0 0 0 0 0 0 0 0 0 0 0 0 0 0 0 0 0 0 0 0 0 0 0 0 0 0 0 0 0 0 0 0 0 0 0 0 0 0 0 0 0 0 0 0 0 0 0 0 0 0 0 0 0 0 0 0 0 0 0 0 0 0 0 0 0 0 0 0 0 0 0 0 0 0 0 0 0 0 0 0 0 0 0 0 0 0 0 0 0 0 0 0 0 0 0 0 0 0 0 0 0 0 0 0 0 0 0 0 0 0 0 0 0 0 0 0 0 0 0 0 0 0 0
