5000
1 2
1 3
3 4
2 5
4 6
6 7
5 8
7 9
8 10
9 11
10 12
3 13
11 14
14 15
11 16
13 17
17 18
16 19
15 20
20 21
21 22
18 23
19 24
22 25
12 26
24 27
27 28
25 29
26 30
29 31
30 32
23 33
30 34
34 35
33 36
35 37
32 38
37 39
36 40
18 41
39 42
28 43
41 44
31 45
43 46
44 47
40 48
46 49
47 50
49 51
42 52
38 53
45 54
53 55
55 56
51 57
54 58
57 59
58 60
59 61
59 62
61 63
62 64
63 65
52 66
64 67
60 68
67 69
68 70
48 71
48 72
66 73
70 74
50 75
74 76
56 77
60 78
71 79
65 80
78 81
77 82
62 83
69 84
80 85
83 86
85 87
79 88
87 89
86 90
86 91
81 92
76 93
89 94
91 95
82 96
92 97
93 98
88 99
75 100
72 101
97 102
94 103
101 104
96 105
84 106
106 107
103 108
102 109
104 110
105 111
111 112
109 113
112 114
113 115
98 116
114 117
115 118
106 119
104 120
108 121
107 122
118 123
95 124
123 125
125 126
110 127
121 128
124 129
116 130
127 131
73 132
130 133
120 134
100 135
132 136
135 137
126 138
134 139
136 140
99 141
139 142
141 143
90 144
137 145
142 146
92 147
122 148
144 149
128 150
150 151
129 152
149 153
133 154
146 155
138 156
153 157
147 158
145 159
148 160
117 161
156 162
155 163
162 164
164 165
151 166
157 167
131 168
154 169
167 170
169 171
119 172
165 173
170 174
168 175
143 176
173 177
176 178
152 179
158 180
167 181
176 182
177 183
179 184
183 185
160 186
184 187
166 188
185 189
172 190
161 191
186 192
174 193
178 194
193 195
185 196
175 197
194 198
196 199
191 200
181 201
171 202
171 203
195 204
199 205
198 206
205 207
188 208
192 209
189 210
203 211
206 212
163 213
197 214
204 215
140 216
201 217
187 218
214 219
218 220
219 221
202 222
217 223
209 224
220 225
210 226
222 227
216 228
226 229
224 230
223 231
208 232
200 233
221 234
233 235
190 236
235 237
207 238
228 239
225 240
232 241
240 242
229 243
242 244
212 245
234 246
230 247
246 248
232 249
159 250
211 251
249 252
182 253
238 254
248 255
249 256
243 257
213 258
251 259
252 260
245 261
253 262
256 263
258 264
231 265
250 266
260 267
255 268
237 269
249 270
262 271
257 272
227 273
265 274
239 275
241 276
263 277
273 278
267 279
261 280
268 281
270 282
279 283
282 284
268 285
271 286
259 287
281 288
275 289
288 290
215 291
247 292
287 293
289 294
285 295
291 296
292 297
264 298
266 299
276 300
278 301
286 302
296 303
269 304
180 305
302 306
299 307
272 308
284 309
274 310
306 311
283 312
301 313
312 314
305 315
308 316
303 317
295 318
311 319
318 320
314 321
300 322
244 323
309 324
319 325
280 326
261 327
322 328
297 329
324 330
327 331
307 332
321 333
332 334
298 335
323 336
249 337
293 338
320 339
337 340
333 341
318 342
288 343
339 344
317 345
315 346
331 347
304 348
329 349
325 350
310 351
316 352
351 353
277 354
353 355
328 356
354 357
336 358
345 359
357 360
348 361
358 362
342 363
356 364
363 365
326 366
360 367
367 368
330 369
365 370
334 371
340 372
290 373
352 374
343 375
294 376
375 377
371 378
361 379
373 380
366 381
369 382
335 383
379 384
368 385
341 386
364 387
324 388
338 389
377 390
389 391
344 392
376 393
385 394
374 395
391 396
380 397
395 398
370 399
381 400
397 401
388 402
387 403
392 404
386 405
404 406
403 407
359 408
396 409
382 410
401 411
347 412
384 413
408 414
409 415
408 416
414 417
398 418
313 419
386 420
411 421
418 422
393 423
399 424
346 425
416 426
410 427
405 428
254 429
404 430
378 431
362 432
426 433
379 434
429 435
422 436
417 437
434 438
413 439
423 440
406 441
436 442
372 443
432 444
440 445
431 446
441 447
404 448
390 449
425 450
394 451
407 452
449 453
452 454
430 455
446 456
455 457
409 458
427 459
445 460
428 461
402 462
439 463
448 464
458 465
450 466
438 467
349 468
446 469
400 470
459 471
469 472
350 473
453 474
420 475
383 476
473 477
415 478
394 479
421 480
447 481
465 482
472 483
454 484
482 485
476 486
444 487
467 488
432 489
471 490
451 491
463 492
489 493
355 494
462 495
419 496
488 497
494 498
498 499
442 500
483 501
492 502
480 503
494 504
490 505
497 506
412 507
496 508
435 509
508 510
502 511
510 512
424 513
460 514
505 515
506 516
478 517
481 518
502 519
448 520
499 521
468 522
433 523
518 524
419 525
519 526
491 527
507 528
509 529
500 530
236 531
527 532
532 533
501 534
533 535
520 536
437 537
531 538
528 539
523 540
526 541
527 542
500 543
535 544
517 545
515 546
470 547
487 548
542 549
540 550
504 551
549 552
485 553
477 554
474 555
539 556
513 557
552 558
530 559
522 560
475 561
511 562
556 563
544 564
561 565
493 566
551 567
464 568
560 569
514 570
543 571
557 572
443 573
548 574
547 575
553 576
541 577
566 578
567 579
503 580
457 581
571 582
580 583
578 584
537 585
569 586
538 587
525 588
559 589
581 590
534 591
579 592
456 593
544 594
558 595
484 596
554 597
569 598
575 599
486 600
516 601
595 602
573 603
577 604
594 605
576 606
583 607
584 608
599 609
601 610
603 611
598 612
588 613
587 614
595 615
603 616
574 617
607 618
524 619
593 620
565 621
596 622
550 623
605 624
621 625
591 626
606 627
614 628
568 629
582 630
585 631
601 632
498 633
628 634
461 635
631 636
623 637
562 638
512 639
613 640
600 641
521 642
624 643
620 644
630 645
586 646
635 647
572 648
637 649
589 650
530 651
629 652
611 653
652 654
646 655
604 656
639 657
641 658
636 659
656 660
570 661
625 662
627 663
649 664
651 665
626 666
665 667
654 668
495 669
617 670
664 671
479 672
659 673
667 674
615 675
626 676
609 677
608 678
592 679
653 680
633 681
678 682
676 683
682 684
681 685
646 686
669 687
683 688
618 689
563 690
686 691
662 692
613 693
690 694
684 695
658 696
597 697
642 698
692 699
663 700
693 701
645 702
700 703
679 704
554 705
704 706
672 707
644 708
675 709
674 710
709 711
698 712
668 713
536 714
668 715
670 716
590 717
716 718
708 719
673 720
660 721
632 722
498 723
612 724
529 725
638 726
622 727
703 728
728 729
719 730
640 731
710 732
666 733
545 734
610 735
715 736
689 737
616 738
661 739
639 740
591 741
727 742
740 743
615 744
702 745
707 746
694 747
743 748
634 749
697 750
564 751
739 752
728 753
654 754
687 755
745 756
712 757
754 758
746 759
685 760
647 761
734 762
757 763
729 764
670 765
736 766
720 767
718 768
555 769
657 770
766 771
762 772
680 773
764 774
767 775
695 776
717 777
753 778
732 779
759 780
691 781
779 782
699 783
722 784
724 785
612 786
723 787
713 788
650 789
749 790
780 791
786 792
741 793
777 794
738 795
793 796
794 797
750 798
723 799
696 800
619 801
773 802
772 803
671 804
761 805
721 806
752 807
769 808
781 809
742 810
733 811
655 812
804 813
797 814
799 815
812 816
813 817
803 818
602 819
785 820
783 821
748 822
788 823
771 824
821 825
688 826
789 827
763 828
826 829
823 830
787 831
801 832
794 833
800 834
811 835
796 836
819 837
714 838
784 839
790 840
778 841
774 842
726 843
731 844
765 845
818 846
837 847
701 848
846 849
466 850
836 851
802 852
711 853
843 854
834 855
806 856
677 857
833 858
845 859
857 860
844 861
775 862
776 863
815 864
744 865
810 866
735 867
863 868
859 869
755 870
869 871
858 872
860 873
798 874
866 875
871 876
794 877
847 878
877 879
861 880
859 881
640 882
852 883
805 884
879 885
857 886
730 887
816 888
888 889
850 890
882 891
838 892
892 893
875 894
648 895
881 896
814 897
706 898
756 899
864 900
891 901
900 902
758 903
899 904
831 905
889 906
868 907
643 908
851 909
830 910
830 911
885 912
884 913
856 914
910 915
835 916
782 917
854 918
829 919
916 920
891 921
873 922
807 923
880 924
596 925
847 926
841 927
867 928
897 929
870 930
848 931
865 932
912 933
783 934
809 935
853 936
830 937
747 938
799 939
855 940
935 941
903 942
840 943
895 944
817 945
896 946
928 947
862 948
901 949
939 950
942 951
760 952
950 953
905 954
919 955
913 956
952 957
954 958
872 959
941 960
938 961
795 962
914 963
898 964
820 965
947 966
957 967
959 968
933 969
967 970
849 971
918 972
969 973
946 974
972 975
858 976
956 977
757 978
923 979
662 980
970 981
878 982
931 983
976 984
960 985
808 986
966 987
768 988
904 989
893 990
922 991
979 992
737 993
945 994
971 995
958 996
921 997
953 998
974 999
994 1000
883 1001
915 1002
1000 1003
1002 1004
965 1005
998 1006
705 1007
1001 1008
936 1009
977 1010
739 1011
902 1012
997 1013
992 1014
963 1015
917 1016
927 1017
791 1018
894 1019
887 1020
930 1021
1019 1022
951 1023
909 1024
1015 1025
937 1026
1012 1027
961 1028
983 1029
990 1030
1028 1031
1004 1032
1023 1033
1006 1034
1026 1035
832 1036
1030 1037
1005 1038
1037 1039
1031 1040
1033 1041
906 1042
948 1043
1011 1044
1040 1045
1018 1046
792 1047
943 1048
907 1049
1008 1050
646 1051
986 1052
1051 1053
982 1054
1041 1055
601 1056
1048 1057
1038 1058
997 1059
993 1060
874 1061
995 1062
985 1063
1061 1064
1057 1065
980 1066
1058 1067
964 1068
1053 1069
1016 1070
932 1071
926 1072
1029 1073
908 1074
1069 1075
890 1076
991 1077
987 1078
1076 1079
1059 1080
1049 1081
949 1082
989 1083
999 1084
1020 1085
1084 1086
1039 1087
839 1088
1074 1089
940 1090
1068 1091
924 1092
1032 1093
1085 1094
1062 1095
911 1096
1094 1097
1086 1098
1025 1099
1075 1100
944 1101
1064 1102
1096 1103
1092 1104
847 1105
1078 1106
1007 1107
1036 1108
1075 1109
1087 1110
1072 1111
1070 1112
1077 1113
751 1114
886 1115
1101 1116
770 1117
1081 1118
1115 1119
1080 1120
1060 1121
1046 1122
1091 1123
1117 1124
1102 1125
1083 1126
1121 1127
955 1128
1085 1129
1052 1130
1127 1131
1107 1132
1017 1133
1089 1134
892 1135
1045 1136
1043 1137
1130 1138
1010 1139
1047 1140
975 1141
1129 1142
1126 1143
1073 1144
1066 1145
1093 1146
996 1147
1100 1148
1114 1149
1090 1150
988 1151
1150 1152
1003 1153
876 1154
1116 1155
1106 1156
1139 1157
1141 1158
1147 1159
1042 1160
546 1161
1044 1162
907 1163
1011 1164
1014 1165
920 1166
1138 1167
1124 1168
1109 1169
725 1170
1097 1171
996 1172
1160 1173
1027 1174
1112 1175
1119 1176
1055 1177
1116 1178
822 1179
1035 1180
1125 1181
1105 1182
1181 1183
1024 1184
1056 1185
915 1186
1123 1187
1168 1188
1163 1189
1177 1190
1120 1191
1148 1192
1131 1193
945 1194
978 1195
1158 1196
1187 1197
1185 1198
984 1199
1118 1200
1191 1201
1095 1202
1180 1203
1111 1204
1199 1205
1152 1206
1162 1207
1021 1208
1195 1209
1183 1210
1067 1211
1092 1212
1171 1213
1192 1214
1154 1215
920 1216
1197 1217
1145 1218
1054 1219
1167 1220
968 1221
1204 1222
1104 1223
828 1224
842 1225
929 1226
1221 1227
1227 1228
1184 1229
973 1230
1156 1231
1099 1232
1079 1233
1182 1234
1206 1235
1207 1236
1188 1237
1226 1238
1113 1239
825 1240
1144 1241
1071 1242
1142 1243
1127 1244
1170 1245
1165 1246
1233 1247
1219 1248
1222 1249
1169 1250
1232 1251
1198 1252
962 1253
1225 1254
1166 1255
934 1256
1190 1257
1218 1258
1208 1259
1136 1260
1135 1261
1257 1262
1239 1263
1013 1264
1240 1265
1201 1266
1266 1267
824 1268
925 1269
1009 1270
1034 1271
1264 1272
1253 1273
1269 1274
1237 1275
1140 1276
1230 1277
1212 1278
1217 1279
1245 1280
1223 1281
1229 1282
1022 1283
1175 1284
1254 1285
1274 1286
1285 1287
1272 1288
1055 1289
1258 1290
1241 1291
1193 1292
1261 1293
1252 1294
1271 1295
1290 1296
1209 1297
1146 1298
1287 1299
1220 1300
817 1301
1157 1302
1291 1303
1210 1304
1133 1305
1242 1306
1224 1307
1298 1308
1252 1309
1108 1310
1200 1311
1288 1312
1189 1313
1247 1314
1186 1315
1194 1316
1173 1317
1302 1318
1151 1319
1314 1320
1236 1321
1293 1322
827 1323
1316 1324
1263 1325
1305 1326
1265 1327
1286 1328
1304 1329
1281 1330
1239 1331
1318 1332
1248 1333
1300 1334
1238 1335
1213 1336
1325 1337
1313 1338
1234 1339
1308 1340
1306 1341
1172 1342
1063 1343
1337 1344
1295 1345
1137 1346
1299 1347
1276 1348
1262 1349
1155 1350
1176 1351
1310 1352
1273 1353
1292 1354
1110 1355
1149 1356
1322 1357
1352 1358
1284 1359
1315 1360
1335 1361
1360 1362
1361 1363
1344 1364
1294 1365
1134 1366
1333 1367
1088 1368
1329 1369
1331 1370
1214 1371
1341 1372
1103 1373
1277 1374
1332 1375
1307 1376
1203 1377
1255 1378
1347 1379
1350 1380
1202 1381
1267 1382
1243 1383
1321 1384
1352 1385
1326 1386
1280 1387
1377 1388
1387 1389
1143 1390
1178 1391
1351 1392
1216 1393
1371 1394
1259 1395
1279 1396
1370 1397
1389 1398
1368 1399
1339 1400
1334 1401
1381 1402
1394 1403
1375 1404
981 1405
1384 1406
1363 1407
1187 1408
1391 1409
1327 1410
1082 1411
1402 1412
1365 1413
1364 1414
1249 1415
1065 1416
1398 1417
1301 1418
1231 1419
1341 1420
1333 1421
1408 1422
1403 1423
1413 1424
1383 1425
1340 1426
1355 1427
1320 1428
1324 1429
1246 1430
1367 1431
1409 1432
1356 1433
1311 1434
1205 1435
1345 1436
1251 1437
1374 1438
1436 1439
1370 1440
1278 1441
1407 1442
1244 1443
1357 1444
1312 1445
1399 1446
1342 1447
1443 1448
1410 1449
1427 1450
1395 1451
1431 1452
1396 1453
1382 1454
1159 1455
1343 1456
1353 1457
1153 1458
1433 1459
1422 1460
1369 1461
1418 1462
1416 1463
1379 1464
1429 1465
1392 1466
1465 1467
1404 1468
1122 1469
1317 1470
1289 1471
1397 1472
1442 1473
1250 1474
1297 1475
1196 1476
1372 1477
1296 1478
1394 1479
1256 1480
1444 1481
1354 1482
1463 1483
1446 1484
1481 1485
1443 1486
1423 1487
1385 1488
1338 1489
1456 1490
1480 1491
1454 1492
1260 1493
1483 1494
1440 1495
1179 1496
1410 1497
1164 1498
1455 1499
1469 1500
1467 1501
1464 1502
1477 1503
1435 1504
1283 1505
1378 1506
1503 1507
1458 1508
1453 1509
1487 1510
1421 1511
1406 1512
1215 1513
1432 1514
1484 1515
1495 1516
1336 1517
1414 1518
1447 1519
1393 1520
1504 1521
1499 1522
1098 1523
1386 1524
1506 1525
1390 1526
1376 1527
1437 1528
1366 1529
1519 1530
1319 1531
1466 1532
1474 1533
1468 1534
1424 1535
1527 1536
1449 1537
1479 1538
1530 1539
1358 1540
1498 1541
1539 1542
1400 1543
1538 1544
1268 1545
1257 1546
1461 1547
1498 1548
1401 1549
1543 1550
1484 1551
1513 1552
1502 1553
1420 1554
1451 1555
1554 1556
1174 1557
1524 1558
1478 1559
1490 1560
1211 1561
1520 1562
1501 1563
1563 1564
1511 1565
1512 1566
1532 1567
1494 1568
1564 1569
1474 1570
1405 1571
1362 1572
1275 1573
1569 1574
1257 1575
1228 1576
1562 1577
1535 1578
1128 1579
1459 1580
1533 1581
1528 1582
1328 1583
1582 1584
1497 1585
1261 1586
1585 1587
1568 1588
1570 1589
1545 1590
1588 1591
1500 1592
1473 1593
1555 1594
1583 1595
1419 1596
1508 1597
1526 1598
1462 1599
1565 1600
1476 1601
1541 1602
1595 1603
1559 1604
1581 1605
1507 1606
1428 1607
1483 1608
1359 1609
1439 1610
1486 1611
1604 1612
1599 1613
1608 1614
1489 1615
1558 1616
1457 1617
1282 1618
1535 1619
1438 1620
1603 1621
1614 1622
1509 1623
1613 1624
1417 1625
1529 1626
1598 1627
1571 1628
1515 1629
1578 1630
1518 1631
1591 1632
1601 1633
1630 1634
1596 1635
1631 1636
1607 1637
1610 1638
1626 1639
1623 1640
1600 1641
1593 1642
1624 1643
1448 1644
1643 1645
1589 1646
1525 1647
1547 1648
1645 1649
1551 1650
1580 1651
1597 1652
1618 1653
1536 1654
1401 1655
1649 1656
1412 1657
1575 1658
1655 1659
1161 1660
1572 1661
1546 1662
1587 1663
1584 1664
1602 1665
1267 1666
1540 1667
1475 1668
1641 1669
1667 1670
1471 1671
1606 1672
1670 1673
1668 1674
1445 1675
1656 1676
1387 1677
1609 1678
1642 1679
1658 1680
1438 1681
1553 1682
1496 1683
1380 1684
1622 1685
1621 1686
1625 1687
1491 1688
1452 1689
1684 1690
1674 1691
1561 1692
1653 1693
1673 1694
1638 1695
1690 1696
1615 1697
1679 1698
1514 1699
1637 1700
1632 1701
1685 1702
1576 1703
1531 1704
1650 1705
1697 1706
1550 1707
1310 1708
1628 1709
1678 1710
1388 1711
1605 1712
1557 1713
1680 1714
1695 1715
1680 1716
1639 1717
1683 1718
1552 1719
1708 1720
1594 1721
1687 1722
1612 1723
1501 1724
1629 1725
1711 1726
1633 1727
1661 1728
1683 1729
1441 1730
1713 1731
1516 1732
1348 1733
1732 1734
1662 1735
1652 1736
1619 1737
1651 1738
1648 1739
1505 1740
1617 1741
1636 1742
1460 1743
1676 1744
1729 1745
1672 1746
1745 1747
1647 1748
1728 1749
1510 1750
1544 1751
1611 1752
1695 1753
1707 1754
1493 1755
1741 1756
1701 1757
1686 1758
1657 1759
1698 1760
1412 1761
1693 1762
1675 1763
1724 1764
1759 1765
1744 1766
1736 1767
1346 1768
1705 1769
1715 1770
1764 1771
1754 1772
1573 1773
1765 1774
1611 1775
1742 1776
1716 1777
1470 1778
1627 1779
1694 1780
1635 1781
1762 1782
1659 1783
1725 1784
1761 1785
1734 1786
1740 1787
1349 1788
1763 1789
1663 1790
1549 1791
1772 1792
1682 1793
1644 1794
1726 1795
1411 1796
1740 1797
1792 1798
1450 1799
1760 1800
1702 1801
1579 1802
1714 1803
1802 1804
1566 1805
1738 1806
1548 1807
1544 1808
1751 1809
1757 1810
1760 1811
1769 1812
1542 1813
1537 1814
1739 1815
1773 1816
1768 1817
1806 1818
1817 1819
1488 1820
1721 1821
1769 1822
1780 1823
1426 1824
1786 1825
1816 1826
1781 1827
1696 1828
1753 1829
1485 1830
1666 1831
1323 1832
1671 1833
1620 1834
1785 1835
1586 1836
1832 1837
1664 1838
1782 1839
1703 1840
1749 1841
1830 1842
1809 1843
1842 1844
1727 1845
1576 1846
1731 1847
1577 1848
1826 1849
1430 1850
1719 1851
1799 1852
1766 1853
1820 1854
1797 1855
1521 1856
1804 1857
1828 1858
1775 1859
1492 1860
1743 1861
1788 1862
1752 1863
1859 1864
1819 1865
1824 1866
1849 1867
1776 1868
1754 1869
1771 1870
1839 1871
1737 1872
1648 1873
1862 1874
1822 1875
1699 1876
1777 1877
1784 1878
1726 1879
1855 1880
1787 1881
1837 1882
1681 1883
1665 1884
1691 1885
1825 1886
1783 1887
1805 1888
1877 1889
1836 1890
1778 1891
1692 1892
1858 1893
1661 1894
1874 1895
1843 1896
1889 1897
1886 1898
1840 1899
1865 1900
1756 1901
1207 1902
1860 1903
1888 1904
1750 1905
1709 1906
1794 1907
1722 1908
1592 1909
1883 1910
1574 1911
1640 1912
1791 1913
1894 1914
1472 1915
1891 1916
1779 1917
1814 1918
1800 1919
1801 1920
1634 1921
1270 1922
1730 1923
1903 1924
1834 1925
1793 1926
1885 1927
1856 1928
1881 1929
1870 1930
1884 1931
1903 1932
1924 1933
1796 1934
1774 1935
1813 1936
1908 1937
1857 1938
1931 1939
1915 1940
1717 1941
1815 1942
1560 1943
1050 1944
1853 1945
1567 1946
1735 1947
1599 1948
1733 1949
1821 1950
1415 1951
1845 1952
1908 1953
1556 1954
1952 1955
1917 1956
1893 1957
1807 1958
1875 1959
1720 1960
1941 1961
1864 1962
1935 1963
1871 1964
1942 1965
1868 1966
1835 1967
1717 1968
1892 1969
1710 1970
1960 1971
1646 1972
1482 1973
1723 1974
1790 1975
1706 1976
1789 1977
1917 1978
1946 1979
1900 1980
1309 1981
1747 1982
1926 1983
1517 1984
1916 1985
1534 1986
1861 1987
1955 1988
1939 1989
1914 1990
1900 1991
1700 1992
1677 1993
1954 1994
1522 1995
1755 1996
1833 1997
1928 1998
1906 1999
1982 2000
1902 2001
1907 2002
1844 2003
1881 2004
1910 2005
2003 2006
1841 2007
1669 2008
2001 2009
1933 2010
1851 2011
2004 2012
1866 2013
1962 2014
1911 2015
2012 2016
1984 2017
1660 2018
1616 2019
1959 2020
1867 2021
1976 2022
1767 2023
1929 2024
1590 2025
1890 2026
1956 2027
1912 2028
2020 2029
1938 2030
1974 2031
2022 2032
2028 2033
2027 2034
2015 2035
1967 2036
2002 2037
2030 2038
1963 2039
1999 2040
1830 2041
1918 2042
1873 2043
2019 2044
1896 2045
1823 2046
1880 2047
1993 2048
1689 2049
2013 2050
2048 2051
1897 2052
1846 2053
2051 2054
1887 2055
2000 2056
1810 2057
1235 2058
1951 2059
1981 2060
1748 2061
2006 2062
1997 2063
2024 2064
1330 2065
1803 2066
1975 2067
2039 2068
1833 2069
1988 2070
2060 2071
1904 2072
1973 2073
2016 2074
2043 2075
1937 2076
1887 2077
2069 2078
2046 2079
2047 2080
2023 2081
1943 2082
1831 2083
2067 2084
2052 2085
2029 2086
1829 2087
1923 2088
1998 2089
1980 2090
2087 2091
2080 2092
2040 2093
2066 2094
1909 2095
2007 2096
1966 2097
1992 2098
1770 2099
1985 2100
2062 2101
1964 2102
1940 2103
2037 2104
1425 2105
1968 2106
2077 2107
2049 2108
2050 2109
1811 2110
2075 2111
2034 2112
1132 2113
2064 2114
2038 2115
2105 2116
1758 2117
1953 2118
2074 2119
2091 2120
2116 2121
1434 2122
2099 2123
2110 2124
2088 2125
1969 2126
1373 2127
1718 2128
1925 2129
2071 2130
2068 2131
2109 2132
2118 2133
2045 2134
2126 2135
2033 2136
1847 2137
2083 2138
2092 2139
1986 2140
2140 2141
2042 2142
1970 2143
1913 2144
1895 2145
2114 2146
1990 2147
2054 2148
2078 2149
2084 2150
2119 2151
2128 2152
2146 2153
2089 2154
2017 2155
1905 2156
2009 2157
1930 2158
2157 2159
1927 2160
1995 2161
2018 2162
2158 2163
2149 2164
2073 2165
2053 2166
1523 2167
2141 2168
2104 2169
2162 2170
1919 2171
2160 2172
1746 2173
2035 2174
2085 2175
2063 2176
2082 2177
2093 2178
2171 2179
2103 2180
2178 2181
1978 2182
1944 2183
2113 2184
2021 2185
1854 2186
2055 2187
2159 2188
2151 2189
2100 2190
2094 2191
2095 2192
1881 2193
2031 2194
1921 2195
1991 2196
1979 2197
2010 2198
2101 2199
2008 2200
2111 2201
1920 2202
2106 2203
2198 2204
1986 2205
1852 2206
2044 2207
2196 2208
1818 2209
1654 2210
1850 2211
1832 2212
2163 2213
2185 2214
2173 2215
2169 2216
2165 2217
2148 2218
2026 2219
2199 2220
2070 2221
2141 2222
2198 2223
2207 2224
2215 2225
1947 2226
2202 2227
2174 2228
1990 2229
1712 2230
2228 2231
2025 2232
1838 2233
2065 2234
2180 2235
2036 2236
2139 2237
2237 2238
1983 2239
2184 2240
2041 2241
2132 2242
2054 2243
1994 2244
2002 2245
1704 2246
1934 2247
2186 2248
2111 2249
2019 2250
2154 2251
2227 2252
2203 2253
2240 2254
1922 2255
1932 2256
2142 2257
1808 2258
2176 2259
2201 2260
2219 2261
2242 2262
2122 2263
2156 2264
2061 2265
2145 2266
2235 2267
2255 2268
2179 2269
2181 2270
2147 2271
2183 2272
2216 2273
2267 2274
2195 2275
2058 2276
2272 2277
2150 2278
2277 2279
2234 2280
1965 2281
2227 2282
2279 2283
2246 2284
2245 2285
1869 2286
2183 2287
2125 2288
2057 2289
2205 2290
2131 2291
2276 2292
1936 2293
2236 2294
2249 2295
1882 2296
2212 2297
2289 2298
2220 2299
2278 2300
2251 2301
2192 2302
2198 2303
2298 2304
2226 2305
2261 2306
2283 2307
2120 2308
2059 2309
2244 2310
2308 2311
2144 2312
2170 2313
1341 2314
2206 2315
2183 2316
2082 2317
2166 2318
2286 2319
2238 2320
2121 2321
1798 2322
2218 2323
2057 2324
2221 2325
2322 2326
2264 2327
2254 2328
2303 2329
2137 2330
2271 2331
2175 2332
2330 2333
1898 2334
2188 2335
2130 2336
2314 2337
2268 2338
2335 2339
2324 2340
1958 2341
2321 2342
1901 2343
2011 2344
2312 2345
2327 2346
2214 2347
2134 2348
2099 2349
2332 2350
2270 2351
2193 2352
2291 2353
2265 2354
2124 2355
2323 2356
2300 2357
2307 2358
2211 2359
2266 2360
2079 2361
2360 2362
2183 2363
1981 2364
2224 2365
2313 2366
2292 2367
2315 2368
2348 2369
2362 2370
1878 2371
2123 2372
2334 2373
2361 2374
2164 2375
2328 2376
2344 2377
2241 2378
2359 2379
2346 2380
1989 2381
2155 2382
2152 2383
2182 2384
2198 2385
1863 2386
2316 2387
2305 2388
2349 2389
2208 2390
2331 2391
2202 2392
2153 2393
1879 2394
2355 2395
2256 2396
2350 2397
2335 2398
2259 2399
2389 2400
2252 2401
1872 2402
2375 2403
2253 2404
2304 2405
2377 2406
2401 2407
2340 2408
2371 2409
2346 2410
2325 2411
2187 2412
2257 2413
2102 2414
2309 2415
2098 2416
2371 2417
2371 2418
2398 2419
2281 2420
2014 2421
2342 2422
2419 2423
1996 2424
2222 2425
2373 2426
1977 2427
2363 2428
2424 2429
2387 2430
2107 2431
2229 2432
2406 2433
2404 2434
2407 2435
2285 2436
2364 2437
2200 2438
2258 2439
2393 2440
2088 2441
2439 2442
2228 2443
2399 2444
2438 2445
1961 2446
2382 2447
2260 2448
2376 2449
2081 2450
2329 2451
2409 2452
1987 2453
2167 2454
2417 2455
2403 2456
2282 2457
2430 2458
2136 2459
2213 2460
2302 2461
2189 2462
2273 2463
2367 2464
2350 2465
2327 2466
1848 2467
2262 2468
2129 2469
2422 2470
2379 2471
2032 2472
2436 2473
2423 2474
2341 2475
2209 2476
2299 2477
2469 2478
2456 2479
2172 2480
2225 2481
2431 2482
2339 2483
2447 2484
2378 2485
2390 2486
2290 2487
2414 2488
1950 2489
2410 2490
2402 2491
2280 2492
2449 2493
2366 2494
2466 2495
2487 2496
2338 2497
2474 2498
2493 2499
2457 2500
2478 2501
2412 2502
2384 2503
2320 2504
2365 2505
1876 2506
1795 2507
2287 2508
2233 2509
1812 2510
2380 2511
2397 2512
2437 2513
1957 2514
2333 2515
2295 2516
2514 2517
2484 2518
2450 2519
2492 2520
2515 2521
2395 2522
2491 2523
2394 2524
2416 2525
2405 2526
2504 2527
2337 2528
2056 2529
2524 2530
2503 2531
2306 2532
2442 2533
2297 2534
2086 2535
2460 2536
2352 2537
2461 2538
2138 2539
2418 2540
2317 2541
2462 2542
2477 2543
2248 2544
2426 2545
2488 2546
2081 2547
2173 2548
1943 2549
2293 2550
2527 2551
2231 2552
2480 2553
2469 2554
2535 2555
2198 2556
2275 2557
2486 2558
2194 2559
2531 2560
2455 2561
2475 2562
2406 2563
2543 2564
2541 2565
2521 2566
2499 2567
2467 2568
2369 2569
2347 2570
2485 2571
2453 2572
2505 2573
2420 2574
2557 2575
2472 2576
2498 2577
2448 2578
2577 2579
2490 2580
2512 2581
2428 2582
2474 2583
2540 2584
2388 2585
2482 2586
2583 2587
2433 2588
2368 2589
2425 2590
2292 2591
2518 2592
2329 2593
2551 2594
2115 2595
2381 2596
2197 2597
2528 2598
2470 2599
2288 2600
2590 2601
2133 2602
2586 2603
2310 2604
2480 2605
2509 2606
2370 2607
2411 2608
2168 2609
2569 2610
2601 2611
2413 2612
2539 2613
2090 2614
2191 2615
2613 2616
2497 2617
2496 2618
2544 2619
2247 2620
2560 2621
2383 2622
2587 2623
2561 2624
2357 2625
2458 2626
2446 2627
2568 2628
2587 2629
2356 2630
2564 2631
2243 2632
2552 2633
2544 2634
2594 2635
1945 2636
2374 2637
2575 2638
2239 2639
2612 2640
2117 2641
2610 2642
2223 2643
2553 2644
2311 2645
2562 2646
2591 2647
2373 2648
2230 2649
2485 2650
2576 2651
2506 2652
2616 2653
2522 2654
2545 2655
2494 2656
2443 2657
2525 2658
2649 2659
2581 2660
2606 2661
2097 2662
2634 2663
2598 2664
2614 2665
2424 2666
2343 2667
2269 2668
2559 2669
2502 2670
2611 2671
2643 2672
2385 2673
2632 2674
2301 2675
1688 2676
2318 2677
2650 2678
2663 2679
2639 2680
2647 2681
2294 2682
2569 2683
2434 2684
2563 2685
2635 2686
2372 2687
2572 2688
2674 2689
2604 2690
2665 2691
2628 2692
2624 2693
2411 2694
2444 2695
2631 2696
2391 2697
2072 2698
2662 2699
2633 2700
2112 2701
2675 2702
1882 2703
2576 2704
2646 2705
2468 2706
2681 2707
2571 2708
2441 2709
2533 2710
2578 2711
2702 2712
2671 2713
2625 2714
2608 2715
2678 2716
2336 2717
2529 2718
2127 2719
2500 2720
2489 2721
2421 2722
2383 2723
2712 2724
2648 2725
2555 2726
2464 2727
2642 2728
2708 2729
2661 2730
2622 2731
2706 2732
2570 2733
2638 2734
2603 2735
2386 2736
2495 2737
2602 2738
2736 2739
2593 2740
2465 2741
2733 2742
2567 2743
2657 2744
2725 2745
2723 2746
2666 2747
2207 2748
2627 2749
2679 2750
2737 2751
2692 2752
2554 2753
2700 2754
2745 2755
1949 2756
2508 2757
2658 2758
2427 2759
2597 2760
2749 2761
2751 2762
2326 2763
2680 2764
2654 2765
2432 2766
2351 2767
2217 2768
2512 2769
2451 2770
2655 2771
2760 2772
2392 2773
2584 2774
2108 2775
2775 2776
2537 2777
2768 2778
2582 2779
2641 2780
2435 2781
2600 2782
2771 2783
2741 2784
2708 2785
2156 2786
2609 2787
2574 2788
2721 2789
2651 2790
2633 2791
2135 2792
2779 2793
2565 2794
2530 2795
2296 2796
2747 2797
2718 2798
2591 2799
2454 2800
2615 2801
2650 2802
2795 2803
2513 2804
2783 2805
2765 2806
2511 2807
2768 2808
2558 2809
2693 2810
2566 2811
2636 2812
2532 2813
2707 2814
2762 2815
2652 2816
2677 2817
2538 2818
2728 2819
2596 2820
2694 2821
2798 2822
2534 2823
2471 2824
2754 2825
2805 2826
2550 2827
2696 2828
2769 2829
2232 2830
2345 2831
2801 2832
2735 2833
2415 2834
2748 2835
2627 2836
2767 2837
2686 2838
2758 2839
2687 2840
2835 2841
2666 2842
2787 2843
2826 2844
2790 2845
2828 2846
2792 2847
2782 2848
2204 2849
2714 2850
2812 2851
2588 2852
2793 2853
2282 2854
2425 2855
2263 2856
2843 2857
2811 2858
2717 2859
2595 2860
2854 2861
2452 2862
2849 2863
2672 2864
2630 2865
2818 2866
2713 2867
2516 2868
2716 2869
2230 2870
2807 2871
2838 2872
2626 2873
2262 2874
2739 2875
2250 2876
2507 2877
2774 2878
2815 2879
2750 2880
2670 2881
2353 2882
2704 2883
2860 2884
2770 2885
2669 2886
2520 2887
2738 2888
2865 2889
2523 2890
2609 2891
2864 2892
2825 2893
2866 2894
2662 2895
2773 2896
2473 2897
2726 2898
2824 2899
2440 2900
2871 2901
2730 2902
2870 2903
2710 2904
2849 2905
2873 2906
2892 2907
2781 2908
2847 2909
2688 2910
2230 2911
2481 2912
2791 2913
2761 2914
2868 2915
2708 2916
2711 2917
2887 2918
2853 2919
2536 2920
2915 2921
2880 2922
2909 2923
2898 2924
2683 2925
1899 2926
2589 2927
2889 2928
2810 2929
2923 2930
2861 2931
2603 2932
2903 2933
2720 2934
2848 2935
2742 2936
2899 2937
2890 2938
2850 2939
2727 2940
2501 2941
2623 2942
2445 2943
2758 2944
2517 2945
2763 2946
2510 2947
2759 2948
2512 2949
2881 2950
2764 2951
2644 2952
2882 2953
2894 2954
2869 2955
1303 2956
2934 2957
2934 2958
2919 2959
2490 2960
2884 2961
2408 2962
2944 2963
2744 2964
2177 2965
2876 2966
2320 2967
2891 2968
2796 2969
2755 2970
2673 2971
2969 2972
2875 2973
2947 2974
2849 2975
2756 2976
2959 2977
2719 2978
2573 2979
2699 2980
2853 2981
2607 2982
2776 2983
2732 2984
2872 2985
2547 2986
2190 2987
2709 2988
2867 2989
2660 2990
2549 2991
2968 2992
2210 2993
2841 2994
2928 2995
2930 2996
2809 2997
2858 2998
2949 2999
2823 3000
2396 3001
2878 3002
2821 3003
2645 3004
2743 3005
2814 3006
2912 3007
2546 3008
2922 3009
2664 3010
2830 3011
2766 3012
2845 3013
2459 3014
2939 3015
2895 3016
2740 3017
2863 3018
2999 3019
2994 3020
2772 3021
2988 3022
2980 3023
2950 3024
2962 3025
2786 3026
2592 3027
2640 3028
2941 3029
2476 3030
2808 3031
2888 3032
2792 3033
2963 3034
2935 3035
3001 3036
2986 3037
2976 3038
2958 3039
2862 3040
3005 3041
2933 3042
3004 3043
2945 3044
2836 3045
2820 3046
2819 3047
2548 3048
3016 3049
3029 3050
2096 3051
2948 3052
3026 3053
3043 3054
2902 3055
3007 3056
2916 3057
2924 3058
2938 3059
3028 3060
2667 3061
3003 3062
2433 3063
3021 3064
2695 3065
2852 3066
2817 3067
2987 3068
2877 3069
3018 3070
2556 3071
2857 3072
2985 3073
2966 3074
3051 3075
2784 3076
2629 3077
2777 3078
2746 3079
2653 3080
2997 3081
2729 3082
3050 3083
2932 3084
2832 3085
2921 3086
2929 3087
2076 3088
2926 3089
2605 3090
3062 3091
2940 3092
2971 3093
3015 3094
2960 3095
3011 3096
3093 3097
2789 3098
2925 3099
2813 3100
2837 3101
3071 3102
2840 3103
3054 3104
2619 3105
2856 3106
2896 3107
2685 3108
3085 3109
2953 3110
3096 3111
2803 3112
2928 3113
3038 3114
2951 3115
2431 3116
2816 3117
2542 3118
2637 3119
2822 3120
3023 3121
2918 3122
2319 3123
2705 3124
3102 3125
3067 3126
3031 3127
2878 3128
3061 3129
3102 3130
3065 3131
3105 3132
2904 3133
3120 3134
3106 3135
3079 3136
3094 3137
2930 3138
3138 3139
2871 3140
3006 3141
2788 3142
3058 3143
2778 3144
3113 3145
2936 3146
3139 3147
3108 3148
2585 3149
3120 3150
3042 3151
2617 3152
2937 3153
2715 3154
2917 3155
3073 3156
2806 3157
2967 3158
3118 3159
3159 3160
3116 3161
2827 3162
2753 3163
3060 3164
3087 3165
2839 3166
3095 3167
3086 3168
3107 3169
3009 3170
2907 3171
2802 3172
3112 3173
2906 3174
3147 3175
2955 3176
3064 3177
3175 3178
2143 3179
2911 3180
2659 3181
3144 3182
2965 3183
3179 3184
2977 3185
3172 3186
3146 3187
3063 3188
3075 3189
3057 3190
2927 3191
3167 3192
3117 3193
3072 3194
3002 3195
3125 3196
3101 3197
3133 3198
3153 3199
3020 3200
3135 3201
3183 3202
2684 3203
3008 3204
2984 3205
2689 3206
2833 3207
3143 3208
3181 3209
2676 3210
3205 3211
3174 3212
2400 3213
3194 3214
2579 3215
2910 3216
3127 3217
3032 3218
2161 3219
3204 3220
3192 3221
3190 3222
3010 3223
2846 3224
3019 3225
3176 3226
2981 3227
3148 3228
3033 3229
3218 3230
3077 3231
3137 3232
3049 3233
2942 3234
3152 3235
3035 3236
3195 3237
2804 3238
3027 3239
3212 3240
3211 3241
3129 3242
3017 3243
3226 3244
2975 3245
3076 3246
3030 3247
3235 3248
3185 3249
3084 3250
3171 3251
3053 3252
2757 3253
3142 3254
3158 3255
2620 3256
2703 3257
3243 3258
3099 3259
3213 3260
3189 3261
3062 3262
3000 3263
2874 3264
2859 3265
3256 3266
3262 3267
3219 3268
3191 3269
2358 3270
3100 3271
3234 3272
3136 3273
3236 3274
3252 3275
3151 3276
2905 3277
3070 3278
3163 3279
3259 3280
3022 3281
3041 3282
3078 3283
2982 3284
3034 3285
3251 3286
3266 3287
3097 3288
2978 3289
3253 3290
3265 3291
3066 3292
3285 3293
2909 3294
2797 3295
3221 3296
3254 3297
3246 3298
3160 3299
2956 3300
3260 3301
3083 3302
3180 3303
3250 3304
3168 3305
2961 3306
2724 3307
3110 3308
3155 3309
3293 3310
3258 3311
2879 3312
2992 3313
2731 3314
3123 3315
2305 3316
3289 3317
3255 3318
3036 3319
3288 3320
2944 3321
3114 3322
3168 3323
2005 3324
3256 3325
3187 3326
2354 3327
2973 3328
3056 3329
2599 3330
3291 3331
3149 3332
2861 3333
3000 3334
3331 3335
3014 3336
3126 3337
3121 3338
3173 3339
3299 3340
3044 3341
3225 3342
3281 3343
3313 3344
3046 3345
3230 3346
2883 3347
3040 3348
3039 3349
3295 3350
3307 3351
3335 3352
3309 3353
2957 3354
3223 3355
3270 3356
3338 3357
1971 3358
3150 3359
3277 3360
3140 3361
3177 3362
3209 3363
2618 3364
3292 3365
3268 3366
2998 3367
3300 3368
3305 3369
3327 3370
3237 3371
3284 3372
2943 3373
3346 3374
3178 3375
2734 3376
2682 3377
3068 3378
3336 3379
3006 3380
3159 3381
3310 3382
3335 3383
3193 3384
2839 3385
2970 3386
3059 3387
2478 3388
2993 3389
3092 3390
3231 3391
3203 3392
2908 3393
3386 3394
2893 3395
3013 3396
3263 3397
2952 3398
3248 3399
3200 3400
3370 3401
2913 3402
3207 3403
2946 3404
3347 3405
3404 3406
3104 3407
3198 3408
3025 3409
3242 3410
3403 3411
3064 3412
3410 3413
3076 3414
3374 3415
3244 3416
3228 3417
2668 3418
3364 3419
3398 3420
3353 3421
3375 3422
3378 3423
3264 3424
2752 3425
3361 3426
3157 3427
3365 3428
3337 3429
2989 3430
3355 3431
3348 3432
3327 3433
3345 3434
3411 3435
3249 3436
1827 3437
3418 3438
3052 3439
3246 3440
3082 3441
3149 3442
3069 3443
3325 3444
3437 3445
3047 3446
3201 3447
3339 3448
3303 3449
3273 3450
3446 3451
2920 3452
3232 3453
3426 3454
3294 3455
3427 3456
3045 3457
3358 3458
3286 3459
3455 3460
3406 3461
3164 3462
3256 3463
3439 3464
3421 3465
3208 3466
3454 3467
3186 3468
3371 3469
3399 3470
3433 3471
3199 3472
2897 3473
3257 3474
3074 3475
3141 3476
3459 3477
3423 3478
3202 3479
3405 3480
3283 3481
3476 3482
3465 3483
3442 3484
3425 3485
3224 3486
3279 3487
3115 3488
2831 3489
3206 3490
3351 3491
3382 3492
3400 3493
3352 3494
3278 3495
3493 3496
3124 3497
3436 3498
2964 3499
3473 3500
3089 3501
3356 3502
3088 3503
3490 3504
3503 3505
3311 3506
3462 3507
3343 3508
3216 3509
3323 3510
3413 3511
3402 3512
3272 3513
3298 3514
3432 3515
3391 3516
3430 3517
3484 3518
3368 3519
3207 3520
3457 3521
3383 3522
3012 3523
3424 3524
2851 3525
3521 3526
3377 3527
3441 3528
3414 3529
3525 3530
3080 3531
3376 3532
3481 3533
3306 3534
3516 3535
3131 3536
3154 3537
3532 3538
3533 3539
3204 3540
3518 3541
3486 3542
3326 3543
3239 3544
3519 3545
3491 3546
3287 3547
3410 3548
3408 3549
3500 3550
3269 3551
3196 3552
3523 3553
3551 3554
3527 3555
2519 3556
3128 3557
2887 3558
2683 3559
3380 3560
3397 3561
3520 3562
3274 3563
3562 3564
3319 3565
3305 3566
3103 3567
3125 3568
3508 3569
3360 3570
3537 3571
3417 3572
3478 3573
3567 3574
3447 3575
2979 3576
3572 3577
3553 3578
3161 3579
3349 3580
3557 3581
3564 3582
3497 3583
3529 3584
3513 3585
3556 3586
3570 3587
3227 3588
3341 3589
3501 3590
3579 3591
3415 3592
3320 3593
2429 3594
3539 3595
3091 3596
3549 3597
3340 3598
3048 3599
3197 3600
3324 3601
3431 3602
3483 3603
3541 3604
3559 3605
3390 3606
3496 3607
3445 3608
2999 3609
3471 3610
2710 3611
3588 3612
3475 3613
3554 3614
3134 3615
3220 3616
3301 3617
3450 3618
3129 3619
3381 3620
2526 3621
3342 3622
3598 3623
3569 3624
3568 3625
3170 3626
3507 3627
3625 3628
3566 3629
3535 3630
2940 3631
3497 3632
3604 3633
3448 3634
3610 3635
3469 3636
3499 3637
3506 3638
3449 3639
3318 3640
3282 3641
3511 3642
3317 3643
3573 3644
3633 3645
3595 3646
3534 3647
3479 3648
3419 3649
3109 3650
3547 3651
3461 3652
3453 3653
3584 3654
2797 3655
3627 3656
3458 3657
3586 3658
3548 3659
3642 3660
3308 3661
3337 3662
2900 3663
3657 3664
2794 3665
3443 3666
2928 3667
2983 3668
3451 3669
3577 3670
3546 3671
3333 3672
3379 3673
3565 3674
2972 3675
3651 3676
3581 3677
3290 3678
3658 3679
3240 3680
3650 3681
3660 3682
3611 3683
3356 3684
3503 3685
3214 3686
3644 3687
3654 3688
3316 3689
3162 3690
3416 3691
3649 3692
3638 3693
3640 3694
2722 3695
2697 3696
3623 3697
3184 3698
3613 3699
2796 3700
3601 3701
2844 3702
3081 3703
3169 3704
3239 3705
3498 3706
3677 3707
3663 3708
3372 3709
3492 3710
3302 3711
3583 3712
3217 3713
2901 3714
3698 3715
3602 3716
2274 3717
3621 3718
3480 3719
3512 3720
3646 3721
3574 3722
3412 3723
3710 3724
3594 3725
3350 3726
3494 3727
3648 3728
3563 3729
2483 3730
3653 3731
3707 3732
3607 3733
3510 3734
3359 3735
3712 3736
3669 3737
3420 3738
3156 3739
3385 3740
3704 3741
3367 3742
2834 3743
3609 3744
3188 3745
3644 3746
3691 3747
3639 3748
3693 3749
3280 3750
3750 3751
3365 3752
3493 3753
2656 3754
3528 3755
3241 3756
3731 3757
3507 3758
3329 3759
3716 3760
3696 3761
3724 3762
3530 3763
3467 3764
3632 3765
3610 3766
3215 3767
3597 3768
3671 3769
3767 3770
3522 3771
3734 3772
3337 3773
3587 3774
3617 3775
3452 3776
3719 3777
3747 3778
3361 3779
3377 3780
3684 3781
3652 3782
3759 3783
3635 3784
3334 3785
3709 3786
3239 3787
2621 3788
3526 3789
3468 3790
3780 3791
3775 3792
3396 3793
3466 3794
3706 3795
3182 3796
3667 3797
3531 3798
3793 3799
3456 3800
3798 3801
3656 3802
3541 3803
3756 3804
2974 3805
3792 3806
3382 3807
3675 3808
3024 3809
3780 3810
3546 3811
3347 3812
3464 3813
3388 3814
3666 3815
3761 3816
3593 3817
3407 3818
3811 3819
3296 3820
3766 3821
3578 3822
3366 3823
3796 3824
3694 3825
3122 3826
3497 3827
3145 3828
3740 3829
3727 3830
3728 3831
3605 3832
3037 3833
3524 3834
3373 3835
3487 3836
3758 3837
3692 3838
3730 3839
3529 3840
3835 3841
2799 3842
2698 3843
3764 3844
3836 3845
3710 3846
3840 3847
3711 3848
3676 3849
3679 3850
2842 3851
3821 3852
3844 3853
3769 3854
3819 3855
3624 3856
3387 3857
3699 3858
2886 3859
3753 3860
3723 3861
3626 3862
2990 3863
3631 3864
3861 3865
3773 3866
3544 3867
3488 3868
3039 3869
3401 3870
3809 3871
3864 3872
3803 3873
3870 3874
2829 3875
3514 3876
3321 3877
3788 3878
2991 3879
3555 3880
3561 3881
3725 3882
3002 3883
3871 3884
3869 3885
3683 3886
2580 3887
2954 3888
3668 3889
3084 3890
3687 3891
3843 3892
3304 3893
3540 3894
3238 3895
3805 3896
3580 3897
3785 3898
3718 3899
3363 3900
2785 3901
3322 3902
3791 3903
3638 3904
3575 3905
3451 3906
3733 3907
3778 3908
3664 3909
3589 3910
3614 3911
3797 3912
3439 3913
3787 3914
3538 3915
3702 3916
3681 3917
3874 3918
3859 3919
3229 3920
3787 3921
3736 3922
3682 3923
2996 3924
3744 3925
2691 3926
3748 3927
3463 3928
3893 3929
3757 3930
3898 3931
3922 3932
3647 3933
2479 3934
3928 3935
3600 3936
3856 3937
3815 3938
3470 3939
3755 3940
3717 3941
3590 3942
3917 3943
3794 3944
3502 3945
3875 3946
3515 3947
3714 3948
3901 3949
3827 3950
3939 3951
3741 3952
3855 3953
3872 3954
3921 3955
3885 3956
2931 3957
3940 3958
3697 3959
3929 3960
3576 3961
3903 3962
3937 3963
3812 3964
3945 3965
3959 3966
3953 3967
3966 3968
3713 3969
3842 3970
3943 3971
3297 3972
3965 3973
3686 3974
3394 3975
3783 3976
3800 3977
3460 3978
3451 3979
3955 3980
3653 3981
3977 3982
3925 3983
3862 3984
3697 3985
3314 3986
3752 3987
3814 3988
3362 3989
3536 3990
3779 3991
3886 3992
3860 3993
3980 3994
3369 3995
3952 3996
3824 3997
3924 3998
3346 3999
3902 4000
3974 4001
3729 4002
3884 4003
3941 4004
3643 4005
3781 4006
3886 4007
3662 4008
3876 4009
3789 4010
3835 4011
3947 4012
3795 4013
3838 4014
3935 4015
3985 4016
3936 4017
3709 4018
3919 4019
3542 4020
3977 4021
3612 4022
3820 4023
3495 4024
3918 4025
4001 4026
3629 4027
3422 4028
3429 4029
3927 4030
3909 4031
3505 4032
3801 4033
4016 4034
3802 4035
3639 4036
3874 4037
3571 4038
3786 4039
3509 4040
4007 4041
3344 4042
3536 4043
4008 4044
3839 4045
3592 4046
3330 4047
3849 4048
3680 4049
3847 4050
3720 4051
3942 4052
4006 4053
2961 4054
3690 4055
4054 4056
3708 4057
3628 4058
3931 4059
3616 4060
3880 4061
3837 4062
3438 4063
4005 4064
3762 4065
3458 4066
3737 4067
4061 4068
3916 4069
4050 4070
3485 4071
3267 4072
3976 4073
3975 4074
3734 4075
3830 4076
3560 4077
3680 4078
4025 4079
4044 4080
3545 4081
3837 4082
4004 4083
3851 4084
3732 4085
3354 4086
3973 4087
3979 4088
3863 4089
3999 4090
3912 4091
3831 4092
4036 4093
3914 4094
3517 4095
4017 4096
3275 4097
2914 4098
4028 4099
3878 4100
4011 4101
4032 4102
4056 4103
3790 4104
3746 4105
4096 4106
4048 4107
3829 4108
3937 4109
4077 4110
3771 4111
4104 4112
3851 4113
3890 4114
3726 4115
3828 4116
3957 4117
4116 4118
2921 4119
3751 4120
3823 4121
4030 4122
3665 4123
3493 4124
3763 4125
4009 4126
3701 4127
3900 4128
3774 4129
3765 4130
3705 4131
4037 4132
3915 4133
4081 4134
3908 4135
3715 4136
3932 4137
3315 4138
3998 4139
4055 4140
3971 4141
3986 4142
3896 4143
3678 4144
3983 4145
3934 4146
4102 4147
4082 4148
3881 4149
4125 4150
3606 4151
4082 4152
3858 4153
3769 4154
4113 4155
3444 4156
1972 4157
3853 4158
4107 4159
3589 4160
4060 4161
3582 4162
3818 4163
4058 4164
3883 4165
4051 4166
4083 4167
3804 4168
2885 4169
4133 4170
3877 4171
4114 4172
3641 4173
3119 4174
3961 4175
4085 4176
3674 4177
3818 4178
3558 4179
3489 4180
3963 4181
4177 4182
3936 4183
3866 4184
4135 4185
4039 4186
3909 4187
3618 4188
3970 4189
4069 4190
3585 4191
3950 4192
4180 4193
3291 4194
4136 4195
3822 4196
4154 4197
3996 4198
4139 4199
4086 4200
4070 4201
4068 4202
3700 4203
4190 4204
3689 4205
3661 4206
3960 4207
3946 4208
3967 4209
4057 4210
4026 4211
4194 4212
3735 4213
4089 4214
4147 4215
4112 4216
4158 4217
3261 4218
4184 4219
3857 4220
2701 4221
3482 4222
3972 4223
4216 4224
4040 4225
3993 4226
3637 4227
4218 4228
4111 4229
4163 4230
2800 4231
4013 4232
4145 4233
4072 4234
4064 4235
3988 4236
3921 4237
3271 4238
3222 4239
3848 4240
3991 4241
3434 4242
3090 4243
4079 4244
4099 4245
4196 4246
2995 4247
4041 4248
3978 4249
3667 4250
3930 4251
4228 4252
4165 4253
3917 4254
4173 4255
4090 4256
4071 4257
3987 4258
3867 4259
4181 4260
4248 4261
4204 4262
3591 4263
4155 4264
4172 4265
4144 4266
4183 4267
3596 4268
3770 4269
4213 4270
4142 4271
4198 4272
4176 4273
3954 4274
4255 4275
4254 4276
4182 4277
4247 4278
3997 4279
4208 4280
4129 4281
4219 4282
4141 4283
3920 4284
4045 4285
4131 4286
4151 4287
4224 4288
4166 4289
4133 4290
4275 4291
4062 4292
4243 4293
3550 4294
4123 4295
4214 4296
4074 4297
3879 4298
4259 4299
3662 4300
4273 4301
3799 4302
4029 4303
3994 4304
3813 4305
3984 4306
4067 4307
4267 4308
3891 4309
3997 4310
4223 4311
3841 4312
3634 4313
3825 4314
3200 4315
4250 4316
4289 4317
2733 4318
4211 4319
3397 4320
3922 4321
4300 4322
3392 4323
4295 4324
4264 4325
4186 4326
3968 4327
4285 4328
4310 4329
4195 4330
4279 4331
4115 4332
4171 4333
4124 4334
4292 4335
4047 4336
4130 4337
3910 4338
4249 4339
4227 4340
4326 4341
4020 4342
3745 4343
3887 4344
4106 4345
4284 4346
3892 4347
4063 4348
4206 4349
4153 4350
4322 4351
4330 4352
4341 4353
3615 4354
3754 4355
4277 4356
3603 4357
4222 4358
3477 4359
4278 4360
4092 4361
3776 4362
4127 4363
4324 4364
4162 4365
4101 4366
3721 4367
4357 4368
4290 4369
3739 4370
3659 4371
4203 4372
4335 4373
4121 4374
4215 4375
4087 4376
4366 4377
4031 4378
4138 4379
3899 4380
4318 4381
4282 4382
3906 4383
3166 4384
3852 4385
4043 4386
4217 4387
4301 4388
4067 4389
4319 4390
3439 4391
3357 4392
4337 4393
4226 4394
4314 4395
3670 4396
3111 4397
4105 4398
4390 4399
3472 4400
3826 4401
4365 4402
4385 4403
4379 4404
3844 4405
4212 4406
4362 4407
4227 4408
2855 4409
4051 4410
4358 4411
4109 4412
4100 4413
4333 4414
3440 4415
4320 4416
4252 4417
4164 4418
4327 4419
3905 4420
3807 4421
4420 4422
4421 4423
3474 4424
3130 4425
4172 4426
3622 4427
4287 4428
4208 4429
3923 4430
4396 4431
4231 4432
4003 4433
4388 4434
3938 4435
3428 4436
4263 4437
4345 4438
4377 4439
4280 4440
3619 4441
3895 4442
2284 4443
3552 4444
4241 4445
3902 4446
3688 4447
4422 4448
4065 4449
4095 4450
4353 4451
4052 4452
4207 4453
3654 4454
3715 4455
4199 4456
4430 4457
4447 4458
3608 4459
4220 4460
4414 4461
4460 4462
4019 4463
3722 4464
3832 4465
4272 4466
4443 4467
4046 4468
4221 4469
4159 4470
4291 4471
4340 4472
4380 4473
3816 4474
4151 4475
3620 4476
4401 4477
4402 4478
3318 4479
4324 4480
3393 4481
4387 4482
4146 4483
4134 4484
4349 4485
3233 4486
3897 4487
4474 4488
4150 4489
4227 4490
3749 4491
4436 4492
4490 4493
4450 4494
4192 4495
4263 4496
4394 4497
4049 4498
3889 4499
4066 4500
4014 4501
4469 4502
4222 4503
4253 4504
4286 4505
4008 4506
4435 4507
4266 4508
3964 4509
4331 4510
4355 4511
4299 4512
3873 4513
3834 4514
4023 4515
4486 4516
4418 4517
4308 4518
4237 4519
4339 4520
4375 4521
4376 4522
3768 4523
4371 4524
3782 4525
4464 4526
4276 4527
4407 4528
4463 4529
4328 4530
3504 4531
4140 4532
4521 4533
4191 4534
3784 4535
4484 4536
4257 4537
4529 4538
4475 4539
4466 4540
4499 4541
4540 4542
4372 4543
3958 4544
4244 4545
4149 4546
4233 4547
4429 4548
4035 4549
4229 4550
3655 4551
4518 4552
4511 4553
4411 4554
4315 4555
4479 4556
4437 4557
4531 4558
4305 4559
4210 4560
4234 4561
4535 4562
4500 4563
3881 4564
4515 4565
3904 4566
4493 4567
4368 4568
4439 4569
4516 4570
3893 4571
4307 4572
4533 4573
4296 4574
4428 4575
4489 4576
3949 4577
4406 4578
4432 4579
4507 4580
4427 4581
3276 4582
3409 4583
4511 4584
4076 4585
4392 4586
3503 4587
4460 4588
4122 4589
4338 4590
4327 4591
4408 4592
4027 4593
4230 4594
4434 4595
4053 4596
4161 4597
4349 4598
4558 4599
4269 4600
3948 4601
4481 4602
3703 4603
4391 4604
4561 4605
4042 4606
4485 4607
4572 4608
4548 4609
4174 4610
4506 4611
4236 4612
4448 4613
3868 4614
4570 4615
4501 4616
4590 4617
4277 4618
4560 4619
4103 4620
4524 4621
3777 4622
4359 4623
3854 4624
4175 4625
4568 4626
4476 4627
4578 4628
4594 4629
4596 4630
3846 4631
3630 4632
4246 4633
4591 4634
2780 4635
4458 4636
4625 4637
4519 4638
4512 4639
4468 4640
4452 4641
4379 4642
4573 4643
4274 4644
3854 4645
4482 4646
4601 4647
4621 4648
4566 4649
4519 4650
4470 4651
4640 4652
4157 4653
4332 4654
4431 4655
4197 4656
4084 4657
4622 4658
3760 4659
4336 4660
4642 4661
4352 4662
4185 4663
4649 4664
4658 4665
4555 4666
4033 4667
4539 4668
3098 4669
4178 4670
4472 4671
4461 4672
4244 4673
4075 4674
4610 4675
4646 4676
4618 4677
4356 4678
4455 4679
3622 4680
4200 4681
4653 4682
4614 4683
4225 4684
4510 4685
3389 4686
4302 4687
3992 4688
3990 4689
4283 4690
4350 4691
4488 4692
4491 4693
4383 4694
4329 4695
4312 4696
4642 4697
4313 4698
4187 4699
4562 4700
4097 4701
4347 4702
4063 4703
4643 4704
4520 4705
4700 4706
4686 4707
4669 4708
4415 4709
4666 4710
4508 4711
4410 4712
3725 4713
4494 4714
4073 4715
4599 4716
4604 4717
4268 4718
4609 4719
3312 4720
4584 4721
4334 4722
4444 4723
4586 4724
4374 4725
3871 4726
4549 4727
4650 4728
4034 4729
4665 4730
4193 4731
4717 4732
4497 4733
4118 4734
4554 4735
4564 4736
4728 4737
4446 4738
4569 4739
4631 4740
4574 4741
4080 4742
4251 4743
4597 4744
4157 4745
4456 4746
4736 4747
4680 4748
3543 4749
4667 4750
4740 4751
4059 4752
4546 4753
4673 4754
4637 4755
3636 4756
3956 4757
4757 4758
4681 4759
4750 4760
4755 4761
4441 4762
4627 4763
3833 4764
4759 4765
4699 4766
4015 4767
4395 4768
4756 4769
4361 4770
4096 4771
4503 4772
4209 4773
4397 4774
3951 4775
4321 4776
4545 4777
4438 4778
4687 4779
4200 4780
4232 4781
4580 4782
4598 4783
4411 4784
4729 4785
4731 4786
4699 4787
4367 4788
4262 4789
4678 4790
4710 4791
4556 4792
4770 4793
3810 4794
4567 4795
3210 4796
4671 4797
4038 4798
4453 4799
4202 4800
4348 4801
4294 4802
4764 4803
4775 4804
4517 4805
4018 4806
4032 4807
4802 4808
4424 4809
4454 4810
4768 4811
4433 4812
4693 4813
4807 4814
4749 4815
4801 4816
4808 4817
4179 4818
3772 4819
4236 4820
4633 4821
4544 4822
4559 4823
4696 4824
4703 4825
2463 4826
3845 4827
4403 4828
4638 4829
3332 4830
4794 4831
4588 4832
4647 4833
4281 4834
4205 4835
4344 4836
4523 4837
4796 4838
4838 4839
4346 4840
4117 4841
4766 4842
4600 4843
4354 4844
4737 4845
4502 4846
4793 4847
4828 4848
4094 4849
3821 4850
4758 4851
4685 4852
4698 4853
4323 4854
4098 4855
4504 4856
4791 4857
4093 4858
4675 4859
4809 4860
4831 4861
4633 4862
4803 4863
4160 4864
4373 4865
4711 4866
4152 4867
4563 4868
4772 4869
4716 4870
4837 4871
4822 4872
4157 4873
4495 4874
4797 4875
3695 4876
4761 4877
4670 4878
4684 4879
4467 4880
4859 4881
3882 4882
4498 4883
4215 4884
4644 4885
4783 4886
4611 4887
3087 4888
4465 4889
4547 4890
3599 4891
4629 4892
4311 4893
4543 4894
4541 4895
4537 4896
4496 4897
4894 4898
4423 4899
4297 4900
4722 4901
4342 4902
4616 4903
3874 4904
4462 4905
4585 4906
4078 4907
3328 4908
4865 4909
4617 4910
4495 4911
4409 4912
4137 4913
4547 4914
4873 4915
4645 4916
4623 4917
3981 4918
4595 4919
4880 4920
4189 4921
4898 4922
4868 4923
4688 4924
4707 4925
4824 4926
4776 4927
4733 4928
4830 4929
4847 4930
4404 4931
3673 4932
4695 4933
4810 4934
4704 4935
4890 4936
4817 4937
4770 4938
4881 4939
4384 4940
4110 4941
4575 4942
3654 4943
4557 4944
4726 4945
4836 4946
4316 4947
4600 4948
4400 4949
4664 4950
3911 4951
4942 4952
4637 4953
4869 4954
4682 4955
4317 4956
4369 4957
4505 4958
4256 4959
4620 4960
4688 4961
4382 4962
4676 4963
3309 4964
4662 4965
4863 4966
4697 4967
4592 4968
4167 4969
4746 4970
4412 4971
4765 4972
4721 4973
4258 4974
4812 4975
4933 4976
3982 4977
4784 4978
4565 4979
4663 4980
4672 4981
4713 4982
4773 4983
4486 4984
4094 4985
3850 4986
4895 4987
4954 4988
4780 4989
4238 4990
4478 4991
4532 4992
4657 4993
4789 4994
4593 4995
3055 4996
4742 4997
4926 4998
4952 4999
4986 5000
0 0 0 0 0 0 0 0 0 0 0 0 0 0 0 0 0 0 0 0 0 0 0 0 0 0 0 0 0 0 0 0 0 0 0 0 0 0 0 0 0 0 0 0 0 0 0 0 0 0 0 0 0 0 0 0 0 0 0 0 0 0 0 0 0 0 0 0 0 0 0 0 0 0 0 0 0 0 0 0 0 0 0 0 0 0 0 0 0 0 0 0 0 0 0 0 0 0 0 0 0 0 0 0 0 0 0 0 0 0 0 0 0 0 0 0 0 0 0 0 0 0 0 0 0 0 0 0 0 0 0 0 0 0 0 0 0 0 0 0 0 0 0 0 0 0 0 0 0 0 0 0 0 0 0 0 0 0 0 0 0 0 0 0 0 0 0 0 0 0 0 0 0 0 0 0 0 0 0 0 0 0 0 0 0 0 0 0 0 0 0 0 0 0 0 0 0 0 0 0 0 0 0 0 0 0 0 0 0 0 0 0 0 0 0 0 0 0 0 0 0 0 0 0 0 0 0 0 0 0 0 0 0 0 0 0 0 0 0 0 0 0 0 0 0 0 0 0 0 0 0 0 0 0 0 0 0 0 0 0 0 0 0 0 0 0 0 0 0 0 0 0 0 0 0 0 0 0 0 0 0 0 0 0 0 0 0 0 0 0 0 0 0 0 0 0 0 0 0 0 0 0 0 0 0 0 0 0 0 0 0 0 0 0 0 0 0 0 0 0 0 0 0 0 0 0 0 0 0 0 0 0 0 0 0 0 0 0 0 0 0 0 0 0 0 0 0 0 0 0 0 0 0 0 0 0 0 0 0 0 0 0 0 0 0 0 0 0 0 0 0 0 0 0 0 0 0 0 0 0 0 0 0 0 0 0 0 0 0 0 0 0 0 0 0 0 0 0 0 0 0 0 0 0 0 0 0 0 0 0 0 0 0 0 0 0 0 0 0 0 0 0 0 0 0 0 0 0 0 0 0 0 0 0 0 0 0 0 0 0 0 0 0 0 0 0 0 0 0 0 0 0 0 0 2501 0 0 0 0 0 0 0 0 0 0 0 0 0 0 0 0 0 0 0 0 0 0 0 0 0 0 0 0 0 0 0 0 0 0 0 0 0 0 0 0 0 0 0 0 0 0 0 0 0 0 0 0 0 0 0 0 0 0 0 0 0 0 0 0 0 0 0 0 0 0 0 0 0 0 0 0 0 0 0 0 0 0 0 0 0 0 0 0 0 0 0 0 0 0 0 0 0 0 0 0 0 0 0 0 0 0 0 0 0 0 0 0 0 0 0 0 0 0 0 0 0 0 0 0 0 0 0 0 0 0 0 0 0 0 0 0 0 0 0 0 0 0 0 0 0 0 0 0 0 0 0 0 0 0 0 0 0 0 0 0 0 0 0 0 0 0 0 0 0 0 0 0 0 0 0 0 0 0 0 0 0 0 0 0 0 0 0 0 0 0 0 0 0 0 0 0 0 0 0 0 0 0 0 0 0 0 0 0 0 0 0 0 0 0 0 0 0 0 0 0 0 0 0 0 0 0 0 0 0 0 0 0 0 0 0 0 0 0 0 0 0 0 0 0 0 0 0 0 0 0 0 0 0 0 0 0 0 0 0 0 0 0 0 0 0 0 0 0 0 0 0 0 0 0 0 0 0 0 0 0 0 0 0 0 0 0 0 0 0 0 0 0 0 0 0 0 0 0 0 0 0 0 0 0 0 0 0 0 0 0 0 0 0 0 0 0 0 0 0 0 0 0 0 0 0 0 0 0 0 0 0 0 0 0 0 0 0 0 0 0 0 0 0 0 0 0 0 0 0 0 0 0 0 0 0 0 0 0 0 0 0 0 0 0 0 0 0 0 0 0 0 0 0 0 0 0 0 0 0 0 0 0 0 0 0 0 0 0 0 0 0 0 0 0 0 0 0 0 0 0 0 0 0 0 0 0 0 0 0 0 0 0 0 0 0 0 0 0 0 0 0 0 0 0 0 0 0 0 0 0 0 0 0 0 0 0 0 0 0 0 0 0 0 0 0 0 0 0 0 0 0 0 0 0 0 0 0 0 0 0 0 0 0 0 0 0 0 0 0 0 0 0 0 0 0 0 0 0 0 0 0 0 0 0 0 0 0 0 0 0 0 0 0 0 0 0 0 0 0 0 0 0 0 0 0 0 0 0 0 0 0 0 0 0 0 0 0 0 0 0 0 0 0 0 0 0 0 0 0 0 0 0 0 0 0 0 0 0 0 0 0 0 0 0 0 0 0 0 0 0 0 0 0 0 0 0 0 0 0 0 0 0 0 0 0 0 0 0 0 0 0 0 0 0 0 0 0 0 0 0 0 0 0 0 0 0 0 0 0 0 0 0 0 0 0 0 0 0 0 0 0 0 0 0 0 0 0 0 0 0 0 0 0 0 0 0 0 0 0 0 0 0 0 0 0 0 0 0 0 0 0 0 0 0 0 0 0 0 0 0 0 0 0 0 0 0 0 0 0 0 0 0 0 0 0 0 0 0 0 0 0 0 0 0 0 0 0 0 0 0 0 0 0 0 0 0 0 0 0 0 0 0 0 0 0 0 0 0 0 0 0 0 0 0 0 0 0 0 0 0 0 0 0 0 0 0 0 0 0 0 0 0 0 0 0 0 0 0 0 0 0 0 0 0 0 0 0 0 0 0 0 0 0 0 0 0 0 0 0 0 0 0 0 0 0 0 0 0 0 0 0 0 0 0 0 0 0 0 0 0 0 0 0 0 0 0 0 0 0 0 0 0 0 0 0 0 0 0 0 0 0 0 0 0 0 0 0 0 0 0 0 0 0 0 0 0 0 0 0 0 0 0 0 0 0 0 0 0 0 0 0 0 0 0 0 0 0 0 0 0 0 0 0 0 0 0 0 0 0 0 0 0 0 0 0 0 0 0 0 0 0 0 0 0 0 0 0 0 0 0 0 0 0 0 0 0 0 0 0 0 0 0 0 0 0 0 0 0 0 0 0 0 0 0 0 0 0 0 0 0 0 0 0 0 0 0 0 0 0 0 0 0 0 0 0 0 0 0 0 0 0 0 0 0 0 0 0 0 0 0 0 0 0 0 0 0 0 0 0 0 0 0 0 0 0 0 0 0 0 0 0 0 0 0 0 0 0 0 0 0 0 0 0 0 0 0 0 0 0 0 0 0 0 0 0 0 0 0 0 0 0 0 0 0 0 0 0 0 0 0 0 0 0 0 0 0 0 0 0 0 0 0 0 0 0 0 0 0 0 0 0 0 0 0 0 0 0 0 0 0 0 0 0 0 0 0 0 0 0 0 0 0 0 0 0 0 0 0 0 0 0 0 0 0 0 0 0 0 0 0 0 0 0 0 0 0 0 0 0 0 0 0 0 0 0 0 0 0 0 0 0 0 0 0 0 0 0 0 0 0 0 0 0 0 0 0 0 0 0 0 0 0 0 0 0 0 0 0 0 0 0 0 0 0 0 0 0 0 0 0 0 0 0 0 0 0 0 0 0 0 0 0 0 0 0 0 0 0 0 0 0 0 0 0 0 0 0 0 0 0 0 0 0 0 0 0 0 0 0 0 0 0 0 0 0 0 0 0 0 0 0 0 0 0 0 0 0 0 0 0 0 0 0 0 0 0 0 0 0 0 0 0 0 0 0 0 0 0 0 0 0 0 0 0 0 0 0 0 0 0 0 0 0 0 0 0 0 0 0 0 0 0 0 0 0 0 0 0 0 0 0 0 0 0 0 0 0 0 0 0 0 0 0 0 0 0 0 0 0 0 0 0 0 0 0 0 0 0 0 0 0 0 0 0 0 0 0 0 0 0 0 0 0 0 0 0 0 0 0 0 0 0 0 0 0 0 0 0 0 0 0 0 0 0 0 0 0 0 0 0 0 0 0 0 0 0 0 0 0 0 0 0 0 0 0 0 0 0 0 0 0 0 0 0 0 0 0 0 0 0 0 0 0 0 0 0 0 0 0 0 0 0 0 0 0 0 0 0 0 0 0 0 0 0 0 0 0 0 0 0 0 0 0 0 0 0 0 0 0 0 0 0 0 0 0 0 0 0 0 0 0 0 0 0 0 0 0 0 0 0 0 0 0 0 0 0 0 0 0 0 0 0 0 0 0 0 0 0 0 0 0 0 0 0 0 0 0 0 0 0 0 0 0 0 0 0 0 0 0 0 0 0 0 0 0 0 0 0 0 0 0 0 0 0 0 0 0 0 0 0 0 0 0 0 0 0 0 0 0 0 0 0 0 0 0 0 0 0 0 0 0 0 0 0 0 0 0 0 0 0 0 0 0 0 0 0 0 0 0 0 0 0 0 0 0 0 0 0 0 0 0 0 0 0 0 0 0 0 0 0 0 0 0 0 0 0 0 0 0 0 0 0 0 0 0 0 0 0 0 0 0 0 0 0 0 0 0 0 0 0 0 0 0 0 0 0 0 0 0 0 0 0 0 0 0 0 0 0 0 0 0 0 0 0 0 0 0 0 0 0 0 0 0 0 0 0 0 0 0 0 0 0 0 0 0 0 0 0 0 0 0 0 0 0 0 0 0 0 0 0 0 0 0 0 0 0 0 0 0 0 0 0 0 0 0 0 0 0 0 0 0 0 0 0 0 0 0 0 0 0 0 0 0 0 0 0 0 0 0 0 0 0 0 0 0 0 0 0 0 0 0 0 0 0 0 0 0 0 0 0 0 0 0 0 0 0 0 0 0 0 0 0 0 0 0 0 0 0 0 0 0 0 0 0 0 0 0 0 0 0 0 0 0 0 0 0 0 0 0 0 0 0 0 0 0 0 0 0 0 0 0 0 0 0 0 0 0 0 0 0 0 0 0 0 0 0 0 0 0 0 0 0 0 0 0 0 0 0 0 0 0 0 0 0 0 0 0 0 0 0 0 0 0 0 0 0 0 0 0 0 0 0 0 0 0 0 0 0 0 0 0 0 0 0 0 0 0 0 0 0 0 0 0 0 0 0 0 0 0 0 0 0 0 0 0 0 0 0 0 0 0 0 0 0 0 0 0 0 0 0 0 0 0 0 0 0 0 0 0 0 0 0 0 0 0 0 0 0 0 0 0 0 0 0 0 0 0 0 0 0 0 0 0 0 0 0 0 0 0 0 0 0 0 0 0 0 0 0 0 0 0 0 0 0 0 0 0 0 0 0 0 0 0 0 0 0 0 0 0 0 0 0 0 0 0 0 0 0 0 0 0 0 0 0 0 0 0 0 0 0 0 0 0 0 0 0 0 0 0 0 0 0 0 0 0 0 0 0 0 0 0 0 0 0 0 0 0 0 0 0 0 0 0 0 0 0 0 0 0 0 0 0 0 0 0 0 0 0 0 0 0 0 0 0 0 0 0 0 0 0 0 0 0 0 0 0 0 0 0 0 0 0 0 0 0 0 0 0 0 0 0 0 0 0 0 0 0 0 0 0 0 0 0 0 0 0 0 0 0 0 0 0 0 0 0 0 0 0 0 0 0 0 0 0 0 0 0 0 0 0 0 0 0 0 0 0 0 0 0 0 0 0 0 0 0 0 0 0 0 0 0 0 0 0 0 0 0 0 0 0 0 0 0 0 0 0 0 0 0 0 0 0 0 0 0 0 0 0 0 0 0 0 0 0 0 0 0 0 0 0 0 0 0 0 0 0 0 0 0 0 0 0 0 0 0 0 0 0 0 0 0 0 0 0 0 0 0 0 0 0 0 0 0 0 0 0 0 0 0 0 0 0 0 0 0 0 0 0 0 0 0 0 0 0 0 0 0 0 0 0 0 0 0 0 0 0 0 0 0 0 0 0 0 0 0 0 0 0 0 0 0 0 0 0 0 0 0 0 0 0 0 0 0 0 0 0 0 0 0 0 0 0 0 0 0 0 0 0 0 0 0 0 0 0 0 0 0 0 0 0 0 0 0 0 0 0 0 0 0 0 0 0 0 0 0 0 0 0 0 0 0 0 0 0 0 0 0 0 0 0 0 0 0 0 0 0 0 0 0 0 0 0 0 0 0 0 0 0 0 0 0 0 0 0 0 0 0 0 0 0 0 0 0 0 0 0 0 0 0 0 0 0 0 0 0 0 0 0 0 0 0 0 0 0 0 0 0 0 0 0 0 0 0 0 0 0 0 0 0 0 0 0 0 0 0 0 0 0 0 0 0 0 0 0 0 0 0 0 0 0 0 0 0 0 0 0 0 0 0 0 0 0 0 0 0 0 0 0 0 0 0 0 0 0 0 0 0 0 0 0 0 0 0 0 0 0 0 0 0 0 0 0 0 0 0 0 0 0 0 0 0 0 0 0 0 0 0 0 0 0 0 0 0 0 0 0 0 0 0 0 0 0 0 0 0 0 0 0 0 0 0 0 0 0 0 0 0 0 0 0 0 0 0 0 0 0 0 0 0 0 0 0 0 0 0 0 0 0 0 0 0 0 0 0 0 0 0 0 0 0 0 0 0 0 0 0 0 0 0 0 0 0 0 0 0 0 0 0 0 0 0 0 0 0 0 0 0 0 0 0 0 0 0 0 0 0 0 0 0 0 0 0 0 0 0 0 0 0 0 0 0 0 0 0 0 0 0 0 0 0 0 0 0 0 0 0 0 0 0 0 0 0 0 0 0 0 0 0 0 0 0 0 0 0 0 0 0 0 0 0 0 0 0 0 0 0 0 0 0 0 0 0 0 0 0 0 0 0 0 0 0 0 0 0 0 0 0 0 0 0 0 0 0 0 0 0 0 0 0 0 0 0 0 0 0 0 0 0 0 0 0 0 0 0 0 0 0 0 0 0 0 0 0 0 0 0 0 0 0 0 0 0 0 0 0 0 0 0 0 0 0 0 0 0 0 0 0 0 0 0 0 0 0 0 0 0 0 0 0 0 0 0 0 0 0 0 0 0 0 0 0 0 0 0 0 0 0 0 0 0 0 0 0 0 0 0 0 0 0 0 0 0 0 0 0 0 0 0 0 0 0 0 0 0 0 0 0 0 0 0 0 0 0 0 0 0 0 0 0 0 0 0 0 0 0 0 0 0 0 0 0 0 0 0 0 0 0 0 0 0 0 0 0 0 0 0 0 0 0 0 0 0 0 0 0 0 0 0 0 0 0 0 0 0 0 0 0 0 0 0 0 0 0 0 0 0 0 0 0 0 0 0 0 0 0 0 0 0 0 0 0 0 0 0 0 0 0 0 0 0 0 0 0 0 0 0 0 0 0 0 0 0 0 0 0 0 0 0 0 0 0 0 0 0 0 0 0 0 0 0 0 0 0 0 0 0 0 0 0 0 0 0 0 0 0 0 0 0 0 0 0 0 0 0 0 0 0 0 0 0 0 0 0 0 0 0 0 0 0 0 0 0 0 0 0 0 0 0 0 0 0 0 0 0 0 0 0 0 0 0 0 0 0 0 0 0 0 0 0 0 0 0 0 0 0 0 0 0 0 0 0 0 0 0 0 0 0 0 0 0 0 0 0 0 0 0 0 0 0 0 0 0 0 0 0 0 0 0 0 0 0 0 0 0 0 0 0 0 0 0 0 0 0 0 0 0 0 0 0 0 0 0 0 0 0 0 0 0 0 0 0 0 0 0 0 0 0 0 0 0 0 0 0 0 0 0 0 0 0 0 0 0 0 0 0 0 0 0 0 0 0 0 0 0 0 0 0 0 0 0 0 0 0 0 0 0 0 0 0 0 0 0 0 0 0 0 0 0 0 0 0 0 0 0 0 0 0 0 0 0 0 0 0 0 0 0 0 0 0 0 0 0 0 0 0 0 0 0 0 0 0 0 0 0 0 0 0 0 0 0 0 0 0 0 0 0 0 0 0 0 0 0 0 0 0 0 0 0 0 0 0 0 0 0 0 0 0 0 0 0 0 0 0 0 0 0 0 0 0 0 0 0 0 0 0 0 0 0 0 0 0 0 0 0 0 0 0 0 0 0 0 0 0 0 0 0 0 0 0 0 0 0 0 0 0 0 0 0 0 0 0 0 0 0 0 0 0 0 0 0 0 0 0 0 0 0 0 0 0 0 0 0 0 0 0 0 0 0 0 0 0 0 0 0 0 0 0 0 0 0 0 0 0 0 0 0 0 0 0 0 0 0 0 0 0 0 0 0 0 0 0 0 0 0 0 0 0 0 0 0 0 0 0 0 0 0 0 0 0 0 0 0 0 0 0 0 0 0 0 0 0 0 0 0 0 0 0 0 0 0 0 0 0 0 0 0 0 0 0 0 0 0 0 0 0 0 0 0 0 0 0 0 0 0 0 0 0 0 0 0 0 0 0 0 0 0 0 0 0 0 0 0 0 0 0 0 0 0 0 0 0 0 0 0 0 0 0 0 0 0 0 0 0 0 0 0 0 0 0 0 0 0 0 0 0 0 0 0 0 0 0 0 0 0 0 0 0 0 0 0 0 0 0 0 0 0 0 0 0 0 0 0 0 0 0 0 0 0 0 0 0 0 0 0 0 0 0 0 0 0 0 0 0 0 0 0 0 0 0 0 0 0 0 0 0 0 0 0 0 0 0 0 0 0 0 0 0 0 0 0 0 0 0 0 0 0 0 0 0 0 0 0 0 0 0 0 0 0 0 0 0 0 0 0 0 0 0 0 0 0 0 0 0 0 0 0 0 0 0 0 0 0 0 0 0 0 0 0 0 0 0 0 0 0 0 0 0 0 0 0 0 0 0 0 0 0 0 0 0 0 0 0 0 0 0 0 0 0 0 0 0 0 0 0 0 0 0 0 0 0 0 0 0 0 0 0 0 0 0 0 0 0 0 0 0 0 0 0 0 0 0 0 0 0 0 0 0 0 0 0 0 0 0 0 0 0 0 0 0 0 0 0 0 0 0 0 0 0 0 0 0 0 0 0 0 0 0 0 0 0 0 0 0 0 0 0 0 0 0 0 0 0 0 0 0 0 0 0 0 0 0 0 0 0 0 0 0 0 0 0 0 0 0 0 0 0 0 0 0 0 0 0 0 0 0 0 0 0 0 0 0 0 0 0 0 0 0 0 0 0 0 0 0 0 0 0 0 0 0 0 0 0 0 0 0 0 0 0 0 0 0 0 0 0 0 0 0 0 0 0 0 0 0 0 0 0 0 0 0 0 0 0 0 0 0 0 0 0 0 0 0 0 0 0 0 0 0 0 0 0 0 0 0 0 0 0 0 0 0 0 0 0 0 0 0 0 0 0 0 0 0 0 0 0 0 0 0 0 0 0 0 0 0 0 0 0 0 0 0 0 0 0 0 0 0 0 0 0 0 0 0 0 0 0 0 0 0 0 0 0 0 0 0 0 0 0 0 0 0 0 0 0 0 0 0 0 0 0 0 0 0 0 0 0 0 0 0 0 0 0 0 0 0 0 0 0 0 0 0 0 0 0 0 0 0 0 0 0 0 0 0 0 0 0 0 0 0 0 0 0 0 0 0 0 0 0 0 0 0 0 0 0 0 0 0 0 0 0 0 0 0 0 0 0 0 0 0 0 0 0 0 0 0 0 0 0 0 0 0 0 0 0 0 0 0 0 0 0 0 0 0 0 0 0 0 0 0 0 0 0 0 0 0 0 0 0 0 0 0 0 0 0 0 0 0 0 0 0 0 0 0 0 0 0 0 0 0 0 0 0 0 0 0 0 0 0 0 0 0 0 0 0 0 0 0 0 0 0 0 0 0 0 0 0 0 0 0 0 0 0 0 0 0 0 0 0 0 0 0 0 0 0 0 0 0 0 0 0 0 0 0 0 0 0 0 0 0 0 0 0 0 0 0 0 0 0 0 0 0 0 0 0 0 0 0 0 0 0 0 0 0 0 0 0 0 0 0 0 0 0 0 0 0 0 0 0 0 0 0 0 0 0 0 0 0 0 0 0 0 0 0 0 0 0 0 0 0 0 0 0 0 0 0 0 0 0 0 0 0 0 0 0 0 0 0 0 0 0 0 0 0 0 0 0 0 0 0 0 0 0 0 0 0 0 0 0 0 0 0 0 0 0 0 0 0 0 0 0 0 0 0 0 0 0 0 0 0 0 0 0 0 0 0 0 0 0 0 0 0 0 0 0 0 0 0 0 0 0 0 0 0 0 0 0 0 0 0 0 0 0 0 0 0 0 0 0 0 0 0 0 0 0 0 0 0 0 0 0 0 0 0 0 0 0 0 0 0 0 0 0 0 0 0 0 0 0 0 0 0 0 0 0 0 0 0 0 0 0 0 0 0 0 0 0 0 0 0 0 0 0 0 0 0 0 0 0 0 0 0 0 0 0 0 0 0 0 0 0 0 0 0 0 0 0 0 0 0 0 0 0 0 0 0 0 0 0 0 0 0 0 0 0 0 0 0 0 0 0 0 0 0 0 0 0 0 0 0 0 0 0 0 0 0 0 0 0 0 0 0 0 0 0 0 0 0 0 0 0 0 0 0 0 0 0 0 0 0 0 0 0 0 0 0 0 0 0 0 0 0 0 0 0 0 0 0 0 0 0 0 0 0 0 0 0 0 0 0 0 0 0 0 0 0 0 0 0 0 0 0 0 0 0 0 0 0 0 0 0 0 0 0 0 0 0 0 0 0 0 0 0 0 0 0 0 0 0 0 0 0 0 0 0 0 0 0 0 0 0 0 0 0 0 0 0 0 0 0 0 0 0 0 0 0 0 0 0 0 0 0 0 0 0 0 0 0 0 0 0 0 0 0 0 0 0 0 0 0 0 0 0 0 0 0 0 0 0 0 0 0 0 0 0 0 0 0 0 0 0 0 0 0 0 0 0 0 0 0 0 0 0 0 0 0 0 0 0 0 0 0 0 0 0 0 0 0 0 0 0 0 0 0 0 0 0 0 0 0 0 0 0 0 0 0 0 0 0 0 0 0 0 0 0 0 0 0 0 0 0 0 0 0 0 0 0 0 0 0 0 0 0 0 0 0 0 0 0 0 0 0 0 0 0 0 0 0 0 0 0 0 0 0 0 0 0 0 0 0 0 0 0 0 0 0 0 0 0 0 0 0 0 0 0 0 0 0 0 0 0 0 0 0 0 0 0 0 0 0 0 0 0 0 0 0 0 0 0 0 0 0 0 0 0 0 0 0 0 0 0 0 0 0 0 0 0 0 0 0 0 0 0 0 0 0 0 0 0 0 0 0 0 0 0 0 0 0 0 0 0 0 0 0 0 0 0 0 0 0 0 0 0 0 0 0 0 0 0 0 0 0 0 0 0 0 0 0 0 0 0 0 0 0 0 0 0 0 0 0 0 0 0 0 0 0 0 0
