5000
1 2
1 3
2 4
4 5
3 6
5 7
7 8
6 9
8 10
9 11
10 12
11 13
13 14
14 15
12 16
16 17
15 18
17 19
16 20
18 21
16 22
15 23
20 24
24 25
25 26
22 27
23 28
19 29
27 30
29 31
27 32
28 33
32 34
31 35
26 36
34 37
35 38
35 39
33 40
38 41
40 42
42 43
30 44
41 45
37 46
39 47
47 48
36 49
48 50
46 51
44 52
51 53
49 54
45 55
54 56
50 57
57 58
55 59
43 60
46 61
56 62
52 63
59 64
63 65
53 66
65 67
21 68
64 69
68 70
69 71
70 72
60 73
72 74
71 75
73 76
61 77
74 78
75 79
66 80
77 81
67 82
81 83
70 84
80 85
62 86
82 87
86 88
76 89
84 90
90 91
78 92
91 93
58 94
87 95
89 96
96 97
85 98
92 99
95 100
99 101
98 102
100 103
97 104
79 105
104 106
102 107
105 108
106 109
97 110
108 111
101 112
83 113
103 114
109 115
114 116
110 117
116 118
111 119
118 120
115 121
113 122
112 123
93 124
122 125
119 126
107 127
117 128
126 129
123 130
120 131
131 132
121 133
127 134
125 135
128 136
124 137
129 138
137 139
131 140
138 141
133 142
142 143
94 144
143 145
139 146
134 147
141 148
146 149
148 150
145 151
147 152
132 153
150 154
144 155
154 156
146 157
155 158
149 159
151 160
160 161
158 162
136 163
135 164
130 165
123 166
88 167
164 168
168 169
163 170
169 171
137 172
167 173
170 174
165 175
173 176
150 177
172 178
172 179
170 180
161 181
174 182
153 183
159 184
178 185
180 186
168 187
187 188
140 189
152 190
176 191
191 192
176 193
182 194
192 195
190 196
171 197
156 198
185 199
187 200
186 201
175 202
197 203
184 204
204 205
177 206
196 207
162 208
205 209
182 210
157 211
193 212
188 213
202 214
191 215
183 216
166 217
215 218
218 219
217 220
178 221
207 222
218 223
208 224
211 225
221 226
198 227
210 228
216 229
223 230
221 231
214 232
201 233
229 234
206 235
199 236
203 237
231 238
189 239
235 240
200 241
240 242
209 243
219 244
242 245
213 246
239 247
195 248
231 249
241 250
245 251
250 252
243 253
226 254
252 255
232 256
244 257
249 258
224 259
248 260
181 261
253 262
257 263
194 264
256 265
265 266
251 267
264 268
179 269
227 270
254 271
238 272
236 273
262 274
246 275
270 276
271 277
276 278
275 279
233 280
276 281
260 282
268 283
237 284
255 285
273 286
247 287
287 288
267 289
271 290
278 291
290 292
280 293
291 294
220 295
285 296
228 297
261 298
266 299
297 300
296 301
298 302
212 303
295 304
294 305
284 306
303 307
283 308
293 309
272 310
279 311
258 312
259 313
308 314
300 315
309 316
306 317
312 318
318 319
282 320
299 321
295 322
322 323
269 324
281 325
295 326
319 327
288 328
222 329
277 330
311 331
274 332
314 333
300 334
234 335
258 336
333 337
326 338
307 339
318 340
337 341
313 342
316 343
305 344
334 345
323 346
225 347
321 348
345 349
325 350
344 351
340 352
335 353
332 354
342 355
292 356
341 357
324 358
354 359
320 360
327 361
336 362
356 363
327 364
364 365
363 366
289 367
362 368
360 369
304 370
348 371
350 372
358 373
353 374
343 375
310 376
315 377
331 378
374 379
361 380
352 381
370 382
381 383
230 384
367 385
375 386
366 387
353 388
387 389
379 390
338 391
359 392
385 393
362 394
393 395
379 396
369 397
351 398
382 399
263 400
349 401
383 402
347 403
384 404
401 405
397 406
365 407
394 408
286 409
406 410
333 411
330 412
412 413
396 414
378 415
413 416
407 417
355 418
404 419
329 420
373 421
301 422
403 423
421 424
376 425
346 426
317 427
423 428
426 429
360 430
414 431
380 432
420 433
409 434
422 435
390 436
432 437
386 438
398 439
434 440
415 441
339 442
402 443
372 444
387 445
440 446
444 447
412 448
405 449
400 450
428 451
408 452
447 453
416 454
453 455
433 456
449 457
436 458
435 459
427 460
389 461
454 462
459 463
455 464
458 465
450 466
439 467
430 468
451 469
425 470
417 471
419 472
460 473
467 474
466 475
371 476
418 477
441 478
424 479
443 480
429 481
457 482
462 483
392 484
479 485
438 486
480 487
470 488
474 489
445 490
357 491
484 492
481 493
410 494
481 495
456 496
446 497
486 498
441 499
487 500
464 501
488 502
452 503
495 504
399 505
485 506
486 507
437 508
431 509
385 510
509 511
502 512
511 513
497 514
468 515
476 516
507 517
517 518
482 519
513 520
514 521
501 522
519 523
506 524
524 525
475 526
521 527
483 528
508 529
472 530
529 531
489 532
388 533
512 534
496 535
494 536
478 537
448 538
518 539
531 540
523 541
491 542
533 543
526 544
530 545
465 546
411 547
504 548
532 549
515 550
545 551
492 552
522 553
536 554
469 555
550 556
540 557
556 558
368 559
535 560
463 561
493 562
541 563
558 564
500 565
553 566
520 567
543 568
567 569
471 570
510 571
552 572
539 573
569 574
565 575
537 576
568 577
559 578
491 579
527 580
561 581
542 582
551 583
555 584
564 585
574 586
461 587
533 588
391 589
572 590
559 591
582 592
505 593
528 594
581 595
595 596
586 597
503 598
576 599
592 600
302 601
580 602
530 603
591 604
498 605
571 606
377 607
557 608
548 609
477 610
606 611
611 612
497 613
598 614
613 615
525 616
596 617
590 618
610 619
601 620
602 621
617 622
603 623
597 624
622 625
544 626
621 627
618 628
490 629
614 630
575 631
626 632
538 633
585 634
623 635
570 636
473 637
635 638
547 639
632 640
607 641
640 642
558 643
562 644
619 645
643 646
638 647
628 648
584 649
587 650
633 651
648 652
615 653
578 654
624 655
652 656
593 657
588 658
637 659
583 660
560 661
604 662
636 663
631 664
620 665
589 666
533 667
667 668
625 669
638 670
629 671
663 672
563 673
664 674
534 675
659 676
641 677
328 678
655 679
566 680
612 681
661 682
599 683
546 684
654 685
577 686
674 687
645 688
605 689
499 690
594 691
647 692
682 693
556 694
677 695
616 696
653 697
691 698
679 699
660 700
689 701
700 702
693 703
649 704
573 705
554 706
669 707
703 708
702 709
516 710
684 711
684 712
704 713
671 714
658 715
642 716
711 717
696 718
651 719
716 720
666 721
610 722
630 723
721 724
672 725
600 726
717 727
670 728
727 729
710 730
719 731
676 732
726 733
713 734
656 735
708 736
395 737
718 738
664 739
739 740
695 741
730 742
650 743
688 744
688 745
706 746
728 747
683 748
694 749
714 750
712 751
736 752
717 753
608 754
737 755
692 756
662 757
579 758
757 759
742 760
756 761
697 762
690 763
699 764
707 765
549 766
762 767
720 768
609 769
673 770
687 771
715 772
698 773
738 774
773 775
657 776
533 777
765 778
442 779
646 780
733 781
772 782
761 783
634 784
748 785
783 786
729 787
660 788
783 789
627 790
746 791
747 792
675 793
779 794
705 795
766 796
770 797
759 798
775 799
740 800
600 801
701 802
732 803
799 804
794 805
639 806
777 807
800 808
778 809
644 810
790 811
627 812
744 813
708 814
724 815
763 816
722 817
810 818
776 819
817 820
804 821
686 822
787 823
813 824
795 825
815 826
789 827
755 828
771 829
662 830
822 831
785 832
796 833
828 834
788 835
680 836
798 837
835 838
801 839
709 840
753 841
806 842
668 843
842 844
822 845
772 846
791 847
820 848
848 849
780 850
825 851
843 852
725 853
849 854
839 855
830 856
819 857
831 858
834 859
832 860
855 861
764 862
836 863
786 864
862 865
665 866
824 867
865 868
833 869
856 870
868 871
797 872
823 873
685 874
826 875
874 876
837 877
782 878
838 879
754 880
876 881
880 882
845 883
812 884
844 885
853 886
803 887
802 888
840 889
869 890
792 891
878 892
791 893
889 894
849 895
858 896
890 897
731 898
734 899
896 900
821 901
847 902
866 903
811 904
887 905
877 906
891 907
716 908
805 909
864 910
902 911
877 912
853 913
849 914
872 915
768 916
854 917
884 918
860 919
912 920
901 921
908 922
915 923
852 924
922 925
903 926
917 927
900 928
750 929
723 930
895 931
905 932
926 933
760 934
873 935
870 936
734 937
930 938
927 939
829 940
894 941
932 942
893 943
921 944
941 945
888 946
901 947
774 948
827 949
769 950
784 951
933 952
879 953
892 954
871 955
937 956
867 957
928 958
752 959
886 960
954 961
956 962
875 963
745 964
963 965
961 966
951 967
909 968
968 969
842 970
935 971
919 972
681 973
913 974
910 975
906 976
741 977
859 978
929 979
970 980
956 981
939 982
964 983
861 984
749 985
678 986
976 987
942 988
975 989
974 990
911 991
944 992
973 993
993 994
990 995
953 996
863 997
934 998
958 999
899 1000
985 1001
955 1002
950 1003
986 1004
735 1005
938 1006
857 1007
920 1008
841 1009
971 1010
946 1011
964 1012
978 1013
959 1014
952 1015
967 1016
982 1017
984 1018
767 1019
992 1020
798 1021
1020 1022
959 1023
936 1024
904 1025
923 1026
988 1027
758 1028
997 1029
898 1030
918 1031
981 1032
943 1033
997 1034
983 1035
1013 1036
1023 1037
1032 1038
841 1039
949 1040
987 1041
1040 1042
1014 1043
816 1044
1029 1045
1018 1046
996 1047
846 1048
809 1049
1041 1050
969 1051
1016 1052
1052 1053
904 1054
1053 1055
940 1056
1000 1057
1022 1058
781 1059
897 1060
1033 1061
1037 1062
1026 1063
948 1064
1045 1065
995 1066
999 1067
751 1068
927 1069
1039 1070
947 1071
1062 1072
850 1073
1071 1074
959 1075
1068 1076
1028 1077
800 1078
814 1079
1035 1080
1033 1081
851 1082
1076 1083
1069 1084
956 1085
1073 1086
945 1087
1063 1088
808 1089
1044 1090
1047 1091
1006 1092
1024 1093
1067 1094
991 1095
818 1096
1057 1097
1003 1098
957 1099
1096 1100
977 1101
1023 1102
1043 1103
1074 1104
1051 1105
1100 1106
972 1107
1106 1108
1104 1109
743 1110
1108 1111
1072 1112
1110 1113
1080 1114
807 1115
1049 1116
1007 1117
1019 1118
921 1119
1107 1120
1039 1121
1102 1122
1079 1123
1121 1124
1066 1125
1012 1126
1035 1127
1089 1128
925 1129
1075 1130
998 1131
1115 1132
1027 1133
1075 1134
986 1135
1002 1136
951 1137
1050 1138
1118 1139
914 1140
1128 1141
1008 1142
907 1143
1119 1144
1139 1145
1122 1146
1084 1147
1112 1148
1042 1149
1101 1150
1109 1151
1034 1152
1138 1153
1092 1154
1058 1155
1021 1156
1090 1157
1036 1158
1086 1159
1148 1160
1140 1161
1011 1162
1135 1163
1046 1164
1141 1165
960 1166
1093 1167
1131 1168
1079 1169
1105 1170
1165 1171
989 1172
1151 1173
1171 1174
1172 1175
1154 1176
1136 1177
1160 1178
1146 1179
1054 1180
1126 1181
1025 1182
1178 1183
1173 1184
1097 1185
1182 1186
916 1187
837 1188
1179 1189
1130 1190
1167 1191
1155 1192
1169 1193
1160 1194
885 1195
1123 1196
1082 1197
1111 1198
1159 1199
965 1200
1094 1201
1125 1202
1015 1203
1161 1204
1183 1205
1113 1206
1186 1207
1198 1208
1179 1209
1174 1210
1149 1211
1185 1212
1009 1213
1153 1214
1120 1215
1132 1216
980 1217
1010 1218
1070 1219
1142 1220
1166 1221
1180 1222
1201 1223
1129 1224
1202 1225
1177 1226
1190 1227
1221 1228
1199 1229
1078 1230
1143 1231
1017 1232
1133 1233
1219 1234
1204 1235
1064 1236
1224 1237
1166 1238
1145 1239
1114 1240
1001 1241
1226 1242
1241 1243
1077 1244
1196 1245
1200 1246
1098 1247
1091 1248
966 1249
1164 1250
1163 1251
881 1252
1222 1253
1217 1254
1242 1255
1236 1256
1184 1257
1212 1258
1120 1259
1247 1260
1164 1261
1232 1262
1005 1263
1192 1264
1260 1265
1192 1266
1214 1267
1229 1268
1227 1269
1211 1270
1127 1271
1176 1272
1087 1273
1161 1274
1070 1275
1197 1276
1271 1277
1250 1278
1210 1279
1099 1280
1030 1281
1205 1282
1207 1283
1262 1284
1245 1285
1240 1286
1216 1287
763 1288
1247 1289
1252 1290
1283 1291
1254 1292
1284 1293
1259 1294
1176 1295
1189 1296
1147 1297
1280 1298
1293 1299
1103 1300
1085 1301
1274 1302
1249 1303
1220 1304
1270 1305
1059 1306
1238 1307
1269 1308
1306 1309
1251 1310
1291 1311
1278 1312
1302 1313
1287 1314
1137 1315
1060 1316
1281 1317
1210 1318
979 1319
1279 1320
1117 1321
1264 1322
1208 1323
1155 1324
1258 1325
1116 1326
1288 1327
1320 1328
1322 1329
1194 1330
1307 1331
1081 1332
1327 1333
1313 1334
1061 1335
1324 1336
1268 1337
1335 1338
1329 1339
1273 1340
1298 1341
1323 1342
1297 1343
1290 1344
1191 1345
1303 1346
1245 1347
1310 1348
1263 1349
1277 1350
1233 1351
1124 1352
1225 1353
1181 1354
1144 1355
1156 1356
1215 1357
1339 1358
1312 1359
1065 1360
1209 1361
1296 1362
1343 1363
1340 1364
1296 1365
1316 1366
1309 1367
1346 1368
1243 1369
1213 1370
1203 1371
1315 1372
1353 1373
1133 1374
1230 1375
1257 1376
1240 1377
1305 1378
1301 1379
1038 1380
1366 1381
1358 1382
1311 1383
1338 1384
1158 1385
1350 1386
1230 1387
1352 1388
1344 1389
1256 1390
1372 1391
1346 1392
1292 1393
1193 1394
994 1395
1345 1396
1325 1397
1392 1398
1004 1399
1347 1400
1170 1401
883 1402
1380 1403
1367 1404
1235 1405
1129 1406
1261 1407
924 1408
1397 1409
1228 1410
1253 1411
1331 1412
1354 1413
1314 1414
1195 1415
1355 1416
1382 1417
1404 1418
1383 1419
1411 1420
1152 1421
1362 1422
1389 1423
1272 1424
1246 1425
1388 1426
1372 1427
962 1428
1304 1429
1231 1430
1248 1431
1391 1432
1348 1433
1377 1434
1332 1435
1321 1436
1363 1437
882 1438
1265 1439
1363 1440
1244 1441
1412 1442
1349 1443
1376 1444
1365 1445
1373 1446
1439 1447
1361 1448
1278 1449
1408 1450
1436 1451
1431 1452
1371 1453
1447 1454
1381 1455
1427 1456
1056 1457
1406 1458
931 1459
1385 1460
1295 1461
1451 1462
1275 1463
1055 1464
1317 1465
1413 1466
1444 1467
1432 1468
1400 1469
1438 1470
1401 1471
1405 1472
1190 1473
1414 1474
1434 1475
1424 1476
1464 1477
1237 1478
1223 1479
1289 1480
1476 1481
1337 1482
1469 1483
1480 1484
1482 1485
1409 1486
1234 1487
1472 1488
1314 1489
1379 1490
1474 1491
1430 1492
1399 1493
1456 1494
1455 1495
1468 1496
1369 1497
1475 1498
1486 1499
1461 1500
1330 1501
1498 1502
1318 1503
1370 1504
1334 1505
1460 1506
1488 1507
1336 1508
1507 1509
1150 1510
1425 1511
1206 1512
1261 1513
1079 1514
1457 1515
1157 1516
1508 1517
1502 1518
1239 1519
1328 1520
1374 1521
1481 1522
1462 1523
1168 1524
1255 1525
1512 1526
1433 1527
1389 1528
1285 1529
1453 1530
1390 1531
1402 1532
1188 1533
1526 1534
1445 1535
1372 1536
1484 1537
1494 1538
1519 1539
1513 1540
1471 1541
1407 1542
1398 1543
1448 1544
1395 1545
1515 1546
1524 1547
1294 1548
1386 1549
1544 1550
1419 1551
1449 1552
1546 1553
1525 1554
1465 1555
1492 1556
1555 1557
1473 1558
1357 1559
1479 1560
1230 1561
1328 1562
1410 1563
1394 1564
1446 1565
1549 1566
1466 1567
1499 1568
1463 1569
1562 1570
1440 1571
1511 1572
1514 1573
1531 1574
1470 1575
1348 1576
1537 1577
1417 1578
1557 1579
1556 1580
1521 1581
1375 1582
1134 1583
1078 1584
1416 1585
1569 1586
1312 1587
1218 1588
1282 1589
1396 1590
1535 1591
1561 1592
1522 1593
1564 1594
1533 1595
1501 1596
1496 1597
1048 1598
1532 1599
1541 1600
1443 1601
1595 1602
1545 1603
1490 1604
1588 1605
1593 1606
1540 1607
1598 1608
1493 1609
1567 1610
1458 1611
1422 1612
1505 1613
1442 1614
1407 1615
1601 1616
1576 1617
1517 1618
1342 1619
1611 1620
1528 1621
1613 1622
1467 1623
1615 1624
1568 1625
901 1626
1300 1627
1372 1628
1509 1629
1421 1630
1573 1631
1550 1632
1402 1633
1308 1634
1614 1635
1423 1636
1415 1637
1624 1638
1637 1639
1606 1640
1452 1641
1492 1642
1518 1643
1633 1644
1581 1645
1623 1646
1497 1647
1485 1648
1604 1649
1618 1650
1592 1651
1547 1652
1520 1653
1603 1654
1579 1655
1457 1656
1648 1657
1551 1658
1414 1659
1656 1660
1503 1661
1571 1662
1267 1663
1578 1664
1644 1665
1657 1666
1500 1667
1646 1668
1586 1669
1552 1670
1663 1671
1599 1672
1639 1673
1543 1674
1351 1675
1336 1676
1654 1677
1418 1678
1640 1679
1563 1680
1638 1681
1529 1682
1483 1683
1359 1684
1612 1685
1661 1686
1506 1687
1683 1688
1583 1689
1649 1690
1356 1691
1590 1692
1393 1693
1651 1694
1587 1695
1686 1696
1655 1697
1333 1698
1659 1699
1510 1700
1676 1701
1620 1702
1459 1703
1582 1704
1605 1705
1674 1706
1652 1707
1589 1708
1600 1709
1660 1710
1707 1711
1554 1712
1710 1713
1684 1714
1616 1715
1162 1716
1700 1717
1523 1718
1645 1719
1717 1720
1632 1721
1351 1722
1527 1723
1542 1724
1553 1725
1596 1726
1594 1727
1621 1728
1634 1729
1716 1730
1570 1731
1368 1732
1712 1733
1429 1734
1640 1735
1403 1736
1682 1737
1706 1738
1031 1739
1441 1740
1664 1741
1705 1742
1577 1743
1680 1744
1681 1745
1699 1746
1622 1747
1565 1748
1618 1749
1742 1750
1530 1751
1727 1752
1740 1753
1558 1754
1747 1755
1266 1756
1685 1757
1360 1758
1730 1759
1669 1760
1597 1761
1702 1762
1559 1763
1698 1764
1534 1765
1688 1766
1624 1767
1635 1768
1574 1769
1714 1770
1584 1771
1719 1772
1718 1773
1520 1774
1768 1775
1636 1776
1697 1777
1607 1778
1778 1779
1755 1780
1695 1781
1641 1782
1620 1783
1629 1784
1617 1785
1769 1786
1679 1787
1645 1788
1772 1789
1785 1790
1771 1791
1764 1792
1694 1793
1585 1794
1092 1795
1504 1796
1536 1797
1760 1798
1725 1799
1645 1800
1668 1801
1711 1802
1693 1803
1428 1804
1753 1805
1698 1806
1575 1807
1677 1808
1758 1809
1662 1810
1428 1811
1420 1812
1751 1813
1619 1814
1696 1815
1650 1816
1095 1817
1811 1818
1704 1819
1818 1820
1752 1821
1813 1822
1671 1823
1580 1824
1692 1825
1665 1826
1737 1827
1783 1828
1670 1829
1732 1830
1319 1831
1777 1832
1708 1833
1495 1834
1825 1835
1437 1836
1572 1837
1759 1838
1672 1839
1628 1840
1786 1841
1627 1842
1550 1843
1770 1844
1798 1845
1790 1846
1766 1847
1478 1848
1736 1849
1840 1850
1724 1851
1726 1852
1787 1853
1835 1854
1792 1855
1538 1856
1609 1857
1667 1858
1738 1859
1689 1860
1793 1861
1821 1862
1435 1863
1487 1864
1791 1865
1860 1866
1636 1867
1653 1868
1865 1869
1794 1870
1869 1871
1789 1872
1729 1873
1745 1874
1820 1875
1806 1876
1713 1877
1856 1878
1804 1879
1792 1880
1749 1881
1450 1882
1761 1883
1733 1884
1788 1885
1426 1886
1816 1887
1823 1888
1660 1889
1880 1890
1795 1891
1626 1892
1851 1893
1867 1894
1842 1895
1364 1896
1734 1897
1844 1898
1675 1899
1658 1900
1477 1901
1883 1902
1517 1903
1715 1904
1896 1905
1765 1906
1826 1907
1868 1908
1692 1909
1809 1910
1731 1911
1885 1912
1872 1913
1773 1914
1901 1915
1852 1916
1905 1917
1286 1918
1309 1919
1857 1920
1915 1921
1797 1922
1916 1923
1834 1924
1923 1925
1722 1926
1891 1927
1387 1928
1924 1929
1691 1930
1796 1931
1882 1932
1923 1933
1879 1934
1739 1935
1925 1936
1276 1937
1754 1938
1642 1939
1516 1940
1881 1941
1666 1942
1900 1943
1890 1944
1849 1945
1673 1946
1836 1947
1936 1948
1932 1949
1870 1950
1892 1951
1912 1952
1888 1953
1830 1954
1903 1955
1827 1956
1875 1957
1906 1958
1876 1959
1787 1960
1756 1961
1703 1962
1911 1963
1591 1964
1860 1965
1954 1966
1963 1967
1828 1968
1631 1969
1861 1970
1941 1971
1841 1972
1757 1973
1643 1974
1775 1975
1929 1976
1971 1977
1950 1978
1733 1979
1975 1980
1784 1981
1690 1982
1907 1983
1920 1984
1980 1985
1566 1986
1958 1987
1961 1988
1894 1989
1918 1990
1828 1991
1874 1992
1943 1993
1895 1994
1735 1995
1625 1996
1889 1997
1966 1998
1897 1999
1887 2000
1935 2001
1678 2002
1956 2003
1951 2004
1877 2005
1829 2006
1999 2007
1990 2008
1822 2009
1987 2010
1984 2011
1986 2012
1982 2013
1701 2014
1780 2015
1845 2016
1647 2017
1969 2018
1753 2019
1957 2020
1847 2021
1904 2022
1991 2023
2005 2024
1989 2025
1960 2026
1762 2027
1933 2028
1948 2029
2006 2030
1802 2031
1926 2032
1962 2033
1930 2034
1803 2035
2034 2036
1687 2037
1781 2038
1832 2039
2018 2040
1959 2041
1965 2042
1944 2043
1884 2044
2042 2045
1909 2046
1699 2047
2021 2048
1837 2049
2031 2050
1743 2051
1998 2052
1838 2053
1782 2054
1952 2055
2003 2056
1864 2057
2028 2058
1848 2059
1993 2060
1934 2061
1083 2062
1831 2063
1815 2064
1878 2065
2036 2066
1807 2067
1985 2068
2055 2069
1491 2070
2011 2071
1709 2072
1489 2073
2043 2074
2029 2075
1898 2076
2075 2077
2023 2078
1824 2079
2008 2080
2067 2081
2073 2082
2013 2083
2081 2084
1921 2085
2017 2086
2046 2087
2076 2088
1913 2089
1994 2090
2045 2091
1843 2092
2037 2093
1744 2094
1854 2095
1800 2096
2022 2097
1839 2098
1945 2099
1939 2100
2060 2101
1721 2102
1937 2103
2079 2104
1539 2105
2026 2106
1781 2107
1875 2108
1866 2109
1630 2110
1812 2111
2099 2112
2103 2113
2012 2114
2102 2115
2114 2116
1341 2117
1997 2118
1378 2119
2091 2120
1175 2121
2112 2122
1800 2123
2120 2124
1779 2125
1454 2126
2086 2127
1187 2128
1723 2129
2096 2130
2064 2131
2044 2132
2129 2133
1858 2134
1608 2135
1940 2136
1728 2137
2087 2138
2100 2139
2050 2140
1761 2141
2093 2142
2130 2143
1931 2144
1610 2145
2138 2146
2016 2147
2054 2148
1871 2149
2041 2150
2020 2151
1977 2152
2132 2153
2000 2154
2019 2155
2103 2156
2090 2157
1748 2158
2028 2159
2146 2160
1953 2161
2149 2162
2107 2163
2040 2164
2039 2165
2159 2166
2062 2167
2166 2168
2051 2169
2033 2170
2139 2171
2156 2172
1914 2173
1928 2174
2060 2175
1817 2176
2118 2177
2010 2178
2133 2179
2145 2180
2038 2181
2058 2182
1595 2183
2148 2184
2155 2185
2172 2186
1992 2187
2166 2188
1983 2189
2183 2190
1998 2191
1947 2192
2104 2193
2193 2194
1923 2195
2116 2196
2028 2197
2147 2198
2177 2199
2198 2200
2187 2201
1801 2202
2083 2203
1922 2204
2106 2205
2066 2206
2135 2207
2157 2208
2128 2209
2201 2210
2117 2211
2027 2212
2068 2213
2209 2214
793 2215
2169 2216
2065 2217
1949 2218
2151 2219
2092 2220
2178 2221
2061 2222
2211 2223
2173 2224
2123 2225
1927 2226
2216 2227
2024 2228
1818 2229
2052 2230
2049 2231
1819 2232
2015 2233
2233 2234
2226 2235
2196 2236
2212 2237
2170 2238
1973 2239
2161 2240
2189 2241
2063 2242
2160 2243
2197 2244
2239 2245
2243 2246
1972 2247
1862 2248
2094 2249
1859 2250
2113 2251
2209 2252
2078 2253
2085 2254
2125 2255
2245 2256
1741 2257
2069 2258
1955 2259
2231 2260
2196 2261
2150 2262
2152 2263
1902 2264
2194 2265
2162 2266
2072 2267
2230 2268
2256 2269
1908 2270
2235 2271
2250 2272
2122 2273
2206 2274
2274 2275
2168 2276
2258 2277
2114 2278
2143 2279
2185 2280
2255 2281
2276 2282
2164 2283
2056 2284
2024 2285
2208 2286
1917 2287
2260 2288
2025 2289
2241 2290
1384 2291
2266 2292
2236 2293
2261 2294
2269 2295
2171 2296
1988 2297
1810 2298
2192 2299
2228 2300
1873 2301
2202 2302
2108 2303
2273 2304
2163 2305
2248 2306
2181 2307
2263 2308
1938 2309
1946 2310
2032 2311
2053 2312
2167 2313
2313 2314
2288 2315
1995 2316
1750 2317
2105 2318
2275 2319
2082 2320
1763 2321
2179 2322
2027 2323
2203 2324
2292 2325
2284 2326
2225 2327
2218 2328
2186 2329
2260 2330
2309 2331
2254 2332
2317 2333
2155 2334
2253 2335
2232 2336
2223 2337
1299 2338
2303 2339
2097 2340
2280 2341
1981 2342
2337 2343
2301 2344
1853 2345
2299 2346
2109 2347
2278 2348
2154 2349
2259 2350
2222 2351
2133 2352
1979 2353
2070 2354
2215 2355
2349 2356
2321 2357
2291 2358
2264 2359
2308 2360
2341 2361
1931 2362
2267 2363
2353 2364
1808 2365
2320 2366
2142 2367
2319 2368
2240 2369
2265 2370
2324 2371
2210 2372
2200 2373
1974 2374
2355 2375
2285 2376
1799 2377
1919 2378
1893 2379
2272 2380
2165 2381
2350 2382
2317 2383
2305 2384
2344 2385
2370 2386
2212 2387
2262 2388
2217 2389
2375 2390
2386 2391
2048 2392
2057 2393
2077 2394
2332 2395
2325 2396
2221 2397
2014 2398
2342 2399
2279 2400
2360 2401
2322 2402
2347 2403
2176 2404
1560 2405
2274 2406
2388 2407
2205 2408
2110 2409
2131 2410
2329 2411
2400 2412
2338 2413
1996 2414
2263 2415
2195 2416
2257 2417
2281 2418
2369 2419
1776 2420
2159 2421
2342 2422
1965 2423
2184 2424
2390 2425
2298 2426
2074 2427
2423 2428
2380 2429
1805 2430
2002 2431
2420 2432
2346 2433
2410 2434
2314 2435
2430 2436
2182 2437
2080 2438
2246 2439
2204 2440
2294 2441
2356 2442
2408 2443
2367 2444
2436 2445
2271 2446
2270 2447
2431 2448
2297 2449
2340 2450
2134 2451
2121 2452
2333 2453
2174 2454
1968 2455
2445 2456
2188 2457
2144 2458
2213 2459
2434 2460
2374 2461
1964 2462
1863 2463
2323 2464
2290 2465
2348 2466
2088 2467
2427 2468
2391 2469
2419 2470
2214 2471
2394 2472
2089 2473
2463 2474
2220 2475
2289 2476
2461 2477
2396 2478
2001 2479
2475 2480
1899 2481
2444 2482
2311 2483
1846 2484
2358 2485
2442 2486
2287 2487
2441 2488
2339 2489
2227 2490
2137 2491
2392 2492
2251 2493
2384 2494
2158 2495
2101 2496
2252 2497
2395 2498
1746 2499
2376 2500
1970 2501
2428 2502
2502 2503
2462 2504
2304 2505
2283 2506
2066 2507
2406 2508
2389 2509
2219 2510
2368 2511
2439 2512
2476 2513
2465 2514
2422 2515
2424 2516
2486 2517
2418 2518
2438 2519
2385 2520
2397 2521
2479 2522
2302 2523
2402 2524
2492 2525
2490 2526
2383 2527
1910 2528
2207 2529
1548 2530
2440 2531
2510 2532
2528 2533
2361 2534
2532 2535
2484 2536
2431 2537
2258 2538
2286 2539
2153 2540
2335 2541
2399 2542
2503 2543
2433 2544
2393 2545
2268 2546
2460 2547
2522 2548
2513 2549
2260 2550
2417 2551
2496 2552
2306 2553
2247 2554
2326 2555
2224 2556
2536 2557
2470 2558
2252 2559
2403 2560
2357 2561
2495 2562
2556 2563
2415 2564
2343 2565
2491 2566
2520 2567
2059 2568
2030 2569
2545 2570
2568 2571
2507 2572
2379 2573
2007 2574
2300 2575
2364 2576
2575 2577
2366 2578
2535 2579
2505 2580
2363 2581
1326 2582
2004 2583
2578 2584
2282 2585
2471 2586
2455 2587
2547 2588
1767 2589
2566 2590
2226 2591
2009 2592
2558 2593
2242 2594
2124 2595
2098 2596
2372 2597
2574 2598
2293 2599
2330 2600
2141 2601
2539 2602
2499 2603
2506 2604
2454 2605
2586 2606
2482 2607
2519 2608
2521 2609
2443 2610
2411 2611
2199 2612
2448 2613
2352 2614
2515 2615
2571 2616
2126 2617
1602 2618
2541 2619
2581 2620
2505 2621
2449 2622
2589 2623
2426 2624
2354 2625
2119 2626
2316 2627
2318 2628
2578 2629
2453 2630
2612 2631
2551 2632
2400 2633
2617 2634
2508 2635
2609 2636
2552 2637
2597 2638
2573 2639
2474 2640
2618 2641
2569 2642
2638 2643
2630 2644
2331 2645
2517 2646
2594 2647
2447 2648
2559 2649
2530 2650
2315 2651
1967 2652
2446 2653
2533 2654
2084 2655
2625 2656
2512 2657
2655 2658
2310 2659
2486 2660
2656 2661
2452 2662
2413 2663
2237 2664
2497 2665
2614 2666
2605 2667
2553 2668
2494 2669
2621 2670
2549 2671
2548 2672
2669 2673
2576 2674
2425 2675
2587 2676
2511 2677
2571 2678
2035 2679
2467 2680
2516 2681
1833 2682
2642 2683
2244 2684
2683 2685
2328 2686
2580 2687
2500 2688
2518 2689
2668 2690
2665 2691
2607 2692
2673 2693
2685 2694
2584 2695
2651 2696
2373 2697
2432 2698
2675 2699
2650 2700
2585 2701
2613 2702
2229 2703
2485 2704
2671 2705
2633 2706
2660 2707
1814 2708
2488 2709
2487 2710
2416 2711
2639 2712
2590 2713
2546 2714
2700 2715
2640 2716
2327 2717
2498 2718
2378 2719
2641 2720
2701 2721
2296 2722
2682 2723
2610 2724
2561 2725
2598 2726
2680 2727
2336 2728
2482 2729
2728 2730
2677 2731
2676 2732
2648 2733
2414 2734
2704 2735
2713 2736
2645 2737
2686 2738
1850 2739
2653 2740
2616 2741
2724 2742
2687 2743
2691 2744
2592 2745
2730 2746
2714 2747
1640 2748
2679 2749
2362 2750
2382 2751
2562 2752
2632 2753
2726 2754
2429 2755
2696 2756
2464 2757
2654 2758
2697 2759
2740 2760
2537 2761
2761 2762
2746 2763
2692 2764
2371 2765
2707 2766
2489 2767
2678 2768
2468 2769
2603 2770
2705 2771
2101 2772
2749 2773
2377 2774
2738 2775
2565 2776
2604 2777
2405 2778
2741 2779
2622 2780
2703 2781
2620 2782
2725 2783
2775 2784
1978 2785
2743 2786
2745 2787
2690 2788
2734 2789
2786 2790
2628 2791
2637 2792
2666 2793
2790 2794
2473 2795
2768 2796
2534 2797
2544 2798
2760 2799
2764 2800
2706 2801
2782 2802
2788 2803
2351 2804
2421 2805
2803 2806
2381 2807
2804 2808
2557 2809
2480 2810
2807 2811
2190 2812
2437 2813
2659 2814
2529 2815
2781 2816
2777 2817
2735 2818
2809 2819
2785 2820
2509 2821
2719 2822
2723 2823
2797 2824
2763 2825
2799 2826
2623 2827
2663 2828
2819 2829
2826 2830
2493 2831
2821 2832
2364 2833
2404 2834
2469 2835
2820 2836
2409 2837
2780 2838
2814 2839
2728 2840
2111 2841
2805 2842
2588 2843
2779 2844
2398 2845
2295 2846
2711 2847
2762 2848
2800 2849
2400 2850
2709 2851
2824 2852
2765 2853
2839 2854
2754 2855
1720 2856
2523 2857
2758 2858
2611 2859
2757 2860
2784 2861
2834 2862
2731 2863
2832 2864
2815 2865
2848 2866
2626 2867
2835 2868
2811 2869
2612 2870
2127 2871
2816 2872
2837 2873
2334 2874
2873 2875
2387 2876
2579 2877
2593 2878
2847 2879
2720 2880
2828 2881
2853 2882
2570 2883
2708 2884
2844 2885
1088 2886
2880 2887
2886 2888
2733 2889
2567 2890
2721 2891
2878 2892
2661 2893
2612 2894
2501 2895
2504 2896
2889 2897
2478 2898
2818 2899
2466 2900
2249 2901
2859 2902
2540 2903
2750 2904
2753 2905
2791 2906
2792 2907
2667 2908
2596 2909
2619 2910
2760 2911
2850 2912
2739 2913
2840 2914
2180 2915
2759 2916
2829 2917
2277 2918
2634 2919
2672 2920
2767 2921
2627 2922
2868 2923
2862 2924
2823 2925
2789 2926
2451 2927
2047 2928
2345 2929
2668 2930
2869 2931
2524 2932
2812 2933
2644 2934
2766 2935
2365 2936
2667 2937
2893 2938
2689 2939
2900 2940
2544 2941
2941 2942
2458 2943
2801 2944
2698 2945
2817 2946
2688 2947
2887 2948
2543 2949
2577 2950
2234 2951
2307 2952
2606 2953
2525 2954
2647 2955
2717 2956
2947 2957
2908 2958
2748 2959
2814 2960
2602 2961
2866 2962
2481 2963
2887 2964
2879 2965
2712 2966
2772 2967
2396 2968
2625 2969
2875 2970
2323 2971
2730 2972
2831 2973
2631 2974
2881 2975
2939 2976
1976 2977
2925 2978
2457 2979
2923 2980
2948 2981
2917 2982
2906 2983
2773 2984
2802 2985
2677 2986
2702 2987
2927 2988
2977 2989
2974 2990
2909 2991
2861 2992
2990 2993
2542 2994
2778 2995
2911 2996
2863 2997
2986 2998
2716 2999
2942 3000
2877 3001
2526 3002
2732 3003
2904 3004
2957 3005
2359 3006
2865 3007
2891 3008
2913 3009
2841 3010
2956 3011
2955 3012
3007 3013
2756 3014
2935 3015
3005 3016
3010 3017
2964 3018
2992 3019
2924 3020
2905 3021
3021 3022
2550 3023
2903 3024
2940 3025
3000 3026
2969 3027
2779 3028
2978 3029
2684 3030
2710 3031
2937 3032
3023 3033
2793 3034
2657 3035
2450 3036
2865 3037
2351 3038
2991 3039
2599 3040
2864 3041
2095 3042
2860 3043
2972 3044
2063 3045
2945 3046
3016 3047
2412 3048
2674 3049
2771 3050
2238 3051
2527 3052
2961 3053
2115 3054
2967 3055
2563 3056
2878 3057
2919 3058
2765 3059
2769 3060
1855 3061
2751 3062
2721 3063
2825 3064
2608 3065
2615 3066
2805 3067
3046 3068
3008 3069
2929 3070
2873 3071
2940 3072
1774 3073
2688 3074
2981 3075
3075 3076
2538 3077
3034 3078
2970 3079
3068 3080
2987 3081
2501 3082
2843 3083
2693 3084
3067 3085
2846 3086
2643 3087
2806 3088
2652 3089
2456 3090
3011 3091
3025 3092
2918 3093
2993 3094
3032 3095
3089 3096
2912 3097
2796 3098
2997 3099
2980 3100
2926 3101
2882 3102
2906 3103
2928 3104
2965 3105
3001 3106
2895 3107
2897 3108
2871 3109
2747 3110
3018 3111
3053 3112
3090 3113
3097 3114
3084 3115
2895 3116
2600 3117
2995 3118
2737 3119
2727 3120
2946 3121
2958 3122
2601 3123
2910 3124
2962 3125
3012 3126
3102 3127
2833 3128
3059 3129
2851 3130
2687 3131
2744 3132
2555 3133
3096 3134
2998 3135
2968 3136
3114 3137
2140 3138
3124 3139
2944 3140
3073 3141
3138 3142
2989 3143
2681 3144
2971 3145
3061 3146
2752 3147
3136 3148
3147 3149
2949 3150
3055 3151
3108 3152
2984 3153
2776 3154
3151 3155
2658 3156
2624 3157
2952 3158
3130 3159
2973 3160
2477 3161
3043 3162
2959 3163
3159 3164
3161 3165
2870 3166
2842 3167
3031 3168
3167 3169
3110 3170
2983 3171
3058 3172
3117 3173
3078 3174
2483 3175
3079 3176
2450 3177
3099 3178
2787 3179
2858 3180
2950 3181
2810 3182
3003 3183
3145 3184
3120 3185
3013 3186
2914 3187
2836 3188
3026 3189
2922 3190
3048 3191
3022 3192
3158 3193
2988 3194
3036 3195
2722 3196
3056 3197
3137 3198
2898 3199
3121 3200
2798 3201
2553 3202
2951 3203
3002 3204
3148 3205
2920 3206
3168 3207
3118 3208
3171 3209
3129 3210
2932 3211
2884 3212
2876 3213
2890 3214
2729 3215
3063 3216
3069 3217
3170 3218
2224 3219
3188 3220
3126 3221
3113 3222
3051 3223
3076 3224
3125 3225
3106 3226
2853 3227
2892 3228
3146 3229
3169 3230
2978 3231
3161 3232
2798 3233
3032 3234
2901 3235
3057 3236
3088 3237
3033 3238
3040 3239
3094 3240
3009 3241
2874 3242
2896 3243
3240 3244
3105 3245
3152 3246
2915 3247
3112 3248
2783 3249
3045 3250
3218 3251
3123 3252
3216 3253
2582 3254
3054 3255
3091 3256
3157 3257
3236 3258
2930 3259
3205 3260
3030 3261
2312 3262
3210 3263
2854 3264
3000 3265
3232 3266
3264 3267
3203 3268
3024 3269
3223 3270
2849 3271
3196 3272
2041 3273
3139 3274
3178 3275
3254 3276
3077 3277
3104 3278
3227 3279
3074 3280
3176 3281
3263 3282
3155 3283
3194 3284
3217 3285
3181 3286
3199 3287
3213 3288
3146 3289
3215 3290
2943 3291
3233 3292
3043 3293
3103 3294
2407 3295
3107 3296
2591 3297
3290 3298
3204 3299
2888 3300
3183 3301
2985 3302
3282 3303
2872 3304
3182 3305
2822 3306
3242 3307
3218 3308
2857 3309
3272 3310
2890 3311
3191 3312
3281 3313
2554 3314
3299 3315
2855 3316
3297 3317
3312 3318
3298 3319
3221 3320
3220 3321
2916 3322
3184 3323
3164 3324
3248 3325
3038 3326
2999 3327
3237 3328
2867 3329
3257 3330
3318 3331
2595 3332
2851 3333
3018 3334
3301 3335
3276 3336
3222 3337
2736 3338
3311 3339
3251 3340
3185 3341
3127 3342
2871 3343
2401 3344
3321 3345
3279 3346
3301 3347
3246 3348
3256 3349
3234 3350
3133 3351
3287 3352
3154 3353
3217 3354
3006 3355
3163 3356
3219 3357
3020 3358
2963 3359
3156 3360
3069 3361
3101 3362
2954 3363
3214 3364
3268 3365
3115 3366
3305 3367
3341 3368
3342 3369
3317 3370
2071 3371
3319 3372
3280 3373
3283 3374
2718 3375
3213 3376
2574 3377
3175 3378
3350 3379
3255 3380
3363 3381
3323 3382
2564 3383
3359 3384
2649 3385
3241 3386
3087 3387
3063 3388
3278 3389
2664 3390
3175 3391
3371 3392
2583 3393
3081 3394
3134 3395
2907 3396
2894 3397
3299 3398
3209 3399
3374 3400
2191 3401
3149 3402
2883 3403
2874 3404
2808 3405
3308 3406
3141 3407
2994 3408
3041 3409
3324 3410
3081 3411
3231 3412
3355 3413
3344 3414
2635 3415
3252 3416
3316 3417
3037 3418
3293 3419
3330 3420
3140 3421
3413 3422
3138 3423
3300 3424
3162 3425
3351 3426
3274 3427
3304 3428
3285 3429
3426 3430
3395 3431
3265 3432
3362 3433
3369 3434
3347 3435
3235 3436
3345 3437
3307 3438
3315 3439
3411 3440
3085 3441
3432 3442
3366 3443
3151 3444
3415 3445
3316 3446
3375 3447
1886 3448
3445 3449
3098 3450
3224 3451
3297 3452
3428 3453
3346 3454
2715 3455
3189 3456
3284 3457
3410 3458
3446 3459
3452 3460
3332 3461
2826 3462
3029 3463
3017 3464
3122 3465
3409 3466
3384 3467
3065 3468
3439 3469
2459 3470
3243 3471
3356 3472
3259 3473
1942 3474
3325 3475
3313 3476
3388 3477
3066 3478
3062 3479
3423 3480
3011 3481
3429 3482
3270 3483
3381 3484
3335 3485
3433 3486
3174 3487
3262 3488
3172 3489
3338 3490
3444 3491
3467 3492
2531 3493
3309 3494
3225 3495
3485 3496
3131 3497
2960 3498
3478 3499
3173 3500
3419 3501
3413 3502
3502 3503
3421 3504
3489 3505
3376 3506
2500 3507
3360 3508
3500 3509
3437 3510
3249 3511
3238 3512
3295 3513
3322 3514
3083 3515
3490 3516
3494 3517
3266 3518
3499 3519
3192 3520
3093 3521
3127 3522
2982 3523
3200 3524
2136 3525
3378 3526
3390 3527
2976 3528
3508 3529
3393 3530
3513 3531
2902 3532
3466 3533
3504 3534
3463 3535
3470 3536
3197 3537
3028 3538
3491 3539
3398 3540
3448 3541
3361 3542
3511 3543
3460 3544
3382 3545
2933 3546
3333 3547
2813 3548
3407 3549
3547 3550
2699 3551
3528 3552
2646 3553
3483 3554
3372 3555
3544 3556
3095 3557
3328 3558
3119 3559
3522 3560
3531 3561
3525 3562
3466 3563
3368 3564
3377 3565
3142 3566
3521 3567
2829 3568
2774 3569
3542 3570
3187 3571
3201 3572
3479 3573
3385 3574
3517 3575
3465 3576
3425 3577
3153 3578
3461 3579
3143 3580
3174 3581
3550 3582
3331 3583
2629 3584
3229 3585
2885 3586
3383 3587
2961 3588
3512 3589
3353 3590
3558 3591
3487 3592
3591 3593
3405 3594
2742 3595
3435 3596
3425 3597
3592 3598
3537 3599
3260 3600
2838 3601
3471 3602
3422 3603
3569 3604
3560 3605
3583 3606
3506 3607
3206 3608
3535 3609
3320 3610
3555 3611
3431 3612
3610 3613
3275 3614
3337 3615
3582 3616
3501 3617
2928 3618
3193 3619
3618 3620
3523 3621
2975 3622
3530 3623
3340 3624
3573 3625
3273 3626
3546 3627
3598 3628
3601 3629
3092 3630
3401 3631
3524 3632
3611 3633
3623 3634
3226 3635
3475 3636
3400 3637
3291 3638
3306 3639
3153 3640
2856 3641
3436 3642
3177 3643
3397 3644
3605 3645
3492 3646
3551 3647
3557 3648
3559 3649
3453 3650
3640 3651
3443 3652
3606 3653
3477 3654
3615 3655
3538 3656
3516 3657
3476 3658
3070 3659
3049 3660
3620 3661
3628 3662
3507 3663
3622 3664
3561 3665
3235 3666
3252 3667
3580 3668
3048 3669
3510 3670
3412 3671
3015 3672
3440 3673
3638 3674
3549 3675
3619 3676
3658 3677
3302 3678
3577 3679
3253 3680
3651 3681
3449 3682
3495 3683
3343 3684
3652 3685
3450 3686
3039 3687
3568 3688
3566 3689
3269 3690
3540 3691
3565 3692
3327 3693
3614 3694
3654 3695
3627 3696
3534 3697
3294 3698
3575 3699
3685 3700
3669 3701
3609 3702
2514 3703
3690 3704
3109 3705
3392 3706
3394 3707
2560 3708
3496 3709
3008 3710
3500 3711
3624 3712
3671 3713
3247 3714
3357 3715
3468 3716
3071 3717
3386 3718
3595 3719
3082 3720
3420 3721
3533 3722
3399 3723
3604 3724
3673 3725
2694 3726
3416 3727
3212 3728
3424 3729
3717 3730
3451 3731
3709 3732
3132 3733
2662 3734
3570 3735
3665 3736
3047 3737
3716 3738
3589 3739
3495 3740
3379 3741
3574 3742
3688 3743
3603 3744
3376 3745
3438 3746
3684 3747
3713 3748
3632 3749
3455 3750
3663 3751
3543 3752
3207 3753
3389 3754
3699 3755
3678 3756
3742 3757
3194 3758
3324 3759
3289 3760
3726 3761
3414 3762
3314 3763
3744 3764
3722 3765
3727 3766
3749 3767
3644 3768
3064 3769
3496 3770
3753 3771
3748 3772
2719 3773
3631 3774
3288 3775
3596 3776
3509 3777
3553 3778
3391 3779
3664 3780
2707 3781
3258 3782
3737 3783
3621 3784
3710 3785
3514 3786
3647 3787
3696 3788
3100 3789
3725 3790
3150 3791
3160 3792
3441 3793
3303 3794
3367 3795
3004 3796
3562 3797
3564 3798
3488 3799
2808 3800
3180 3801
3701 3802
3796 3803
3442 3804
3681 3805
3116 3806
3252 3807
3418 3808
3731 3809
3808 3810
3526 3811
3754 3812
3759 3813
3606 3814
2827 3815
3797 3816
3694 3817
3779 3818
3728 3819
3793 3820
3527 3821
3708 3822
3683 3823
3810 3824
3616 3825
3521 3826
3700 3827
3579 3828
3348 3829
3736 3830
3634 3831
3641 3832
3750 3833
3474 3834
3633 3835
3659 3836
3244 3837
3642 3838
3195 3839
3831 3840
3675 3841
3403 3842
2795 3843
3612 3844
3760 3845
3529 3846
3649 3847
3443 3848
3472 3849
3846 3850
3719 3851
3396 3852
3426 3853
3593 3854
3844 3855
3503 3856
3786 3857
3807 3858
3756 3859
3836 3860
3844 3861
3769 3862
3711 3863
3730 3864
3497 3865
3674 3866
3625 3867
3202 3868
3245 3869
3250 3870
3271 3871
3606 3872
3179 3873
3743 3874
3817 3875
3646 3876
3803 3877
3483 3878
3458 3879
3857 3880
3402 3881
2921 3882
2852 3883
3875 3884
3459 3885
3747 3886
3027 3887
3886 3888
3657 3889
3854 3890
3738 3891
3261 3892
3645 3893
3050 3894
3798 3895
3820 3896
3883 3897
2794 3898
3839 3899
3267 3900
3741 3901
3899 3902
3677 3903
3768 3904
3790 3905
3521 3906
3329 3907
3734 3908
3833 3909
3903 3910
3650 3911
3613 3912
3480 3913
3430 3914
3740 3915
3821 3916
3819 3917
3806 3918
3086 3919
3364 3920
3703 3921
3729 3922
3862 3923
3917 3924
3697 3925
3599 3926
3816 3927
3871 3928
3873 3929
3829 3930
3896 3931
3815 3932
3567 3933
3847 3934
3931 3935
3877 3936
3801 3937
3186 3938
3373 3939
3774 3940
3826 3941
3802 3942
3607 3943
3228 3944
2899 3945
3427 3946
3824 3947
3870 3948
3765 3949
3354 3950
3851 3951
3775 3952
3923 3953
3913 3954
3365 3955
3941 3956
3892 3957
3953 3958
3902 3959
3952 3960
3495 3961
3920 3962
2934 3963
3590 3964
3080 3965
3848 3966
3440 3967
3284 3968
2966 3969
3060 3970
3804 3971
3718 3972
3823 3973
3971 3974
3940 3975
3856 3976
3358 3977
3973 3978
3764 3979
3942 3980
3746 3981
3908 3982
3406 3983
3653 3984
3735 3985
3692 3986
3885 3987
3672 3988
3643 3989
3974 3990
3901 3991
3667 3992
3897 3993
2770 3994
3904 3995
2830 3996
3755 3997
3705 3998
3794 3999
2557 4000
3929 4001
3532 4002
3111 4003
3898 4004
3878 4005
3954 4006
3927 4007
3630 4008
3852 4009
3853 4010
3809 4011
3739 4012
3965 4013
3934 4014
3858 4015
3830 4016
3930 4017
3841 4018
3957 4019
3922 4020
4011 4021
3855 4022
3945 4023
3813 4024
3962 4025
3457 4026
3720 4027
3962 4028
3910 4029
3832 4030
4012 4031
3552 4032
3336 4033
3629 4034
3998 4035
3842 4036
3679 4037
3909 4038
3456 4039
4020 4040
3980 4041
3447 4042
3975 4043
3861 4044
3872 4045
3846 4046
3932 4047
3812 4048
3735 4049
3882 4050
3761 4051
3198 4052
3326 4053
3954 4054
3473 4055
3661 4056
3976 4057
3686 4058
3958 4059
3733 4060
3648 4061
3762 4062
3584 4063
3960 4064
3906 4065
3239 4066
4000 4067
3822 4068
3842 4069
3515 4070
3776 4071
3387 4072
3846 4073
3986 4074
3884 4075
4039 4076
3484 4077
3689 4078
3840 4079
3919 4080
4018 4081
3926 4082
4074 4083
4043 4084
4064 4085
3758 4086
4078 4087
3990 4088
4037 4089
2996 4090
3518 4091
3517 4092
3481 4093
3785 4094
4077 4095
3370 4096
4029 4097
3893 4098
4036 4099
4019 4100
4086 4101
3828 4102
4068 4103
3600 4104
3924 4105
4016 4106
3814 4107
3861 4108
3995 4109
4075 4110
3885 4111
3766 4112
3991 4113
3723 4114
3866 4115
4038 4116
3845 4117
3984 4118
3666 4119
3814 4120
3715 4121
3783 4122
4022 4123
3572 4124
3799 4125
3691 4126
3874 4127
4105 4128
4033 4129
3859 4130
3656 4131
3977 4132
3563 4133
4117 4134
4100 4135
3964 4136
3950 4137
3144 4138
4040 4139
3955 4140
3922 4141
4054 4142
3662 4143
3838 4144
3773 4145
3989 4146
4073 4147
4058 4148
3539 4149
4023 4150
3792 4151
3721 4152
2636 4153
4113 4154
3795 4155
4099 4156
3868 4157
4151 4158
3881 4159
3992 4160
4134 4161
3767 4162
3339 4163
4093 4164
3486 4165
3979 4166
3346 4167
3211 4168
4091 4169
3035 4170
3843 4171
4148 4172
4168 4173
3014 4174
4125 4175
3167 4176
3944 4177
3588 4178
4108 4179
3709 4180
2845 4181
4175 4182
3887 4183
3784 4184
4115 4185
4132 4186
4153 4187
4128 4188
4114 4189
3822 4190
4111 4191
3895 4192
3966 4193
4145 4194
3380 4195
4096 4196
4004 4197
4015 4198
3751 4199
4193 4200
4163 4201
3969 4202
3498 4203
3706 4204
3918 4205
4189 4206
2670 4207
3968 4208
4049 4209
3983 4210
3571 4211
3915 4212
3914 4213
4076 4214
4176 4215
4097 4216
3939 4217
3780 4218
2175 4219
2936 4220
4021 4221
4010 4222
4159 4223
4182 4224
4045 4225
3617 4226
4055 4227
4005 4228
3216 4229
4057 4230
4060 4231
3961 4232
3827 4233
3655 4234
3778 4235
4024 4236
3190 4237
3695 4238
4167 4239
3208 4240
3891 4241
4199 4242
4154 4243
4197 4244
3019 4245
2931 4246
4183 4247
4131 4248
4007 4249
3956 4250
4066 4251
2472 4252
4110 4253
3349 4254
3072 4255
3135 4256
3724 4257
4028 4258
4225 4259
4203 4260
4129 4261
4008 4262
4051 4263
3850 4264
4070 4265
4230 4266
4061 4267
4155 4268
4041 4269
3586 4270
4208 4271
4017 4272
4080 4273
3933 4274
4237 4275
3668 4276
4092 4277
3042 4278
3785 4279
4171 4280
3834 4281
4231 4282
4248 4283
3310 4284
4243 4285
3462 4286
4275 4287
4277 4288
4026 4289
3994 4290
4212 4291
4242 4292
4174 4293
4027 4294
4127 4295
3947 4296
4278 4297
4013 4298
2572 4299
4284 4300
4135 4301
3771 4302
4072 4303
4301 4304
3334 4305
4265 4306
4008 4307
3777 4308
4216 4309
4282 4310
4266 4311
4192 4312
4109 4313
4157 4314
4207 4315
4274 4316
3404 4317
4103 4318
4178 4319
3128 4320
4247 4321
3935 4322
4319 4323
4146 4324
4312 4325
4030 4326
4098 4327
3880 4328
3921 4329
3791 4330
4095 4331
4267 4332
4326 4333
3876 4334
4326 4335
3541 4336
4325 4337
4309 4338
3556 4339
4196 4340
4303 4341
4112 4342
4294 4343
3277 4344
4328 4345
3637 4346
3825 4347
3680 4348
4252 4349
4313 4350
3988 4351
3505 4352
4342 4353
4187 4354
4140 4355
4107 4356
3997 4357
4250 4358
3938 4359
4001 4360
4358 4361
4356 4362
4341 4363
4238 4364
4035 4365
4244 4366
3949 4367
4263 4368
4226 4369
4209 4370
4084 4371
3865 4372
4221 4373
4219 4374
3714 4375
4147 4376
3687 4377
4170 4378
3863 4379
4370 4380
4269 4381
4123 4382
4324 4383
4265 4384
3943 4385
3766 4386
4205 4387
4062 4388
4290 4389
4368 4390
3959 4391
4260 4392
3749 4393
4138 4394
4218 4395
4121 4396
4306 4397
4307 4398
4169 4399
4281 4400
3845 4401
4292 4402
4136 4403
3837 4404
4204 4405
4348 4406
4119 4407
3636 4408
4336 4409
3586 4410
4150 4411
3833 4412
4367 4413
4047 4414
4094 4415
4220 4416
4194 4417
3165 4418
4374 4419
4378 4420
3972 4421
4162 4422
3608 4423
4333 4424
4344 4425
4350 4426
3970 4427
4165 4428
4003 4429
4426 4430
4234 4431
3788 4432
4282 4433
4331 4434
3999 4435
4308 4436
3835 4437
4240 4438
3578 4439
4317 4440
4042 4441
4300 4442
4357 4443
4193 4444
4271 4445
3889 4446
4402 4447
4401 4448
4376 4449
4364 4450
4130 4451
3811 4452
4052 4453
3800 4454
4449 4455
4435 4456
4156 4457
4409 4458
3166 4459
4164 4460
4372 4461
4431 4462
4442 4463
4361 4464
3587 4465
4059 4466
3733 4467
4009 4468
4340 4469
4334 4470
4048 4471
3988 4472
3789 4473
3602 4474
3888 4475
4459 4476
3464 4477
4339 4478
4384 4479
3805 4480
4031 4481
4388 4482
3230 4483
3296 4484
4394 4485
3985 4486
4432 4487
4172 4488
4438 4489
4295 4490
2435 4491
4202 4492
3993 4493
4418 4494
4389 4495
4429 4496
4158 4497
4383 4498
4369 4499
3861 4500
4478 4501
4424 4502
4210 4503
3626 4504
4310 4505
4417 4506
2953 4507
4184 4508
4395 4509
4494 4510
4316 4511
4293 4512
4365 4513
4261 4514
4101 4515
4422 4516
4343 4517
3890 4518
4461 4519
4264 4520
3894 4521
4397 4522
4279 4523
4232 4524
4504 4525
4200 4526
4428 4527
4421 4528
4251 4529
4437 4530
4515 4531
3860 4532
4511 4533
4304 4534
4069 4535
4231 4536
4246 4537
4079 4538
4253 4539
4413 4540
4173 4541
4044 4542
4352 4543
4195 4544
3946 4545
3760 4546
4254 4547
3519 4548
4050 4549
4359 4550
4547 4551
4506 4552
4465 4553
4347 4554
4425 4555
3594 4556
4506 4557
4377 4558
4177 4559
4133 4560
4544 4561
4530 4562
3352 4563
4543 4564
4521 4565
4355 4566
4291 4567
3864 4568
4379 4569
4323 4570
4257 4571
4451 4572
4539 4573
4497 4574
4443 4575
3818 4576
4427 4577
4211 4578
3869 4579
4249 4580
3581 4581
4229 4582
3660 4583
3987 4584
4014 4585
4518 4586
4447 4587
4579 4588
4481 4589
4186 4590
4297 4591
3782 4592
4380 4593
4385 4594
3900 4595
4456 4596
4063 4597
4398 4598
4592 4599
4546 4600
4476 4601
3167 4602
4201 4603
4462 4604
4315 4605
4118 4606
4604 4607
4354 4608
4582 4609
4104 4610
4424 4611
4215 4612
4564 4613
3653 4614
4588 4615
4339 4616
4517 4617
4566 4618
4096 4619
3937 4620
4498 4621
4563 4622
4603 4623
4576 4624
3936 4625
4550 4626
4523 4627
4533 4628
4445 4629
4513 4630
3948 4631
4412 4632
4510 4633
4223 4634
3763 4635
4490 4636
4338 4637
4572 4638
3548 4639
4613 4640
4364 4641
4524 4642
3408 4643
4577 4644
3849 4645
4452 4646
3978 4647
4534 4648
4452 4649
4381 4650
4561 4651
4298 4652
3752 4653
4516 4654
4532 4655
4470 4656
3732 4657
3781 4658
4645 4659
4149 4660
4526 4661
4398 4662
4589 4663
4548 4664
3639 4665
4268 4666
3867 4667
4640 4668
4414 4669
4489 4670
3916 4671
3772 4672
4584 4673
4474 4674
4332 4675
4239 4676
4478 4677
4052 4678
4617 4679
4458 4680
4305 4681
4634 4682
4586 4683
4390 4684
4322 4685
4056 4686
3897 4687
4217 4688
4218 4689
4466 4690
4500 4691
4624 4692
4126 4693
4612 4694
4311 4695
4593 4696
4106 4697
4411 4698
4419 4699
4570 4700
4540 4701
4360 4702
4213 4703
4650 4704
4587 4705
3493 4706
4668 4707
4553 4708
3745 4709
4262 4710
4120 4711
3052 4712
3787 4713
4420 4714
4241 4715
4198 4716
3434 4717
3356 4718
4574 4719
4143 4720
3702 4721
4289 4722
4632 4723
4709 4724
3857 4725
4572 4726
4053 4727
4569 4728
4714 4729
4662 4730
4486 4731
4122 4732
4369 4733
4373 4734
4685 4735
4628 4736
4581 4737
3554 4738
4622 4739
4623 4740
3911 4741
4573 4742
4667 4743
3545 4744
4116 4745
4609 4746
4446 4747
4496 4748
4473 4749
4453 4750
3981 4751
4718 4752
4137 4753
4537 4754
4228 4755
3417 4756
4649 4757
4583 4758
4139 4759
4287 4760
4703 4761
4288 4762
4704 4763
3967 4764
4615 4765
4371 4766
4581 4767
4188 4768
4407 4769
4362 4770
4692 4771
4757 4772
4006 4773
4067 4774
3928 4775
4509 4776
4698 4777
4723 4778
4705 4779
4655 4780
4590 4781
4737 4782
4387 4783
4738 4784
4638 4785
4502 4786
4191 4787
4654 4788
4522 4789
3576 4790
4214 4791
4722 4792
3770 4793
4416 4794
4793 4795
4790 4796
4697 4797
4767 4798
4764 4799
4467 4800
4161 4801
4710 4802
4581 4803
4450 4804
4611 4805
4480 4806
4542 4807
4679 4808
4605 4809
4742 4810
4555 4811
3698 4812
3982 4813
4694 4814
4647 4815
4558 4816
4769 4817
4557 4818
4128 4819
4750 4820
4753 4821
4320 4822
3907 4823
4559 4824
4729 4825
4233 4826
4457 4827
3454 4828
4406 4829
4730 4830
4812 4831
4627 4832
4065 4833
4824 4834
2979 4835
4034 4836
4571 4837
4382 4838
4727 4839
4648 4840
4299 4841
4464 4842
4783 4843
4439 4844
4607 4845
4440 4846
4448 4847
4644 4848
4386 4849
4349 4850
4777 4851
4574 4852
4485 4853
3635 4854
4829 4855
4677 4856
3469 4857
4224 4858
4720 4859
4749 4860
4482 4861
4709 4862
4503 4863
4800 4864
4743 4865
4635 4866
3757 4867
4459 4868
4853 4869
4190 4870
4856 4871
4454 4872
4434 4873
4744 4874
4798 4875
4860 4876
4678 4877
4751 4878
4711 4879
4071 4880
4700 4881
4642 4882
4345 4883
4436 4884
4477 4885
4836 4886
4314 4887
4725 4888
3693 4889
4405 4890
4666 4891
4639 4892
4663 4893
4286 4894
4327 4895
4479 4896
4803 4897
4660 4898
4619 4899
4258 4900
4273 4901
4864 4902
4857 4903
4755 4904
4733 4905
4837 4906
4597 4907
4831 4908
4396 4909
4812 4910
4528 4911
4854 4912
4734 4913
4104 4914
4877 4915
4488 4916
4687 4917
4858 4918
4747 4919
4562 4920
4735 4921
4797 4922
4728 4923
4675 4924
4848 4925
4519 4926
4902 4927
4869 4928
4144 4929
4895 4930
4595 4931
4806 4932
3252 4933
4415 4934
3585 4935
4834 4936
3292 4937
4897 4938
4621 4939
4930 4940
4889 4941
4842 4942
4599 4943
4839 4944
4758 4945
4280 4946
4774 4947
4936 4948
4222 4949
4606 4950
4906 4951
4672 4952
4911 4953
4565 4954
4802 4955
4939 4956
4882 4957
4787 4958
4736 4959
4851 4960
4763 4961
4784 4962
4693 4963
4734 4964
4780 4965
4468 4966
4772 4967
4410 4968
4804 4969
4941 4970
4917 4971
4493 4972
4643 4973
4087 4974
4905 4975
4296 4976
3925 4977
4581 4978
4920 4979
4782 4980
4302 4981
4082 4982
4817 4983
4671 4984
4977 4985
4366 4986
4748 4987
4375 4988
4947 4989
4527 4990
4512 4991
4935 4992
4610 4993
4433 4994
4731 4995
4270 4996
4955 4997
4656 4998
4585 4999
4930 5000
0 0 0 0 0 0 0 0 0 0 0 0 0 0 0 0 0 0 0 0 0 0 0 0 0 0 0 0 0 0 0 0 0 0 0 0 0 0 0 0 0 0 0 0 0 0 0 0 0 0 0 0 0 0 0 0 0 0 0 0 0 0 0 0 0 0 0 0 0 0 0 0 0 0 0 0 0 0 0 0 0 0 0 0 0 0 0 0 0 0 0 0 0 0 0 0 0 0 0 0 0 0 0 0 0 0 0 0 0 0 0 0 0 0 0 0 0 0 0 0 0 0 0 0 0 0 0 0 0 0 0 0 0 0 0 0 0 0 0 0 0 0 0 0 0 0 0 0 0 0 0 0 0 0 0 0 0 0 0 0 0 0 0 0 0 0 0 0 0 0 0 0 0 0 0 0 0 0 0 0 0 0 0 0 0 0 0 0 0 0 0 0 0 0 0 0 0 0 0 0 0 0 0 0 0 0 0 0 0 0 0 0 0 0 0 0 0 0 0 0 0 0 0 0 0 0 0 0 0 0 0 0 0 0 0 0 0 0 0 0 0 0 0 0 0 0 0 0 0 0 0 0 0 0 0 0 0 0 0 0 0 0 0 0 0 0 0 0 0 0 0 0 0 0 0 0 0 0 0 0 0 0 0 0 0 0 0 0 0 0 0 0 0 0 0 0 0 0 0 0 0 0 0 0 0 0 0 0 0 0 0 0 0 0 0 0 0 0 0 0 0 0 0 0 0 0 0 0 0 0 0 0 0 0 0 0 0 0 0 0 0 0 0 0 0 0 0 0 0 0 0 0 0 0 0 0 0 0 0 0 0 0 0 0 0 0 0 0 0 0 0 0 0 0 0 0 0 0 0 0 0 0 0 0 0 0 0 0 0 0 0 0 0 0 0 0 0 0 0 0 0 0 0 0 0 0 0 0 0 0 0 0 0 0 0 0 0 0 0 0 0 0 0 0 0 0 0 0 0 0 0 0 0 0 0 0 0 0 0 0 0 0 0 0 0 0 0 0 0 0 0 0 0 0 0 0 0 0 0 0 0 0 0 0 0 0 0 0 0 0 0 0 0 0 0 0 0 0 0 0 0 0 0 0 0 0 0 0 0 0 0 0 0 0 0 0 0 0 0 0 0 0 0 0 0 0 0 0 0 0 0 0 0 0 0 0 0 0 0 0 0 0 0 0 0 0 0 0 0 0 0 0 0 0 0 0 0 0 0 0 0 0 0 0 0 0 0 0 0 0 0 0 0 0 0 0 0 0 0 0 0 0 0 0 0 0 0 0 0 0 0 0 0 0 0 0 0 0 0 0 0 0 0 0 0 0 0 0 0 0 0 0 0 0 0 0 0 0 0 0 0 0 0 0 0 0 0 0 0 0 0 0 0 0 0 0 0 0 0 0 0 0 0 0 0 0 0 0 0 0 0 0 0 0 0 0 0 0 0 0 0 0 0 0 0 0 0 0 0 0 0 0 0 0 0 0 0 0 0 0 0 0 0 0 0 0 0 0 0 0 0 0 0 0 0 0 0 0 0 0 0 0 0 0 0 0 0 0 0 0 0 0 0 0 0 0 0 0 0 0 0 0 0 0 0 0 0 0 0 0 0 0 0 0 0 0 0 0 0 0 0 0 0 0 0 0 0 0 0 0 0 0 0 0 0 0 0 0 0 0 0 0 0 0 0 0 0 0 0 0 0 0 0 0 0 0 0 0 0 0 0 0 0 0 0 0 0 0 0 0 0 0 0 0 0 0 0 0 0 0 0 0 0 0 0 0 0 0 0 0 0 0 0 0 0 0 0 0 0 0 0 0 0 0 0 0 0 0 0 0 0 0 0 0 0 0 0 0 0 0 0 0 0 0 0 0 0 0 0 0 0 0 0 0 0 0 0 0 0 0 0 0 0 0 0 0 0 0 0 0 0 0 0 0 0 0 0 0 0 0 0 0 0 0 0 0 0 0 0 0 0 0 0 0 0 0 0 0 0 0 0 0 0 0 0 0 0 0 0 0 0 0 0 0 0 0 0 0 0 0 0 0 0 0 0 0 0 0 0 0 0 0 0 0 0 0 0 0 0 0 0 0 0 0 0 0 0 0 0 0 0 0 0 0 0 0 0 0 0 0 0 0 0 0 0 0 0 0 0 0 0 0 0 0 0 0 0 0 0 0 0 0 0 0 0 0 0 0 0 0 0 0 0 0 0 0 0 0 0 0 0 0 0 0 0 0 0 0 0 0 0 0 0 0 0 0 0 0 0 0 0 0 0 0 0 0 0 0 0 0 0 0 0 0 0 0 0 0 0 0 0 0 0 0 0 0 0 0 0 0 0 0 0 0 0 0 0 0 0 0 0 0 0 0 0 0 0 0 0 0 0 0 0 0 0 0 0 0 0 0 0 0 0 0 0 0 0 0 0 0 0 0 0 0 0 0 0 0 0 0 0 0 0 0 0 0 0 0 0 0 0 0 0 0 0 0 0 0 0 0 0 0 0 0 0 0 0 0 0 0 0 0 0 0 0 0 0 0 0 0 0 0 0 0 0 0 0 0 0 0 0 0 0 0 0 0 0 0 0 0 0 0 0 0 0 0 0 0 0 0 0 0 0 0 0 0 0 0 0 0 0 0 0 0 0 0 0 0 0 0 0 0 0 0 0 0 0 0 0 0 0 0 0 0 0 0 0 0 0 0 0 0 0 0 0 0 0 0 0 0 0 0 0 0 0 0 0 0 0 0 0 0 0 0 0 0 0 0 0 0 0 0 0 0 0 0 0 0 0 0 0 0 0 0 0 0 0 0 0 0 0 0 0 0 0 0 0 0 0 0 0 0 0 0 0 0 0 0 0 0 0 0 0 0 0 0 0 0 0 0 0 0 0 0 0 0 0 0 0 0 0 0 0 0 0 0 0 0 0 0 0 0 0 0 0 0 0 0 0 0 0 0 0 0 0 0 0 0 0 0 0 0 0 0 0 0 0 0 0 0 0 0 0 0 0 0 0 0 0 0 0 0 0 0 0 0 0 0 0 0 0 0 0 0 0 0 0 0 0 0 0 0 0 0 0 0 0 0 0 0 0 0 0 0 0 0 0 0 0 0 0 0 0 0 0 0 0 0 0 0 0 0 0 0 0 0 0 0 0 0 0 0 0 0 0 0 0 0 0 0 0 0 0 0 0 0 0 0 0 0 0 0 0 0 0 0 0 0 0 0 0 0 0 0 0 0 0 0 0 0 0 0 0 0 0 0 0 0 0 0 0 0 0 0 0 0 0 0 0 0 0 0 0 0 0 0 0 0 0 0 0 0 0 0 0 0 0 0 0 0 0 0 0 0 0 0 0 0 0 0 0 0 0 0 0 0 0 0 0 0 0 0 0 0 0 0 0 0 0 0 0 0 0 0 0 0 0 0 0 0 0 0 0 0 0 0 0 0 0 0 0 0 0 0 0 0 0 0 0 0 0 0 0 0 0 0 0 0 0 0 0 0 0 0 0 0 0 0 0 0 0 0 0 0 0 0 0 0 0 0 0 0 0 0 0 0 0 0 0 0 0 0 0 0 0 0 0 0 0 0 0 0 0 0 0 0 0 0 0 0 0 0 0 0 0 0 0 0 0 0 0 0 0 0 0 0 0 0 0 0 0 0 0 0 0 0 0 0 0 0 0 0 0 0 0 0 0 0 0 0 0 0 0 0 0 0 0 0 0 0 0 0 0 0 0 0 0 0 0 0 0 0 0 0 0 0 0 0 0 0 0 0 0 0 0 0 0 0 0 0 0 0 0 0 0 0 0 0 0 0 0 0 0 0 0 0 0 0 0 0 0 0 0 0 0 0 0 0 0 0 0 0 0 0 0 0 0 0 0 0 0 0 0 0 0 0 0 0 0 0 0 0 0 0 0 0 0 0 0 0 0 0 0 0 0 0 0 0 0 0 0 0 0 0 0 0 0 0 0 0 0 0 0 0 0 0 0 0 0 0 0 0 0 0 0 0 0 0 0 0 0 0 0 0 0 0 0 0 0 0 0 0 0 0 0 0 0 0 0 0 0 0 0 0 0 0 0 0 0 0 0 0 0 0 0 0 0 0 0 0 0 0 0 0 0 0 0 0 0 0 0 0 0 0 0 0 0 0 0 0 0 0 0 0 0 0 0 0 0 0 0 0 0 0 0 0 0 0 0 0 0 0 0 0 0 0 0 0 0 0 0 0 0 0 0 0 0 0 0 0 0 0 0 0 0 0 0 0 0 0 0 0 0 0 0 0 0 0 0 0 0 0 0 0 0 0 0 0 0 0 0 0 0 0 0 0 0 0 0 0 0 0 0 0 0 0 0 0 0 0 0 0 0 0 0 0 0 0 0 0 0 0 0 0 0 0 0 0 0 0 0 0 0 0 0 0 0 0 0 0 0 0 0 0 0 0 0 0 0 0 0 0 0 0 0 0 0 0 0 0 0 0 0 0 0 0 0 0 0 0 0 0 0 0 0 0 0 0 0 0 0 0 0 0 0 0 0 0 0 0 0 0 0 0 0 0 0 0 0 0 0 0 0 0 0 0 0 0 0 0 0 0 0 0 0 0 0 0 0 0 0 0 0 0 0 0 0 0 0 0 0 0 0 0 0 0 0 0 0 0 0 0 0 0 0 0 0 0 0 0 0 0 0 0 0 0 0 0 0 0 0 0 0 0 0 0 0 0 0 0 0 0 0 0 0 0 0 0 0 0 0 0 0 0 0 0 0 0 0 0 0 0 0 0 0 0 0 0 0 0 0 0 0 0 0 0 0 0 0 0 0 0 0 0 0 0 0 0 0 0 0 0 0 0 0 0 0 0 0 0 0 0 0 0 0 0 0 0 0 0 0 0 0 0 0 0 0 0 0 0 0 0 0 0 0 0 0 0 0 0 0 0 0 0 0 0 0 0 0 0 0 0 0 0 0 0 0 0 0 0 0 0 0 0 0 0 0 0 0 0 0 0 0 0 0 0 0 0 0 0 0 0 0 0 0 0 0 0 0 0 0 0 0 0 0 0 0 0 0 0 0 0 0 0 0 0 0 0 0 0 0 0 0 0 0 0 0 0 0 0 0 0 0 0 0 0 0 0 0 0 0 0 0 0 0 0 0 0 0 0 0 0 0 0 0 0 0 0 0 0 0 0 0 0 0 0 0 0 0 0 0 0 0 0 0 0 0 0 0 0 0 0 0 0 0 0 0 0 0 0 0 0 0 0 0 0 0 0 0 0 0 0 0 0 0 0 0 0 0 0 0 0 0 0 0 0 0 0 0 0 0 0 0 0 0 0 0 0 0 0 0 0 0 0 0 0 0 0 0 0 0 0 0 0 0 0 0 0 0 0 0 0 0 0 0 0 0 0 0 0 0 0 0 0 0 0 0 0 0 0 0 0 0 0 0 0 0 0 0 0 0 0 0 0 0 0 0 0 0 0 0 0 0 0 0 0 0 0 0 0 0 0 0 0 0 0 0 0 0 0 0 0 0 0 0 0 0 0 0 0 0 0 0 0 0 0 0 0 0 0 0 0 0 0 0 0 0 0 0 0 0 0 0 0 0 0 0 0 0 0 0 0 0 0 0 0 0 0 0 0 0 0 0 0 0 0 0 0 0 0 0 0 0 0 0 0 0 0 0 0 0 0 0 0 0 0 0 0 0 0 0 0 0 0 0 0 0 0 0 0 0 0 0 0 0 0 0 0 0 0 0 0 0 0 0 0 0 0 0 0 0 0 0 0 0 0 0 0 0 0 0 0 0 0 0 0 0 0 0 0 0 0 0 0 0 0 0 0 0 0 0 0 0 0 0 0 0 0 0 0 0 0 0 0 0 0 0 0 0 0 0 0 0 0 0 0 0 0 0 0 0 0 0 0 0 0 0 0 0 0 0 0 0 0 0 0 0 0 0 0 0 0 0 0 0 0 0 0 0 0 0 0 0 0 0 0 0 0 0 0 0 0 0 0 0 0 0 0 0 0 0 0 0 0 0 0 0 0 0 0 0 0 0 0 0 0 0 0 0 0 0 0 0 0 0 0 0 0 0 0 0 0 0 0 0 0 0 0 0 0 0 0 0 0 0 0 0 0 0 0 0 0 0 0 0 0 0 0 0 0 0 0 0 0 0 0 0 0 0 0 0 0 0 0 0 0 0 0 0 0 0 0 0 0 0 0 0 0 0 0 0 0 0 0 0 0 0 0 0 0 0 0 0 0 0 0 0 0 0 0 0 0 0 0 0 0 0 0 0 0 0 0 0 0 0 0 0 0 0 0 0 0 0 0 0 0 0 0 0 0 0 0 0 0 0 0 0 0 0 0 0 0 0 0 0 0 0 0 0 0 0 0 0 0 0 0 0 0 0 0 0 0 0 0 0 0 0 0 0 0 0 0 0 0 0 0 0 0 0 0 0 0 0 0 0 0 0 0 0 0 0 0 0 0 0 0 0 0 0 0 0 0 0 0 0 0 0 0 0 0 0 0 0 0 0 0 0 0 0 0 0 0 0 0 0 0 0 0 0 0 0 0 0 0 0 0 0 0 0 0 0 0 0 0 0 0 0 0 0 0 0 0 0 0 0 0 0 0 0 0 0 0 0 0 0 0 0 0 0 0 0 0 0 0 0 0 0 0 0 0 0 0 0 0 0 0 0 0 0 0 0 0 0 0 0 0 0 0 0 0 0 0 0 0 0 0 0 0 0 0 0 0 0 0 0 0 0 0 0 0 0 0 0 0 0 0 0 0 0 0 0 0 0 0 0 0 0 0 0 0 0 0 0 0 0 0 0 0 0 0 0 0 0 0 0 0 0 0 0 0 0 0 0 0 0 0 0 0 0 0 0 0 0 0 0 0 0 0 2501 0 0 0 0 0 0 0 0 0 0 0 0 0 0 0 0 0 0 0 0 0 0 0 0 0 0 0 0 0 0 0 0 0 0 0 0 0 0 0 0 0 0 0 0 0 0 0 0 0 0 0 0 0 0 0 0 0 0 0 0 0 0 0 0 0 0 0 0 0 0 0 0 0 0 0 0 0 0 0 0 0 0 0 0 0 0 0 0 0 0 0 0 0 0 0 0 0 0 0 0 0 0 0 0 0 0 0 0 0 0 0 0 0 0 0 0 0 0 0 0 0 0 0 0 0 0 0 0 0 0 0 0 0 0 0 0 0 0 0 0 0 0 0 0 0 0 0 0 0 0 0 0 0 0 0 0 0 0 0 0 0 0 0 0 0 0 0 0 0 0 0 0 0 0 0 0 0 0 0 0 0 0 0 0 0 0 0 0 0 0 0 0 0 0 0 0 0 0 0 0 0 0 0 0 0 0 0 0 0 0 0 0 0 0 0 0 0 0 0 0 0 0 0 0 0 0 0 0 0 0 0 0 0 0 0 0 0 0 0 0 0 0 0 0 0 0 0 0 0 0 0 0 0 0 0 0 0 0 0 0 0 0 0 0 0 0 0 0 0 0 0 0 0 0 0 0 0 0 0 0 0 0 0 0 0 0 0 0 0 0 0 0 0 0 0 0 0 0 0 0 0 0 0 0 0 0 0 0 0 0 0 0 0 0 0 0 0 0 0 0 0 0 0 0 0 0 0 0 0 0 0 0 0 0 0 0 0 0 0 0 0 0 0 0 0 0 0 0 0 0 0 0 0 0 0 0 0 0 0 0 0 0 0 0 0 0 0 0 0 0 0 0 0 0 0 0 0 0 0 0 0 0 0 0 0 0 0 0 0 0 0 0 0 0 0 0 0 0 0 0 0 0 0 0 0 0 0 0 0 0 0 0 0 0 0 0 0 0 0 0 0 0 0 0 0 0 0 0 0 0 0 0 0 0 0 0 0 0 0 0 0 0 0 0 0 0 0 0 0 0 0 0 0 0 0 0 0 0 0 0 0 0 0 0 0 0 0 0 0 0 0 0 0 0 0 0 0 0 0 0 0 0 0 0 0 0 0 0 0 0 0 0 0 0 0 0 0 0 0 0 0 0 0 0 0 0 0 0 0 0 0 0 0 0 0 0 0 0 0 0 0 0 0 0 0 0 0 0 0 0 0 0 0 0 0 0 0 0 0 0 0 0 0 0 0 0 0 0 0 0 0 0 0 0 0 0 0 0 0 0 0 0 0 0 0 0 0 0 0 0 0 0 0 0 0 0 0 0 0 0 0 0 0 0 0 0 0 0 0 0 0 0 0 0 0 0 0 0 0 0 0 0 0 0 0 0 0 0 0 0 0 0 0 0 0 0 0 0 0 0 0 0 0 0 0 0 0 0 0 0 0 0 0 0 0 0 0 0 0 0 0 0 0 0 0 0 0 0 0 0 0 0 0 0 0 0 0 0 0 0 0 0 0 0 0 0 0 0 0 0 0 0 0 0 0 0 0 0 0 0 0 0 0 0 0 0 0 0 0 0 0 0 0 0 0 0 0 0 0 0 0 0 0 0 0 0 0 0 0 0 0 0 0 0 0 0 0 0 0 0 0 0 0 0 0 0 0 0 0 0 0 0 0 0 0 0 0 0 0 0 0 0 0 0 0 0 0 0 0 0 0 0 0 0 0 0 0 0 0 0 0 0 0 0 0 0 0 0 0 0 0 0 0 0 0 0 0 0 0 0 0 0 0 0 0 0 0 0 0 0 0 0 0 0 0 0 0 0 0 0 0 0 0 0 0 0 0 0 0 0 0 0 0 0 0 0 0 0 0 0 0 0 0 0 0 0 0 0 0 0 0 0 0 0 0 0 0 0 0 0 0 0 0 0 0 0 0 0 0 0 0 0 0 0 0 0 0 0 0 0 0 0 0 0 0 0 0 0 0 0 0 0 0 0 0 0 0 0 0 0 0 0 0 0 0 0 0 0 0 0 0 0 0 0 0 0 0 0 0 0 0 0 0 0 0 0 0 0 0 0 0 0 0 0 0 0 0 0 0 0 0 0 0 0 0 0 0 0 0 0 0 0 0 0 0 0 0 0 0 0 0 0 0 0 0 0 0 0 0 0 0 0 0 0 0 0 0 0 0 0 0 0 0 0 0 0 0 0 0 0 0 0 0 0 0 0 0 0 0 0 0 0 0 0 0 0 0 0 0 0 0 0 0 0 0 0 0 0 0 0 0 0 0 0 0 0 0 0 0 0 0 0 0 0 0 0 0 0 0 0 0 0 0 0 0 0 0 0 0 0 0 0 0 0 0 0 0 0 0 0 0 0 0 0 0 0 0 0 0 0 0 0 0 0 0 0 0 0 0 0 0 0 0 0 0 0 0 0 0 0 0 0 0 0 0 0 0 0 0 0 0 0 0 0 0 0 0 0 0 0 0 0 0 0 0 0 0 0 0 0 0 0 0 0 0 0 0 0 0 0 0 0 0 0 0 0 0 0 0 0 0 0 0 0 0 0 0 0 0 0 0 0 0 0 0 0 0 0 0 0 0 0 0 0 0 0 0 0 0 0 0 0 0 0 0 0 0 0 0 0 0 0 0 0 0 0 0 0 0 0 0 0 0 0 0 0 0 0 0 0 0 0 0 0 0 0 0 0 0 0 0 0 0 0 0 0 0 0 0 0 0 0 0 0 0 0 0 0 0 0 0 0 0 0 0 0 0 0 0 0 0 0 0 0 0 0 0 0 0 0 0 0 0 0 0 0 0 0 0 0 0 0 0 0 0 0 0 0 0 0 0 0 0 0 0 0 0 0 0 0 0 0 0 0 0 0 0 0 0 0 0 0 0 0 0 0 0 0 0 0 0 0 0 0 0 0 0 0 0 0 0 0 0 0 0 0 0 0 0 0 0 0 0 0 0 0 0 0 0 0 0 0 0 0 0 0 0 0 0 0 0 0 0 0 0 0 0 0 0 0 0 0 0 0 0 0 0 0 0 0 0 0 0 0 0 0 0 0 0 0 0 0 0 0 0 0 0 0 0 0 0 0 0 0 0 0 0 0 0 0 0 0 0 0 0 0 0 0 0 0 0 0 0 0 0 0 0 0 0 0 0 0 0 0 0 0 0 0 0 0 0 0 0 0 0 0 0 0 0 0 0 0 0 0 0 0 0 0 0 0 0 0 0 0 0 0 0 0 0 0 0 0 0 0 0 0 0 0 0 0 0 0 0 0 0 0 0 0 0 0 0 0 0 0 0 0 0 0 0 0 0 0 0 0 0 0 0 0 0 0 0 0 0 0 0 0 0 0 0 0 0 0 0 0 0 0 0 0 0 0 0 0 0 0 0 0 0 0 0 0 0 0 0 0 0 0 0 0 0 0 0 0 0 0 0 0 0 0 0 0 0 0 0 0 0 0 0 0 0 0 0 0 0 0 0 0 0 0 0 0 0 0 0 0 0 0 0 0 0 0 0 0 0 0 0 0 0 0 0 0 0 0 0 0 0 0 0 0 0 0 0 0 0 0 0 0 0 0 0 0 0 0 0 0 0 0 0 0 0 0 0 0 0 0 0 0 0 0 0 0 0 0 0 0 0 0 0 0 0 0 0 0 0 0 0 0 0 0 0 0 0 0 0 0 0 0 0 0 0 0 0 0 0 0 0 0 0 0 0 0 0 0 0 0 0 0 0 0 0 0 0 0 0 0 0 0 0 0 0 0 0 0 0 0 0 0 0 0 0 0 0 0 0 0 0 0 0 0 0 0 0 0 0 0 0 0 0 0 0 0 0 0 0 0 0 0 0 0 0 0 0 0 0 0 0 0 0 0 0 0 0 0 0 0 0 0 0 0 0 0 0 0 0 0 0 0 0 0 0 0 0 0 0 0 0 0 0 0 0 0 0 0 0 0 0 0 0 0 0 0 0 0 0 0 0 0 0 0 0 0 0 0 0 0 0 0 0 0 0 0 0 0 0 0 0 0 0 0 0 0 0 0 0 0 0 0 0 0 0 0 0 0 0 0 0 0 0 0 0 0 0 0 0 0 0 0 0 0 0 0 0 0 0 0 0 0 0 0 0 0 0 0 0 0 0 0 0 0 0 0 0 0 0 0 0 0 0 0 0 0 0 0 0 0 0 0 0 0 0 0 0 0 0 0 0 0 0 0 0 0 0 0 0 0 0 0 0 0 0 0 0 0 0 0 0 0 0 0 0 0 0 0 0 0 0 0 0 0 0 0 0 0 0 0 0 0 0 0 0 0 0 0 0 0 0 0 0 0 0 0 0 0 0 0 0 0 0 0 0 0 0 0 0 0 0 0 0 0 0 0 0 0 0 0 0 0 0 0 0 0 0 0 0 0 0 0 0 0 0 0 0 0 0 0 0 0 0 0 0 0 0
