5000
1 2
1 3
2 4
3 5
4 6
5 7
6 8
8 9
7 10
9 11
10 12
6 13
11 14
12 15
13 16
16 17
14 18
17 19
17 20
19 21
15 22
21 23
22 24
18 25
23 26
24 27
25 28
28 29
27 30
29 31
26 32
30 33
19 34
34 35
32 36
20 37
37 38
31 39
35 40
39 41
40 42
42 43
41 44
33 45
43 46
38 47
46 48
45 49
48 50
44 51
49 52
51 53
50 54
44 55
54 56
52 57
56 58
57 59
58 60
47 61
59 62
61 63
63 64
62 65
53 66
60 67
64 68
55 69
68 70
69 71
67 72
65 73
66 74
71 75
74 76
75 77
76 78
78 79
73 80
77 81
80 82
79 83
72 84
70 85
81 86
82 87
85 88
87 89
88 90
89 91
86 92
36 93
90 94
92 95
93 96
84 97
95 98
97 99
94 100
98 101
100 102
102 103
101 104
101 105
103 106
105 107
106 108
91 109
104 110
107 111
109 112
110 113
83 114
111 115
115 116
113 117
116 118
114 119
112 120
99 121
108 122
120 123
117 124
119 125
124 126
96 127
122 128
127 129
128 130
126 131
118 132
121 133
123 134
130 135
132 136
134 137
136 138
135 139
133 140
138 141
125 142
140 143
133 144
139 145
141 146
137 147
145 148
148 149
146 150
142 151
131 152
152 153
150 154
129 155
153 156
147 157
144 158
157 159
156 160
158 161
161 162
159 163
143 164
155 165
163 166
149 167
166 168
160 169
167 170
162 171
170 172
168 173
154 174
172 175
173 176
171 177
173 178
151 179
164 180
177 181
157 182
175 183
176 184
183 185
174 186
184 187
169 188
181 189
186 190
180 191
187 192
189 193
182 194
190 195
179 196
168 197
192 198
194 199
185 200
165 201
193 202
191 203
201 204
195 205
190 206
204 207
197 208
202 209
207 210
196 211
210 212
206 213
211 214
178 215
205 216
200 217
203 218
209 219
218 220
212 221
214 222
219 223
198 224
213 225
188 226
220 227
199 228
222 229
223 230
228 231
217 232
232 233
233 234
230 235
234 236
227 237
236 238
221 239
229 240
224 241
233 242
225 243
214 244
235 245
240 246
244 247
231 248
246 249
231 250
208 251
243 252
249 253
247 254
248 255
254 256
242 257
215 258
245 259
237 260
259 261
238 262
252 263
258 264
238 265
246 266
239 267
229 268
255 269
260 270
262 271
268 272
226 273
271 274
250 275
273 276
275 277
266 278
264 279
241 280
253 281
256 282
276 283
270 284
257 285
256 286
216 287
280 288
277 289
280 290
267 291
272 292
282 293
292 294
288 295
263 296
269 297
290 298
283 299
265 300
279 301
293 302
298 303
297 304
284 305
291 306
283 307
305 308
278 309
302 310
310 311
295 312
247 313
307 314
287 315
312 316
306 317
317 318
274 319
301 320
285 321
299 322
314 323
311 324
304 325
294 326
316 327
318 328
289 329
313 330
323 331
330 332
327 333
261 334
333 335
325 336
251 337
315 338
321 339
320 340
319 341
286 342
340 343
335 344
331 345
341 346
332 347
322 348
281 349
339 350
336 351
338 352
329 353
342 354
346 355
343 356
353 357
324 358
355 359
356 360
296 361
359 362
352 363
345 364
325 365
362 366
327 367
361 368
348 369
300 370
368 371
351 372
367 373
309 374
358 375
372 376
311 377
375 378
354 379
303 380
366 381
380 382
364 383
350 384
378 385
373 386
369 387
377 388
360 389
376 390
386 391
387 392
334 393
348 394
310 395
371 396
394 397
381 398
383 399
396 400
379 401
391 402
401 403
400 404
382 405
399 406
365 407
388 408
357 409
395 410
337 411
374 412
404 413
413 414
384 415
402 416
328 417
407 418
412 419
347 420
326 421
392 422
316 423
416 424
344 425
308 426
426 427
405 428
417 429
403 430
415 431
392 432
429 433
432 434
433 435
389 436
397 437
423 438
385 439
437 440
420 441
349 442
431 443
390 444
411 445
444 446
434 447
441 448
446 449
427 450
430 451
445 452
450 453
418 454
421 455
398 456
435 457
453 458
410 459
425 460
456 461
458 462
393 463
438 464
424 465
457 466
460 467
409 468
451 469
431 470
436 471
452 472
468 473
464 474
471 475
472 476
474 477
466 478
478 479
454 480
422 481
406 482
363 483
467 484
477 485
428 486
484 487
466 488
470 489
469 490
483 491
448 492
487 493
370 494
447 495
461 496
475 497
465 498
463 499
496 500
442 501
440 502
490 503
455 504
449 505
408 506
476 507
485 508
481 509
501 510
439 511
507 512
492 513
473 514
497 515
466 516
488 517
493 518
414 519
511 520
502 521
519 522
520 523
516 524
521 525
506 526
499 527
517 528
514 529
495 530
486 531
524 532
518 533
489 534
526 535
512 536
509 537
510 538
505 539
519 540
504 541
508 542
541 543
491 544
530 545
534 546
527 547
459 548
500 549
533 550
536 551
514 552
531 553
523 554
535 555
534 556
513 557
540 558
539 559
554 560
543 561
557 562
527 563
522 564
558 565
546 566
529 567
555 568
564 569
550 570
563 571
567 572
462 573
553 574
573 575
547 576
551 577
575 578
482 579
498 580
537 581
576 582
480 583
549 584
528 585
561 586
545 587
572 588
548 589
589 590
573 591
584 592
544 593
571 594
556 595
592 596
574 597
525 598
593 599
515 600
538 601
591 602
581 603
562 604
565 605
588 606
560 607
583 608
579 609
590 610
601 611
610 612
611 613
443 614
550 615
552 616
603 617
585 618
569 619
617 620
604 621
479 622
586 623
612 624
614 625
606 626
570 627
623 628
564 629
621 630
627 631
629 632
622 633
619 634
597 635
633 636
542 637
605 638
580 639
625 640
598 641
631 642
607 643
596 644
577 645
632 646
646 647
644 648
532 649
630 650
613 651
624 652
629 653
649 654
494 655
595 656
615 657
654 658
639 659
582 660
634 661
503 662
587 663
608 664
645 665
658 666
640 667
663 668
641 669
594 670
559 671
636 672
669 673
486 674
616 675
660 676
626 677
637 678
662 679
665 680
672 681
663 682
677 683
647 684
680 685
578 686
666 687
618 688
682 689
675 690
657 691
685 692
690 693
673 694
689 695
694 696
664 697
652 698
679 699
419 700
683 701
609 702
688 703
691 704
656 705
648 706
695 707
642 708
684 709
698 710
568 711
620 712
696 713
678 714
712 715
671 716
659 717
674 718
643 719
658 720
715 721
651 722
720 723
708 724
709 725
681 726
707 727
660 728
653 729
713 730
667 731
706 732
566 733
633 734
726 735
701 736
702 737
732 738
730 739
719 740
676 741
710 742
484 743
655 744
686 745
717 746
661 747
743 748
687 749
703 750
736 751
724 752
714 753
740 754
734 755
731 756
718 757
728 758
752 759
700 760
755 761
725 762
688 763
750 764
738 765
635 766
750 767
721 768
668 769
693 770
723 771
758 772
670 773
741 774
744 775
742 776
760 777
763 778
739 779
768 780
628 781
700 782
692 783
774 784
756 785
775 786
638 787
699 788
757 789
781 790
729 791
776 792
704 793
754 794
748 795
761 796
782 797
770 798
793 799
767 800
790 801
733 802
779 803
791 804
804 805
803 806
795 807
687 808
794 809
722 810
798 811
792 812
786 813
650 814
814 815
705 816
806 817
812 818
799 819
819 820
602 821
805 822
821 823
773 824
822 825
764 826
751 827
811 828
772 829
778 830
816 831
777 832
825 833
753 834
826 835
835 836
599 837
827 838
771 839
796 840
828 841
813 842
697 843
824 844
832 845
818 846
823 847
838 848
783 849
807 850
831 851
762 852
802 853
600 854
810 855
800 856
777 857
737 858
749 859
785 860
830 861
784 862
809 863
840 864
823 865
847 866
852 867
808 868
735 869
766 870
745 871
834 872
844 873
873 874
864 875
747 876
871 877
874 878
769 879
864 880
875 881
833 882
784 883
869 884
765 885
853 886
880 887
850 888
876 889
861 890
863 891
890 892
836 893
892 894
866 895
794 896
854 897
797 898
873 899
888 900
879 901
875 902
841 903
788 904
727 905
848 906
883 907
897 908
906 909
902 910
907 911
746 912
843 913
865 914
908 915
884 916
839 917
916 918
917 919
885 920
878 921
891 922
787 923
919 924
780 925
910 926
905 927
851 928
887 929
901 930
817 931
918 932
856 933
912 934
933 935
904 936
920 937
915 938
881 939
895 940
889 941
934 942
845 943
842 944
942 945
900 946
900 947
941 948
855 949
938 950
928 951
857 952
829 953
859 954
936 955
922 956
932 957
849 958
940 959
935 960
950 961
872 962
921 963
895 964
894 965
789 966
937 967
961 968
926 969
886 970
960 971
968 972
964 973
931 974
949 975
867 976
955 977
954 978
903 979
957 980
759 981
945 982
882 983
975 984
930 985
980 986
972 987
898 988
896 989
974 990
956 991
924 992
991 993
963 994
862 995
900 996
993 997
978 998
870 999
996 1000
947 1001
982 1002
977 1003
953 1004
948 1005
893 1006
846 1007
983 1008
1000 1009
970 1010
973 1011
860 1012
952 1013
820 1014
1009 1015
1013 1016
1007 1017
1008 1018
899 1019
969 1020
1019 1021
958 1022
1017 1023
1018 1024
913 1025
1001 1026
987 1027
981 1028
1005 1029
939 1030
1027 1031
962 1032
951 1033
914 1034
988 1035
984 1036
976 1037
994 1038
1031 1039
1016 1040
1022 1041
711 1042
1038 1043
1014 1044
1039 1045
990 1046
1040 1047
966 1048
986 1049
1012 1050
995 1051
815 1052
1046 1053
1041 1054
1002 1055
918 1056
716 1057
1033 1058
965 1059
909 1060
1058 1061
1034 1062
1029 1063
929 1064
1023 1065
1056 1066
967 1067
1043 1068
971 1069
1068 1070
1021 1071
1042 1072
1064 1073
927 1074
1004 1075
1024 1076
1059 1077
1052 1078
1073 1079
1006 1080
1066 1081
1081 1082
992 1083
801 1084
1026 1085
1037 1086
852 1087
1085 1088
946 1089
1076 1090
1081 1091
1077 1092
1078 1093
998 1094
1003 1095
1035 1096
1057 1097
1020 1098
1087 1099
1044 1100
1065 1101
1082 1102
1092 1103
1099 1104
1080 1105
1045 1106
1075 1107
1106 1108
1030 1109
1070 1110
877 1111
1098 1112
1051 1113
1025 1114
1107 1115
1108 1116
1088 1117
1110 1118
1067 1119
1113 1120
989 1121
1069 1122
1079 1123
1121 1124
1104 1125
1124 1126
1109 1127
1125 1128
1120 1129
1102 1130
1098 1131
1049 1132
1047 1133
1091 1134
1028 1135
1057 1136
1071 1137
1043 1138
1123 1139
959 1140
1129 1141
1131 1142
1141 1143
1062 1144
1054 1145
1090 1146
1145 1147
1130 1148
1084 1149
1136 1150
1116 1151
1010 1152
1096 1153
1143 1154
978 1155
1137 1156
1144 1157
985 1158
1153 1159
1089 1160
1122 1161
1061 1162
943 1163
1119 1164
1117 1165
1011 1166
1105 1167
1147 1168
999 1169
1163 1170
1164 1171
1093 1172
1149 1173
1112 1174
1162 1175
1150 1176
1127 1177
1140 1178
1177 1179
1103 1180
923 1181
1155 1182
896 1183
1133 1184
1115 1185
1097 1186
1185 1187
1055 1188
985 1189
1099 1190
1101 1191
1135 1192
1118 1193
1134 1194
1192 1195
1156 1196
1176 1197
1169 1198
1048 1199
1151 1200
1184 1201
1154 1202
1160 1203
1189 1204
1190 1205
1111 1206
1193 1207
1126 1208
998 1209
1205 1210
1209 1211
1183 1212
1170 1213
1161 1214
1168 1215
1191 1216
1138 1217
1015 1218
1207 1219
1132 1220
1216 1221
1203 1222
1201 1223
1218 1224
1165 1225
1195 1226
1219 1227
1211 1228
1158 1229
1227 1230
1194 1231
1176 1232
944 1233
1139 1234
1221 1235
1174 1236
1228 1237
1203 1238
1139 1239
858 1240
1182 1241
1095 1242
1181 1243
1175 1244
1220 1245
1212 1246
1226 1247
1034 1248
1074 1249
1032 1250
1227 1251
1186 1252
1157 1253
1206 1254
1229 1255
1251 1256
985 1257
1142 1258
1248 1259
1242 1260
1105 1261
1260 1262
1254 1263
1263 1264
1198 1265
1255 1266
1250 1267
1239 1268
1245 1269
1268 1270
1208 1271
1146 1272
1257 1273
1179 1274
1199 1275
1244 1276
1094 1277
1266 1278
1237 1279
1167 1280
1210 1281
1279 1282
1223 1283
1274 1284
1200 1285
997 1286
1241 1287
1234 1288
1274 1289
1172 1290
1137 1291
1243 1292
1231 1293
1153 1294
1275 1295
1222 1296
1159 1297
1187 1298
1265 1299
1285 1300
1267 1301
1270 1302
979 1303
1252 1304
1289 1305
1152 1306
1291 1307
1306 1308
1188 1309
1273 1310
1297 1311
1064 1312
1291 1313
1281 1314
1114 1315
1072 1316
1307 1317
1264 1318
1083 1319
1262 1320
1290 1321
1086 1322
1230 1323
1274 1324
1131 1325
1235 1326
1277 1327
1247 1328
1319 1329
1178 1330
1320 1331
1249 1332
1225 1333
1308 1334
1295 1335
1318 1336
1202 1337
1302 1338
1215 1339
1303 1340
1269 1341
1314 1342
1222 1343
1292 1344
1171 1345
1236 1346
1286 1347
1339 1348
1238 1349
1323 1350
1233 1351
1349 1352
1240 1353
1313 1354
1294 1355
1304 1356
837 1357
1316 1358
1326 1359
1328 1360
1258 1361
1284 1362
1197 1363
1358 1364
1361 1365
1300 1366
1282 1367
1063 1368
1317 1369
1180 1370
1296 1371
1288 1372
1371 1373
1348 1374
1364 1375
1208 1376
1299 1377
1342 1378
1375 1379
925 1380
1293 1381
1248 1382
1341 1383
1366 1384
1253 1385
1301 1386
1363 1387
1100 1388
1246 1389
1315 1390
1330 1391
1377 1392
1214 1393
1232 1394
1324 1395
1364 1396
1353 1397
1290 1398
1362 1399
1280 1400
1276 1401
1160 1402
1357 1403
1394 1404
1265 1405
1388 1406
1196 1407
1298 1408
1399 1409
1217 1410
1173 1411
1278 1412
1224 1413
1355 1414
1332 1415
1409 1416
1336 1417
1338 1418
1337 1419
1367 1420
1060 1421
1405 1422
1309 1423
912 1424
1392 1425
1424 1426
1411 1427
1425 1428
1385 1429
1386 1430
1427 1431
1370 1432
1204 1433
1383 1434
1402 1435
1408 1436
1334 1437
1428 1438
1416 1439
1310 1440
1368 1441
1429 1442
1393 1443
1333 1444
1382 1445
1376 1446
1421 1447
1433 1448
1424 1449
1380 1450
1441 1451
1436 1452
1369 1453
1166 1454
1454 1455
1418 1456
1396 1457
1356 1458
1321 1459
1389 1460
1450 1461
1449 1462
1036 1463
1413 1464
868 1465
1050 1466
1378 1467
1373 1468
1438 1469
1469 1470
1322 1471
1432 1472
1259 1473
1460 1474
1384 1475
1456 1476
1398 1477
1371 1478
1440 1479
1468 1480
1456 1481
1256 1482
1378 1483
1213 1484
1472 1485
1343 1486
1464 1487
1327 1488
1486 1489
1446 1490
1447 1491
1272 1492
1465 1493
1463 1494
1344 1495
1473 1496
1491 1497
1417 1498
1466 1499
1403 1500
1470 1501
1444 1502
1478 1503
1422 1504
1354 1505
1285 1506
1502 1507
1128 1508
1501 1509
1381 1510
1436 1511
1508 1512
1451 1513
1305 1514
1223 1515
1488 1516
1504 1517
911 1518
1505 1519
1480 1520
1475 1521
1498 1522
1513 1523
1511 1524
1497 1525
1517 1526
1352 1527
1404 1528
1390 1529
1484 1530
1503 1531
1434 1532
1437 1533
1490 1534
1461 1535
1148 1536
1395 1537
1258 1538
1401 1539
1283 1540
1261 1541
1512 1542
1506 1543
1414 1544
1539 1545
1455 1546
1311 1547
1541 1548
1532 1549
1420 1550
1500 1551
1514 1552
1439 1553
1552 1554
1495 1555
1477 1556
1493 1557
1325 1558
1537 1559
1526 1560
1554 1561
1529 1562
1379 1563
1419 1564
1345 1565
1544 1566
1518 1567
1404 1568
1515 1569
1534 1570
1462 1571
1540 1572
1365 1573
1483 1574
1485 1575
1569 1576
1329 1577
1528 1578
1578 1579
1394 1580
1560 1581
1521 1582
1543 1583
1509 1584
1448 1585
1458 1586
1524 1587
1494 1588
1412 1589
1562 1590
1053 1591
1523 1592
1580 1593
1561 1594
1589 1595
1514 1596
1359 1597
1533 1598
1597 1599
1476 1600
1435 1601
1565 1602
1423 1603
1391 1604
1593 1605
1400 1606
1467 1607
1435 1608
1346 1609
1556 1610
1592 1611
1600 1612
1563 1613
1609 1614
1496 1615
1551 1616
1335 1617
1616 1618
1507 1619
1581 1620
1550 1621
1595 1622
1547 1623
1618 1624
1445 1625
1340 1626
1410 1627
1601 1628
1387 1629
1588 1630
1548 1631
1527 1632
1489 1633
1611 1634
1610 1635
1520 1636
1543 1637
1573 1638
1620 1639
1637 1640
1639 1641
1442 1642
1630 1643
1499 1644
1572 1645
1643 1646
1625 1647
1495 1648
1622 1649
1510 1650
1559 1651
1474 1652
1350 1653
1577 1654
1654 1655
1647 1656
1431 1657
1546 1658
1633 1659
1591 1660
1653 1661
1623 1662
1613 1663
1482 1664
1598 1665
1568 1666
1542 1667
1627 1668
1649 1669
1351 1670
1558 1671
1669 1672
1599 1673
1650 1674
1530 1675
1657 1676
1586 1677
1394 1678
1646 1679
1479 1680
1567 1681
1655 1682
1676 1683
1621 1684
1596 1685
1662 1686
1617 1687
1681 1688
1619 1689
1576 1690
1682 1691
1590 1692
1615 1693
1287 1694
1686 1695
1531 1696
1574 1697
1634 1698
1522 1699
1457 1700
1692 1701
1670 1702
1566 1703
1691 1704
1603 1705
1702 1706
1690 1707
1397 1708
1570 1709
1658 1710
1582 1711
1647 1712
1676 1713
1553 1714
1629 1715
1660 1716
1587 1717
1481 1718
1709 1719
1694 1720
1667 1721
1687 1722
1445 1723
1459 1724
1664 1725
1688 1726
1713 1727
1594 1728
1621 1729
1601 1730
1710 1731
1453 1732
1610 1733
1606 1734
1730 1735
1706 1736
1516 1737
1642 1738
1661 1739
1666 1740
1726 1741
1525 1742
1717 1743
1632 1744
1693 1745
1659 1746
1406 1747
1671 1748
1736 1749
1735 1750
1481 1751
1741 1752
1729 1753
1707 1754
1738 1755
1648 1756
1656 1757
1673 1758
1407 1759
1734 1760
1677 1761
1699 1762
1716 1763
1731 1764
1718 1765
1608 1766
1668 1767
1755 1768
1635 1769
1430 1770
1584 1771
1665 1772
1626 1773
1747 1774
1536 1775
1657 1776
1583 1777
1712 1778
1638 1779
1360 1780
1374 1781
1777 1782
1774 1783
1754 1784
1585 1785
1744 1786
1700 1787
1749 1788
1711 1789
1698 1790
1732 1791
1777 1792
1762 1793
1787 1794
1750 1795
1791 1796
1778 1797
1769 1798
1571 1799
1756 1800
1471 1801
1271 1802
1766 1803
1549 1804
1753 1805
1800 1806
1793 1807
1785 1808
1790 1809
1802 1810
1724 1811
1781 1812
1776 1813
1748 1814
1745 1815
1740 1816
1739 1817
1732 1818
1722 1819
1725 1820
1780 1821
1312 1822
1792 1823
1796 1824
1758 1825
1768 1826
1631 1827
1671 1828
1784 1829
1821 1830
1759 1831
1803 1832
1771 1833
1636 1834
1808 1835
1822 1836
1689 1837
1587 1838
1813 1839
1799 1840
1783 1841
1685 1842
1443 1843
1575 1844
1826 1845
1813 1846
1519 1847
1764 1848
1723 1849
1767 1850
1844 1851
1795 1852
1701 1853
1786 1854
1722 1855
1545 1856
1804 1857
1696 1858
1742 1859
1757 1860
1849 1861
1680 1862
1657 1863
1746 1864
1723 1865
1331 1866
1823 1867
1866 1868
1683 1869
1867 1870
1607 1871
1579 1872
1853 1873
1765 1874
1806 1875
1871 1876
1663 1877
1752 1878
1816 1879
1818 1880
1773 1881
1604 1882
1697 1883
1838 1884
1869 1885
1372 1886
1879 1887
1779 1888
1873 1889
1859 1890
1810 1891
1868 1892
1876 1893
1837 1894
1834 1895
1861 1896
1842 1897
1628 1898
1347 1899
1761 1900
1828 1901
1846 1902
1830 1903
1814 1904
1894 1905
1884 1906
1872 1907
1809 1908
1787 1909
1904 1910
1798 1911
1887 1912
1890 1913
1901 1914
1774 1915
1819 1916
1857 1917
1815 1918
1794 1919
1880 1920
1714 1921
1574 1922
1770 1923
1845 1924
1864 1925
1782 1926
1863 1927
1641 1928
1760 1929
1909 1930
1926 1931
1928 1932
1839 1933
1708 1934
1874 1935
1848 1936
1934 1937
1672 1938
1803 1939
1899 1940
1888 1941
1587 1942
1862 1943
1936 1944
1903 1945
1835 1946
1946 1947
1917 1948
1883 1949
1858 1950
1850 1951
1729 1952
1949 1953
1557 1954
1727 1955
1827 1956
1923 1957
1614 1958
1889 1959
1737 1960
1938 1961
1487 1962
1958 1963
1855 1964
1679 1965
1715 1966
1937 1967
1916 1968
1905 1969
1932 1970
1602 1971
1913 1972
1829 1973
1896 1974
1955 1975
1906 1976
1703 1977
1922 1978
1957 1979
1890 1980
1426 1981
1840 1982
1695 1983
1954 1984
1800 1985
1902 1986
1885 1987
1914 1988
1948 1989
1943 1990
1929 1991
1978 1992
1733 1993
1930 1994
1982 1995
1989 1996
1720 1997
1962 1998
1927 1999
1789 2000
1987 2001
1831 2002
1956 2003
1942 2004
1935 2005
1980 2006
1675 2007
1817 2008
1832 2009
2002 2010
1915 2011
1912 2012
1994 2013
1898 2014
1743 2015
1933 2016
1951 2017
1921 2018
1988 2019
2015 2020
2000 2021
2009 2022
1966 2023
1624 2024
1979 2025
1854 2026
2020 2027
2010 2028
1878 2029
1983 2030
1751 2031
1911 2032
1997 2033
1966 2034
1976 2035
1981 2036
2021 2037
2029 2038
1797 2039
1924 2040
1678 2041
2041 2042
1728 2043
1979 2044
1856 2045
1805 2046
1972 2047
2013 2048
1950 2049
2011 2050
1763 2051
1925 2052
1918 2053
1974 2054
1902 2055
2028 2056
2006 2057
1991 2058
1959 2059
1995 2060
1879 2061
2024 2062
1824 2063
1961 2064
2050 2065
1836 2066
1940 2067
1967 2068
2053 2069
2062 2070
2057 2071
2023 2072
1947 2073
1882 2074
1564 2075
1772 2076
1721 2077
1651 2078
1944 2079
2014 2080
2080 2081
1535 2082
1975 2083
1971 2084
2026 2085
1645 2086
1960 2087
1833 2088
1674 2089
2022 2090
1949 2091
1938 2092
2068 2093
2045 2094
2083 2095
2036 2096
1843 2097
1847 2098
2004 2099
2058 2100
2096 2101
1990 2102
2061 2103
1644 2104
2093 2105
1801 2106
1968 2107
1939 2108
2098 2109
1891 2110
2012 2111
2092 2112
1952 2113
2095 2114
2090 2115
2073 2116
1860 2117
1705 2118
2101 2119
2059 2120
2087 2121
2089 2122
1881 2123
2100 2124
2115 2125
2099 2126
1875 2127
1965 2128
1775 2129
2118 2130
2129 2131
1977 2132
1870 2133
1892 2134
2030 2135
2055 2136
2131 2137
1652 2138
1897 2139
1452 2140
2140 2141
2136 2142
2114 2143
2120 2144
1640 2145
1907 2146
2141 2147
2147 2148
2081 2149
2072 2150
2149 2151
2119 2152
2066 2153
2143 2154
2043 2155
2124 2156
2130 2157
1812 2158
1920 2159
1788 2160
2027 2161
2094 2162
1886 2163
2110 2164
2077 2165
2017 2166
2032 2167
1986 2168
2038 2169
1945 2170
2001 2171
2082 2172
2145 2173
2091 2174
2138 2175
1709 2176
1949 2177
2162 2178
2097 2179
2151 2180
2159 2181
2078 2182
1820 2183
2182 2184
1992 2185
2163 2186
1969 2187
2025 2188
2076 2189
2033 2190
1984 2191
1996 2192
1941 2193
2134 2194
2158 2195
2122 2196
2181 2197
1993 2198
2184 2199
2191 2200
2190 2201
1988 2202
2051 2203
2040 2204
2007 2205
2106 2206
2196 2207
1509 2208
1970 2209
2155 2210
2154 2211
2178 2212
2048 2213
1538 2214
2202 2215
2109 2216
2112 2217
2155 2218
1892 2219
2111 2220
2192 2221
2126 2222
2044 2223
2128 2224
2156 2225
1851 2226
2211 2227
2142 2228
2005 2229
2039 2230
2187 2231
1852 2232
2153 2233
2209 2234
2214 2235
2008 2236
2146 2237
2056 2238
1964 2239
2200 2240
2157 2241
2176 2242
2199 2243
1941 2244
2205 2245
2135 2246
2233 2247
2175 2248
2074 2249
2248 2250
2133 2251
2193 2252
2016 2253
1980 2254
2123 2255
2243 2256
2132 2257
2060 2258
2240 2259
2059 2260
2019 2261
2179 2262
2034 2263
2035 2264
2256 2265
2207 2266
2088 2267
2086 2268
2221 2269
2049 2270
2224 2271
1415 2272
2242 2273
2232 2274
1789 2275
2239 2276
2144 2277
2003 2278
2213 2279
2216 2280
2195 2281
2161 2282
2180 2283
2261 2284
2189 2285
2271 2286
2246 2287
2268 2288
2286 2289
2252 2290
2194 2291
1762 2292
2270 2293
2152 2294
2121 2295
2237 2296
2197 2297
2295 2298
2247 2299
2299 2300
2284 2301
1999 2302
2220 2303
2297 2304
2171 2305
2236 2306
2245 2307
2292 2308
2054 2309
2214 2310
2165 2311
2218 2312
2269 2313
2169 2314
2249 2315
2238 2316
2069 2317
2308 2318
2264 2319
2195 2320
2137 2321
2298 2322
2260 2323
2263 2324
2162 2325
2281 2326
2322 2327
2267 2328
2282 2329
2172 2330
2084 2331
2301 2332
2212 2333
2303 2334
2319 2335
2328 2336
2311 2337
2336 2338
2164 2339
2325 2340
2306 2341
2253 2342
2160 2343
2046 2344
2219 2345
2244 2346
1811 2347
2340 2348
2288 2349
2204 2350
2125 2351
2214 2352
2300 2353
1895 2354
2280 2355
2250 2356
2064 2357
1865 2358
1877 2359
2355 2360
2037 2361
2133 2362
2310 2363
2351 2364
2108 2365
2258 2366
2348 2367
2223 2368
2188 2369
2228 2370
2313 2371
2171 2372
1841 2373
2283 2374
2334 2375
1612 2376
2362 2377
2355 2378
2283 2379
2305 2380
1998 2381
2226 2382
2113 2383
1893 2384
2337 2385
2360 2386
2370 2387
2338 2388
2315 2389
2307 2390
2296 2391
2345 2392
2170 2393
2316 2394
2341 2395
2127 2396
1825 2397
2393 2398
1919 2399
2302 2400
2203 2401
2375 2402
2349 2403
2257 2404
2215 2405
1953 2406
2166 2407
2206 2408
2354 2409
2358 2410
2237 2411
2042 2412
2231 2413
2344 2414
2277 2415
2389 2416
2272 2417
2183 2418
2332 2419
2317 2420
2075 2421
2145 2422
1973 2423
2381 2424
2342 2425
2424 2426
2387 2427
2177 2428
1492 2429
2063 2430
2150 2431
2289 2432
2254 2433
2350 2434
2364 2435
2372 2436
2045 2437
2391 2438
2090 2439
2287 2440
2331 2441
1931 2442
2309 2443
2174 2444
2314 2445
2425 2446
2397 2447
2276 2448
2266 2449
2225 2450
1900 2451
2394 2452
2312 2453
2333 2454
1910 2455
2379 2456
2418 2457
2085 2458
2297 2459
2386 2460
1985 2461
2228 2462
2206 2463
2433 2464
1605 2465
2368 2466
2419 2467
2467 2468
2052 2469
2435 2470
2429 2471
2452 2472
2447 2473
2415 2474
2455 2475
2104 2476
2401 2477
2201 2478
2421 2479
2278 2480
2473 2481
2406 2482
2374 2483
2423 2484
2363 2485
2294 2486
2424 2487
2396 2488
2290 2489
2065 2490
2364 2491
2453 2492
2456 2493
2487 2494
2482 2495
2229 2496
2488 2497
2405 2498
2491 2499
2448 2500
2494 2501
2440 2502
2498 2503
2425 2504
2103 2505
2293 2506
2499 2507
2034 2508
2167 2509
2432 2510
2459 2511
2234 2512
2463 2513
2371 2514
2511 2515
2385 2516
2428 2517
2139 2518
2070 2519
2327 2520
2416 2521
2508 2522
2462 2523
2291 2524
2469 2525
2430 2526
2320 2527
2481 2528
2478 2529
1719 2530
1681 2531
2481 2532
2210 2533
2241 2534
2198 2535
2392 2536
1997 2537
2378 2538
2367 2539
2454 2540
2480 2541
2512 2542
2410 2543
2471 2544
2475 2545
1972 2546
2265 2547
2513 2548
1908 2549
2395 2550
2544 2551
2403 2552
2399 2553
2067 2554
2492 2555
2400 2556
2407 2557
2227 2558
2524 2559
2384 2560
2442 2561
2540 2562
2520 2563
2116 2564
2018 2565
2522 2566
2402 2567
2481 2568
2562 2569
2438 2570
2441 2571
2486 2572
2185 2573
2566 2574
2246 2575
2496 2576
2330 2577
2541 2578
1963 2579
2572 2580
2573 2581
2565 2582
2515 2583
2505 2584
2552 2585
2502 2586
2553 2587
2580 2588
2148 2589
2561 2590
2445 2591
2217 2592
2571 2593
2468 2594
2357 2595
2570 2596
2335 2597
1684 2598
2304 2599
2420 2600
2513 2601
2579 2602
2497 2603
2542 2604
2594 2605
2568 2606
2249 2607
2576 2608
2589 2609
2457 2610
2437 2611
2466 2612
2414 2613
2485 2614
2609 2615
2593 2616
2376 2617
2601 2618
2079 2619
2470 2620
2483 2621
2551 2622
2539 2623
2249 2624
2614 2625
2598 2626
2454 2627
2617 2628
2347 2629
2528 2630
2377 2631
2506 2632
2388 2633
2417 2634
2333 2635
2458 2636
2548 2637
2616 2638
2434 2639
2603 2640
2365 2641
2556 2642
2622 2643
2606 2644
2563 2645
2637 2646
2640 2647
2586 2648
2628 2649
2577 2650
2557 2651
2230 2652
2472 2653
2105 2654
2476 2655
2235 2656
2532 2657
2510 2658
2533 2659
2607 2660
2423 2661
2634 2662
2581 2663
2538 2664
2554 2665
2649 2666
2460 2667
2427 2668
2621 2669
2577 2670
2326 2671
2604 2672
2222 2673
2366 2674
2534 2675
2670 2676
2208 2677
2353 2678
2665 2679
2477 2680
2537 2681
2611 2682
2168 2683
2464 2684
2251 2685
2678 2686
2638 2687
2431 2688
2634 2689
2422 2690
2255 2691
2047 2692
2658 2693
2667 2694
1555 2695
2530 2696
2653 2697
2449 2698
2604 2699
2664 2700
2420 2701
2636 2702
2644 2703
2671 2704
2608 2705
2413 2706
2695 2707
2672 2708
2549 2709
2352 2710
2547 2711
2501 2712
2685 2713
2684 2714
2714 2715
2586 2716
2546 2717
2569 2718
2548 2719
2680 2720
2682 2721
2543 2722
2321 2723
2697 2724
2719 2725
2666 2726
2445 2727
2642 2728
2612 2729
2627 2730
2279 2731
2408 2732
2699 2733
2724 2734
2669 2735
2380 2736
1957 2737
2558 2738
2641 2739
2625 2740
2725 2741
2369 2742
2605 2743
2578 2744
2650 2745
2745 2746
2596 2747
2411 2748
2674 2749
2550 2750
2648 2751
2592 2752
2729 2753
2375 2754
2632 2755
2438 2756
2595 2757
2716 2758
2324 2759
2329 2760
2285 2761
2359 2762
2516 2763
2679 2764
2507 2765
2758 2766
2275 2767
2688 2768
2527 2769
2731 2770
2707 2771
2766 2772
2709 2773
2567 2774
2373 2775
2526 2776
2465 2777
2750 2778
2756 2779
2763 2780
1807 2781
2639 2782
2691 2783
2444 2784
2704 2785
2510 2786
2710 2787
2781 2788
2766 2789
2663 2790
2203 2791
2759 2792
2564 2793
2774 2794
2173 2795
2660 2796
2787 2797
2031 2798
2702 2799
2651 2800
2645 2801
2555 2802
2646 2803
2071 2804
2798 2805
2661 2806
2802 2807
2804 2808
2003 2809
2662 2810
2753 2811
2718 2812
2721 2813
2757 2814
2479 2815
2484 2816
2451 2817
2775 2818
2817 2819
2574 2820
2598 2821
2635 2822
2454 2823
2698 2824
2767 2825
2346 2826
2809 2827
2629 2828
2727 2829
2692 2830
2690 2831
2718 2832
2712 2833
2744 2834
2677 2835
2705 2836
2656 2837
2812 2838
2610 2839
2742 2840
2839 2841
2446 2842
2784 2843
2816 2844
2503 2845
2768 2846
2820 2847
2842 2848
2461 2849
2398 2850
2752 2851
2797 2852
2728 2853
2770 2854
2769 2855
2820 2856
2495 2857
2853 2858
2776 2859
2847 2860
2489 2861
2624 2862
2333 2863
2852 2864
2825 2865
2711 2866
2587 2867
2678 2868
2536 2869
2436 2870
2747 2871
2339 2872
2404 2873
2788 2874
2832 2875
2390 2876
2815 2877
2856 2878
2659 2879
2583 2880
2600 2881
2615 2882
2531 2883
2735 2884
2575 2885
2831 2886
2657 2887
2822 2888
2630 2889
2755 2890
2827 2891
2890 2892
2801 2893
2318 2894
2613 2895
2686 2896
2791 2897
2509 2898
2780 2899
2751 2900
2823 2901
2863 2902
2708 2903
2898 2904
2860 2905
2877 2906
2722 2907
2859 2908
2850 2909
2738 2910
2835 2911
2907 2912
2772 2913
2875 2914
2796 2915
2868 2916
2518 2917
2896 2918
2799 2919
2846 2920
2838 2921
2777 2922
2602 2923
2821 2924
2807 2925
2588 2926
2874 2927
2343 2928
2590 2929
2474 2930
2715 2931
2668 2932
2814 2933
2726 2934
2906 2935
2858 2936
2626 2937
2620 2938
2853 2939
2938 2940
2937 2941
2921 2942
2559 2943
2811 2944
2902 2945
2901 2946
2931 2947
2891 2948
2929 2949
2911 2950
2841 2951
2836 2952
2837 2953
2771 2954
2739 2955
2734 2956
2514 2957
2831 2958
2493 2959
2693 2960
2895 2961
2869 2962
2822 2963
2961 2964
2866 2965
2872 2966
2754 2967
2631 2968
2944 2969
2968 2970
2940 2971
2908 2972
2652 2973
2890 2974
2920 2975
2717 2976
2919 2977
2939 2978
2969 2979
2193 2980
2914 2981
2808 2982
2748 2983
2844 2984
2903 2985
2838 2986
2732 2987
2904 2988
2904 2989
2845 2990
2844 2991
2778 2992
2745 2993
2733 2994
2102 2995
2926 2996
2785 2997
2765 2998
2909 2999
2949 3000
2963 3001
2892 3002
2831 3003
2529 3004
2584 3005
2469 3006
2794 3007
2880 3008
2965 3009
2713 3010
2826 3011
2946 3012
2974 3013
2851 3014
2982 3015
2500 3016
3014 3017
2893 3018
2922 3019
2560 3020
2740 3021
2535 3022
2948 3023
2933 3024
2830 3025
2840 3026
3001 3027
2899 3028
2993 3029
2999 3030
2978 3031
2950 3032
2972 3033
2908 3034
2989 3035
2994 3036
2701 3037
3008 3038
2843 3039
2855 3040
2720 3041
3007 3042
2954 3043
3020 3044
2905 3045
2897 3046
2152 3047
2829 3048
3004 3049
2987 3050
2945 3051
2998 3052
2803 3053
2577 3054
2964 3055
2186 3056
2654 3057
2867 3058
3033 3059
2824 3060
3043 3061
2948 3062
2952 3063
3060 3064
3010 3065
2957 3066
2842 3067
3030 3068
3047 3069
2525 3070
2927 3071
2700 3072
2870 3073
2951 3074
3057 3075
3006 3076
3058 3077
2923 3078
2779 3079
3037 3080
2382 3081
3077 3082
2786 3083
2818 3084
2971 3085
3025 3086
3080 3087
3055 3088
2789 3089
3005 3090
3070 3091
3072 3092
2730 3093
2383 3094
2582 3095
2361 3096
3041 3097
2984 3098
3049 3099
2743 3100
2980 3101
3098 3102
2930 3103
1704 3104
3051 3105
3068 3106
2899 3107
2273 3108
2585 3109
2918 3110
2967 3111
2854 3112
2973 3113
3073 3114
2975 3115
2979 3116
2884 3117
3085 3118
3031 3119
2519 3120
2619 3121
2737 3122
3027 3123
3029 3124
2323 3125
2683 3126
3054 3127
2819 3128
3063 3129
2981 3130
3108 3131
2956 3132
3106 3133
3117 3134
2910 3135
3094 3136
2934 3137
2706 3138
3116 3139
2761 3140
2849 3141
3121 3142
3002 3143
2749 3144
3026 3145
2931 3146
2900 3147
3124 3148
3100 3149
3137 3150
2883 3151
3009 3152
3151 3153
2942 3154
3015 3155
3028 3156
2409 3157
2862 3158
2446 3159
3052 3160
2966 3161
3035 3162
2591 3163
3092 3164
3113 3165
3145 3166
2687 3167
2762 3168
2107 3169
3000 3170
2947 3171
3093 3172
3126 3173
2912 3174
2925 3175
2874 3176
3034 3177
3114 3178
2983 3179
2881 3180
3013 3181
2545 3182
3012 3183
3048 3184
3180 3185
3123 3186
2500 3187
2521 3188
3174 3189
3019 3190
2781 3191
2723 3192
2970 3193
3154 3194
3065 3195
2941 3196
3185 3197
3155 3198
2958 3199
2834 3200
3178 3201
3022 3202
3147 3203
3182 3204
3164 3205
2791 3206
2943 3207
3196 3208
3207 3209
3042 3210
2806 3211
3016 3212
3195 3213
3206 3214
3211 3215
3074 3216
3101 3217
3176 3218
2969 3219
2928 3220
3130 3221
2795 3222
2259 3223
3096 3224
3036 3225
3213 3226
3076 3227
3208 3228
3162 3229
3088 3230
2274 3231
2689 3232
2915 3233
2919 3234
2955 3235
3171 3236
2871 3237
3141 3238
3227 3239
2947 3240
3148 3241
2746 3242
2676 3243
3104 3244
2426 3245
2810 3246
2995 3247
2996 3248
3224 3249
3044 3250
3045 3251
3191 3252
2599 3253
2490 3254
3205 3255
3228 3256
3197 3257
3222 3258
3084 3259
3099 3260
3217 3261
3144 3262
3262 3263
3061 3264
3183 3265
3149 3266
3255 3267
3173 3268
3212 3269
3187 3270
3087 3271
2443 3272
3024 3273
2879 3274
2888 3275
2973 3276
2988 3277
2857 3278
2977 3279
3266 3280
2861 3281
3257 3282
2643 3283
2673 3284
2962 3285
3249 3286
3229 3287
3112 3288
3091 3289
3076 3290
3285 3291
3128 3292
3107 3293
2285 3294
2764 3295
2878 3296
3139 3297
3218 3298
3115 3299
3293 3300
3238 3301
2356 3302
2828 3303
2953 3304
3081 3305
2412 3306
3192 3307
3067 3308
3254 3309
3300 3310
3089 3311
3111 3312
3260 3313
3240 3314
3066 3315
3062 3316
3277 3317
2504 3318
2790 3319
3038 3320
3179 3321
3232 3322
3272 3323
3053 3324
3297 3325
3234 3326
3325 3327
3125 3328
3119 3329
3273 3330
3247 3331
2985 3332
3050 3333
3027 3334
3215 3335
2681 3336
3018 3337
3280 3338
2991 3339
3243 3340
3261 3341
2882 3342
3169 3343
2950 3344
3304 3345
3291 3346
3324 3347
3184 3348
2783 3349
3274 3350
3090 3351
3285 3352
3309 3353
3226 3354
3336 3355
3341 3356
3252 3357
3289 3358
2760 3359
3220 3360
3023 3361
3268 3362
3271 3363
3186 3364
3340 3365
3136 3366
3295 3367
3311 3368
3105 3369
2864 3370
3365 3371
3172 3372
3352 3373
3097 3374
2618 3375
3214 3376
3342 3377
3337 3378
3370 3379
2959 3380
2932 3381
3302 3382
3381 3383
2874 3384
3256 3385
3264 3386
3371 3387
3344 3388
2439 3389
3328 3390
2992 3391
3374 3392
2736 3393
3301 3394
3355 3395
3112 3396
3326 3397
3138 3398
3265 3399
3367 3400
2873 3401
3364 3402
2849 3403
3345 3404
3239 3405
3299 3406
3021 3407
3395 3408
3267 3409
3334 3410
3366 3411
2897 3412
3278 3413
3201 3414
3161 3415
3177 3416
3171 3417
3350 3418
3387 3419
3215 3420
2800 3421
3330 3422
3086 3423
3347 3424
3310 3425
3404 3426
3417 3427
3318 3428
3143 3429
3160 3430
3135 3431
3241 3432
2675 3433
3372 3434
3407 3435
3134 3436
2994 3437
3412 3438
3194 3439
3129 3440
2876 3441
3385 3442
3071 3443
3363 3444
3258 3445
3421 3446
2805 3447
3167 3448
3242 3449
3392 3450
3331 3451
2934 3452
3353 3453
3110 3454
3399 3455
3136 3456
3397 3457
3451 3458
3175 3459
3198 3460
3441 3461
2936 3462
3327 3463
2917 3464
3203 3465
3333 3466
3083 3467
3332 3468
3158 3469
3461 3470
3209 3471
3067 3472
3350 3473
3378 3474
3433 3475
3388 3476
3169 3477
3446 3478
3360 3479
3118 3480
3165 3481
3233 3482
3383 3483
3102 3484
2792 3485
2262 3486
3438 3487
3202 3488
3237 3489
3159 3490
3435 3491
3320 3492
3408 3493
3339 3494
3436 3495
3418 3496
2982 3497
2920 3498
3403 3499
3447 3500
3410 3501
2885 3502
3377 3503
3493 3504
3491 3505
3481 3506
3485 3507
3219 3508
3204 3509
3501 3510
3430 3511
3250 3512
3463 3513
3498 3514
3417 3515
2883 3516
3199 3517
3494 3518
3503 3519
2947 3520
3449 3521
3500 3522
3361 3523
3466 3524
3253 3525
3292 3526
2948 3527
3410 3528
3474 3529
3455 3530
2587 3531
2814 3532
3434 3533
3510 3534
3521 3535
3444 3536
3039 3537
3488 3538
3163 3539
3432 3540
3476 3541
3142 3542
3316 3543
2935 3544
3491 3545
3420 3546
3440 3547
3427 3548
3384 3549
3269 3550
3189 3551
3459 3552
2633 3553
3153 3554
3443 3555
3516 3556
3419 3557
2623 3558
3312 3559
3491 3560
3502 3561
3471 3562
3468 3563
3554 3564
3221 3565
3373 3566
3315 3567
3131 3568
2986 3569
3538 3570
3514 3571
2658 3572
3398 3573
3456 3574
3439 3575
3283 3576
3525 3577
2681 3578
3569 3579
3514 3580
3032 3581
2860 3582
3230 3583
3541 3584
3486 3585
2782 3586
3308 3587
3414 3588
3156 3589
3588 3590
3517 3591
2916 3592
3566 3593
3343 3594
3132 3595
3528 3596
3329 3597
2960 3598
3248 3599
3550 3600
3276 3601
3489 3602
2696 3603
3596 3604
3567 3605
3548 3606
3188 3607
3059 3608
3507 3609
3508 3610
3123 3611
3559 3612
3351 3613
3553 3614
3535 3615
3580 3616
3504 3617
3536 3618
3282 3619
3608 3620
3251 3621
3618 3622
3479 3623
3079 3624
3465 3625
3393 3626
3497 3627
3532 3628
3331 3629
3382 3630
3376 3631
3082 3632
3545 3633
3452 3634
3396 3635
3329 3636
2924 3637
3011 3638
3563 3639
3478 3640
3150 3641
3477 3642
2976 3643
3064 3644
3244 3645
3368 3646
3282 3647
3416 3648
3570 3649
3512 3650
2655 3651
3560 3652
3624 3653
3152 3654
3614 3655
3557 3656
3539 3657
3619 3658
3571 3659
3467 3660
3656 3661
3552 3662
3556 3663
3627 3664
3649 3665
3519 3666
3464 3667
3597 3668
3604 3669
3616 3670
3654 3671
3664 3672
3594 3673
3413 3674
3170 3675
3280 3676
3648 3677
3291 3678
3518 3679
3623 3680
3454 3681
3422 3682
3617 3683
3390 3684
3425 3685
3662 3686
3520 3687
3400 3688
3595 3689
3017 3690
3583 3691
3626 3692
3475 3693
3411 3694
3561 3695
3246 3696
3683 3697
3646 3698
3365 3699
3579 3700
3298 3701
2887 3702
3578 3703
3305 3704
3349 3705
3415 3706
3682 3707
3470 3708
3313 3709
3533 3710
3687 3711
2865 3712
3567 3713
3663 3714
3472 3715
3513 3716
3631 3717
2773 3718
3670 3719
3647 3720
3288 3721
3225 3722
3653 3723
3668 3724
3428 3725
3359 3726
3303 3727
3673 3728
3639 3729
3294 3730
3677 3731
3665 3732
3690 3733
3369 3734
3581 3735
3708 3736
3495 3737
3056 3738
3606 3739
3733 3740
3558 3741
3551 3742
3386 3743
3667 3744
3610 3745
3622 3746
3713 3747
3641 3748
3542 3749
3574 3750
3736 3751
3746 3752
3679 3753
3688 3754
3638 3755
3473 3756
3696 3757
3287 3758
3658 3759
3233 3760
3711 3761
3651 3762
3652 3763
3591 3764
3572 3765
3726 3766
3448 3767
3440 3768
3402 3769
3743 3770
3598 3771
3709 3772
3754 3773
2703 3774
3286 3775
3655 3776
3636 3777
3629 3778
3102 3779
3755 3780
3605 3781
2647 3782
2793 3783
3691 3784
3689 3785
3725 3786
3737 3787
3375 3788
3245 3789
3321 3790
3088 3791
3429 3792
3723 3793
3547 3794
3675 3795
3573 3796
3469 3797
3684 3798
3613 3799
3235 3800
3223 3801
3705 3802
3496 3803
3577 3804
3316 3805
3317 3806
3584 3807
3728 3808
3611 3809
3405 3810
3458 3811
3753 3812
3427 3813
3704 3814
3782 3815
3306 3816
3777 3817
3603 3818
3593 3819
3640 3820
3169 3821
3680 3822
3780 3823
3808 3824
3783 3825
3772 3826
3747 3827
3740 3828
3742 3829
3483 3830
3757 3831
2575 3832
3751 3833
3700 3834
3401 3835
3834 3836
3745 3837
3075 3838
3468 3839
2450 3840
3612 3841
3671 3842
3607 3843
2894 3844
2997 3845
3763 3846
3800 3847
3844 3848
3761 3849
3758 3850
3716 3851
3718 3852
3724 3853
3487 3854
3621 3855
3046 3856
3669 3857
3849 3858
3146 3859
3651 3860
3391 3861
3788 3862
3860 3863
3615 3864
3588 3865
3482 3866
3842 3867
3851 3868
3735 3869
3690 3870
3674 3871
3543 3872
3846 3873
3431 3874
3697 3875
3811 3876
3181 3877
3322 3878
3122 3879
3798 3880
3637 3881
3426 3882
3529 3883
3707 3884
3799 3885
3529 3886
3672 3887
3871 3888
3823 3889
3717 3890
3833 3891
3778 3892
3886 3893
3796 3894
2913 3895
3848 3896
3490 3897
3692 3898
3460 3899
3889 3900
3319 3901
3719 3902
3879 3903
3827 3904
3834 3905
3874 3906
3406 3907
3348 3908
3109 3909
3826 3910
3168 3911
3685 3912
3523 3913
3836 3914
2848 3915
3389 3916
3867 3917
3857 3918
2597 3919
3540 3920
3892 3921
3909 3922
3505 3923
3877 3924
3590 3925
3750 3926
3873 3927
3732 3928
3630 3929
3916 3930
3590 3931
3069 3932
3741 3933
3820 3934
3768 3935
3492 3936
3727 3937
3857 3938
3534 3939
3862 3940
3729 3941
3882 3942
3423 3943
3824 3944
3840 3945
3760 3946
2833 3947
2117 3948
3797 3949
3912 3950
3868 3951
3806 3952
3445 3953
3642 3954
3789 3955
3699 3956
3842 3957
3817 3958
3546 3959
3926 3960
3715 3961
3537 3962
3810 3963
3847 3964
3767 3965
3515 3966
2366 3967
3773 3968
3450 3969
3695 3970
3499 3971
3607 3972
3832 3973
3544 3974
3564 3975
2741 3976
3721 3977
3902 3978
3901 3979
3960 3980
3974 3981
3969 3982
3821 3983
3982 3984
3200 3985
3943 3986
3698 3987
3602 3988
3819 3989
3354 3990
3791 3991
3822 3992
3314 3993
3666 3994
3888 3995
3323 3996
3961 3997
3970 3998
3858 3999
3936 4000
3661 4001
3786 4002
3540 4003
3941 4004
3904 4005
3869 4006
3766 4007
3850 4008
3749 4009
3911 4010
3166 4011
3511 4012
3894 4013
3634 4014
3934 4015
3932 4016
3971 4017
4003 4018
3454 4019
3900 4020
3875 4021
3307 4022
3843 4023
3554 4024
3959 4025
3998 4026
3620 4027
4022 4028
3989 4029
3935 4030
3804 4031
3816 4032
3825 4033
3896 4034
3898 4035
3775 4036
3841 4037
3884 4038
3678 4039
3972 4040
3883 4041
3925 4042
3335 4043
3765 4044
3686 4045
3971 4046
3854 4047
4004 4048
3040 4049
3592 4050
3907 4051
3805 4052
4027 4053
4021 4054
4043 4055
3522 4056
3659 4057
3942 4058
2813 4059
3938 4060
3693 4061
3994 4062
4027 4063
3582 4064
4064 4065
3991 4066
3738 4067
3959 4068
3270 4069
3999 4070
3822 4071
3944 4072
4000 4073
3951 4074
4020 4075
4035 4076
3835 4077
3948 4078
3776 4079
3103 4080
3985 4081
3923 4082
3920 4083
3568 4084
2523 4085
3371 4086
4077 4087
4054 4088
3980 4089
4015 4090
3978 4091
3919 4092
4062 4093
4071 4094
3784 4095
3807 4096
3814 4097
4079 4098
4074 4099
4059 4100
3898 4101
4093 4102
3676 4103
3928 4104
3897 4105
4078 4106
3981 4107
3950 4108
3744 4109
4046 4110
4070 4111
3748 4112
4098 4113
3657 4114
3730 4115
3910 4116
3632 4117
3990 4118
4040 4119
4029 4120
3914 4121
4067 4122
4105 4123
4106 4124
4091 4125
4118 4126
3284 4127
3764 4128
3831 4129
3279 4130
4045 4131
4082 4132
3983 4133
3852 4134
3786 4135
4119 4136
3643 4137
3991 4138
4043 4139
3818 4140
4030 4141
3872 4142
3078 4143
2948 4144
4016 4145
3517 4146
3962 4147
4002 4148
3929 4149
3380 4150
3565 4151
3956 4152
4114 4153
4053 4154
3601 4155
4021 4156
4089 4157
4128 4158
3870 4159
3850 4160
3866 4161
3825 4162
3814 4163
3921 4164
4041 4165
3609 4166
4086 4167
3931 4168
4129 4169
3865 4170
4165 4171
4031 4172
4167 4173
4092 4174
4012 4175
4138 4176
4135 4177
3379 4178
4172 4179
3555 4180
3530 4181
3539 4182
3694 4183
3437 4184
4174 4185
3975 4186
3589 4187
3759 4188
3667 4189
3801 4190
4053 4191
4080 4192
3394 4193
3356 4194
4164 4195
3795 4196
3859 4197
4061 4198
4017 4199
3973 4200
4115 4201
4137 4202
4198 4203
4190 4204
4067 4205
3867 4206
3937 4207
4183 4208
4107 4209
3966 4210
4000 4211
3957 4212
4103 4213
4096 4214
3802 4215
3706 4216
3193 4217
4048 4218
3625 4219
4168 4220
3362 4221
3660 4222
3797 4223
3809 4224
2990 4225
3830 4226
3940 4227
3815 4228
3681 4229
4159 4230
4122 4231
4148 4232
4013 4233
4144 4234
4076 4235
3927 4236
3878 4237
4226 4238
4056 4239
3338 4240
4104 4241
4194 4242
3650 4243
4230 4244
4220 4245
4068 4246
4223 4247
4160 4248
3693 4249
4123 4250
4076 4251
4247 4252
3838 4253
4024 4254
4014 4255
4142 4256
4096 4257
4243 4258
3701 4259
3770 4260
4236 4261
3855 4262
3549 4263
3585 4264
4112 4265
4166 4266
4147 4267
4117 4268
3769 4269
3928 4270
4182 4271
4268 4272
4195 4273
4007 4274
3803 4275
4163 4276
3991 4277
4025 4278
2517 4279
4116 4280
4047 4281
3952 4282
3527 4283
3952 4284
3628 4285
3003 4286
4274 4287
4263 4288
4100 4289
3988 4290
4102 4291
4066 4292
3781 4293
4241 4294
4151 4295
4001 4296
4255 4297
4170 4298
3837 4299
4162 4300
4097 4301
4235 4302
4281 4303
3853 4304
3636 4305
3918 4306
3491 4307
4026 4308
4266 4309
4155 4310
3633 4311
3858 4312
4049 4313
4011 4314
3489 4315
4218 4316
4293 4317
4030 4318
4312 4319
3905 4320
3793 4321
4153 4322
3906 4323
3424 4324
3236 4325
3983 4326
4200 4327
4145 4328
4109 4329
4321 4330
4309 4331
4273 4332
4327 4333
3876 4334
3845 4335
4217 4336
4288 4337
3856 4338
4111 4339
4073 4340
3703 4341
4305 4342
4072 4343
4125 4344
3882 4345
3346 4346
4008 4347
3263 4348
4179 4349
3625 4350
4197 4351
2886 4352
4039 4353
4141 4354
4140 4355
4307 4356
4284 4357
4224 4358
3127 4359
3968 4360
4133 4361
3861 4362
4360 4363
3946 4364
3987 4365
3157 4366
4244 4367
4205 4368
4297 4369
4189 4370
3005 4371
3275 4372
3963 4373
4099 4374
4201 4375
4043 4376
4042 4377
4101 4378
3977 4379
4374 4380
3779 4381
4339 4382
4052 4383
4347 4384
4332 4385
4291 4386
3997 4387
4253 4388
4295 4389
4289 4390
4301 4391
4365 4392
3524 4393
3849 4394
4018 4395
4392 4396
4132 4397
3457 4398
4337 4399
4382 4400
4319 4401
4344 4402
3734 4403
4385 4404
4356 4405
4368 4406
4095 4407
4110 4408
4362 4409
4231 4410
4325 4411
4191 4412
4248 4413
3979 4414
3858 4415
3863 4416
3296 4417
4009 4418
4270 4419
4038 4420
4249 4421
3587 4422
4258 4423
4325 4424
4108 4425
4259 4426
4366 4427
4124 4428
4144 4429
3947 4430
4343 4431
4254 4432
4203 4433
4380 4434
4286 4435
4396 4436
3922 4437
4363 4438
4264 4439
4058 4440
3939 4441
4179 4442
3575 4443
3702 4444
4131 4445
4275 4446
4373 4447
4019 4448
4213 4449
4339 4450
4408 4451
4276 4452
4428 4453
3995 4454
4051 4455
3290 4456
3885 4457
3731 4458
4208 4459
4340 4460
3480 4461
4169 4462
4352 4463
4234 4464
3992 4465
3881 4466
4121 4467
4304 4468
4069 4469
4468 4470
4410 4471
4368 4472
4400 4473
3133 4474
3794 4475
3996 4476
4146 4477
4325 4478
4152 4479
4466 4480
4180 4481
4417 4482
4044 4483
4271 4484
2889 4485
4448 4486
4461 4487
3917 4488
4204 4489
4469 4490
4248 4491
4430 4492
4257 4493
4245 4494
4087 4495
4196 4496
4438 4497
4433 4498
4211 4499
4341 4500
4477 4501
4334 4502
4178 4503
4449 4504
4437 4505
4501 4506
4354 4507
3953 4508
4388 4509
3505 4510
4316 4511
4498 4512
4447 4513
4413 4514
3965 4515
4280 4516
4216 4517
4149 4518
4403 4519
4094 4520
4480 4521
4150 4522
4470 4523
3562 4524
4483 4525
4127 4526
3586 4527
4278 4528
4499 4529
4379 4530
3710 4531
3829 4532
4336 4533
4279 4534
4355 4535
4188 4536
4532 4537
4411 4538
3281 4539
4538 4540
4496 4541
4331 4542
4033 4543
4451 4544
3933 4545
4458 4546
4530 4547
4157 4548
4401 4549
4377 4550
4444 4551
4493 4552
4314 4553
4529 4554
3599 4555
3908 4556
4489 4557
4465 4558
4457 4559
4503 4560
4351 4561
4198 4562
3923 4563
4261 4564
3774 4565
4520 4566
4540 4567
4414 4568
4476 4569
3800 4570
4318 4571
4231 4572
4545 4573
4173 4574
4209 4575
4330 4576
4240 4577
4290 4578
4489 4579
4548 4580
3913 4581
3767 4582
4581 4583
3785 4584
4559 4585
4574 4586
4205 4587
4500 4588
4228 4589
4445 4590
4557 4591
4391 4592
4542 4593
4508 4594
4229 4595
3210 4596
4158 4597
4328 4598
4593 4599
4494 4600
4566 4601
4267 4602
4488 4603
4412 4604
4513 4605
4572 4606
4544 4607
4120 4608
3899 4609
3140 4610
4526 4611
4325 4612
4547 4613
4225 4614
4486 4615
4480 4616
3473 4617
4232 4618
4587 4619
4584 4620
3813 4621
4592 4622
4549 4623
4238 4624
4005 4625
4156 4626
4272 4627
4450 4628
3887 4629
3924 4630
3967 4631
4283 4632
4320 4633
4504 4634
3506 4635
4627 4636
4434 4637
4479 4638
3357 4639
4171 4640
4531 4641
4393 4642
4393 4643
4407 4644
4420 4645
3216 4646
4478 4647
4185 4648
4490 4649
4527 4650
4525 4651
4546 4652
4515 4653
3864 4654
4541 4655
4564 4656
3930 4657
4277 4658
3531 4659
4404 4660
4597 4661
4576 4662
4254 4663
4176 4664
4427 4665
4644 4666
4631 4667
4618 4668
4444 4669
4425 4670
4666 4671
4634 4672
4456 4673
3484 4674
3120 4675
4650 4676
4642 4677
4460 4678
4177 4679
4640 4680
4667 4681
4555 4682
4006 4683
4682 4684
4222 4685
4670 4686
4575 4687
3771 4688
4527 4689
4299 4690
4036 4691
4399 4692
4521 4693
4601 4694
3915 4695
4141 4696
4342 4697
4552 4698
3903 4699
4484 4700
4678 4701
2694 4702
4055 4703
4287 4704
4018 4705
4630 4706
4606 4707
4359 4708
4665 4709
4681 4710
3880 4711
3890 4712
4215 4713
4350 4714
3752 4715
4565 4716
4641 4717
3945 4718
4537 4719
4657 4720
4034 4721
4560 4722
4364 4723
4556 4724
4495 4725
4233 4726
4578 4727
4637 4728
4573 4729
4126 4730
3259 4731
4511 4732
4708 4733
4538 4734
4324 4735
4547 4736
4266 4737
4361 4738
3792 4739
4374 4740
4472 4741
4674 4742
4424 4743
4688 4744
4583 4745
4671 4746
4462 4747
4130 4748
4599 4749
4186 4750
4139 4751
4075 4752
4497 4753
3644 4754
4375 4755
4622 4756
4635 4757
4443 4758
4554 4759
4426 4760
4756 4761
4378 4762
4645 4763
4686 4764
4398 4765
4326 4766
4512 4767
4285 4768
4539 4769
4648 4770
4561 4771
4692 4772
4691 4773
4676 4774
4306 4775
4759 4776
4065 4777
4662 4778
4423 4779
4684 4780
4534 4781
4463 4782
4292 4783
4269 4784
4763 4785
4535 4786
4602 4787
4302 4788
4600 4789
3891 4790
4083 4791
3645 4792
4260 4793
4528 4794
4595 4795
4689 4796
4550 4797
4294 4798
4590 4799
4308 4800
4558 4801
4792 4802
4467 4803
4787 4804
4607 4805
3714 4806
4623 4807
4788 4808
4731 4809
4492 4810
4435 4811
3976 4812
4801 4813
4553 4814
4706 4815
3993 4816
4797 4817
4740 4818
4776 4819
4750 4820
4745 4821
4394 4822
4814 4823
4628 4824
4088 4825
4757 4826
4551 4827
4811 4828
3453 4829
3762 4830
4728 4831
4395 4832
4705 4833
3984 4834
4652 4835
4514 4836
3720 4837
4473 4838
4837 4839
4510 4840
4505 4841
4335 4842
4799 4843
4648 4844
4834 4845
4603 4846
4609 4847
4475 4848
4817 4849
4192 4850
4761 4851
3949 4852
4779 4853
4742 4854
3409 4855
4636 4856
4485 4857
4800 4858
4727 4859
4851 4860
4824 4861
4544 4862
4453 4863
4523 4864
4771 4865
4202 4866
4315 4867
4723 4868
4037 4869
3828 4870
4406 4871
4738 4872
4680 4873
4441 4874
4856 4875
4687 4876
4646 4877
4654 4878
4656 4879
4010 4880
4349 4881
4325 4882
4612 4883
4725 4884
4844 4885
4161 4886
4057 4887
4649 4888
4608 4889
4242 4890
4828 4891
4553 4892
4456 4893
3712 4894
4808 4895
4819 4896
4777 4897
4782 4898
4589 4899
4715 4900
4389 4901
4739 4902
4864 4903
4357 4904
4761 4905
4753 4906
4721 4907
3442 4908
4901 4909
4570 4910
4543 4911
4358 4912
4749 4913
4323 4914
4568 4915
4905 4916
4832 4917
4699 4918
4867 4919
4815 4920
4897 4921
4803 4922
4778 4923
4717 4924
4696 4925
4629 4926
4604 4927
4921 4928
4570 4929
4669 4930
4626 4931
4580 4932
4442 4933
4668 4934
4707 4935
4596 4936
4752 4937
4882 4938
4588 4939
3738 4940
4853 4941
4386 4942
4090 4943
4896 4944
4888 4945
4372 4946
4784 4947
4256 4948
4579 4949
4509 4950
4679 4951
4780 4952
4951 4953
4807 4954
4936 4955
4884 4956
4953 4957
4798 4958
4825 4959
4806 4960
4789 4961
4940 4962
4660 4963
4876 4964
4926 4965
4741 4966
4516 4967
4812 4968
4786 4969
4868 4970
4338 4971
4858 4972
3958 4973
4651 4974
4390 4975
4839 4976
4950 4977
4762 4978
4922 4979
4306 4980
4833 4981
4948 4982
4657 4983
4113 4984
4136 4985
4866 4986
4257 4987
4946 4988
4925 4989
4878 4990
4700 4991
4524 4992
4624 4993
4726 4994
4415 4995
4804 4996
4895 4997
4663 4998
4924 4999
4456 5000
0 0 0 0 0 0 0 0 0 0 0 0 0 0 0 0 0 0 0 0 0 0 0 0 0 0 0 0 0 0 0 0 0 0 0 0 0 0 0 0 0 0 0 0 0 0 0 0 0 0 0 0 0 0 0 0 0 0 0 0 0 0 0 0 0 0 0 0 0 0 0 0 0 0 0 0 0 0 0 0 0 0 0 0 0 0 0 0 0 0 0 0 0 0 0 0 0 0 0 0 0 0 0 0 0 0 0 0 0 0 0 0 0 0 0 0 0 0 0 0 0 0 0 0 0 0 0 0 0 0 0 0 0 0 0 0 0 0 0 0 0 0 0 0 0 0 0 0 0 0 0 0 0 0 0 0 0 0 0 0 0 0 0 0 0 0 0 0 0 0 0 0 0 0 0 0 0 0 0 0 0 0 0 0 0 0 0 0 0 0 0 0 0 0 0 0 0 0 0 0 0 0 0 0 0 0 0 0 0 0 0 0 0 0 0 0 0 0 0 0 0 0 0 0 0 0 0 0 0 0 0 0 0 0 0 0 0 0 0 0 0 0 0 0 0 0 0 0 0 0 0 0 0 0 0 0 0 0 0 0 0 0 0 0 0 0 0 0 0 0 0 0 0 0 0 0 0 0 0 0 0 0 0 0 0 0 0 0 0 0 0 0 0 0 0 0 0 0 0 0 0 0 0 0 0 0 0 0 0 0 0 0 0 0 0 0 0 0 0 0 0 0 0 0 0 0 0 0 0 0 0 0 0 0 0 0 0 0 0 0 0 0 0 0 0 0 0 0 0 0 0 0 0 0 0 0 0 0 0 0 0 0 0 0 0 0 0 0 0 0 0 0 0 0 0 0 0 0 0 0 0 0 0 0 0 0 0 0 0 0 0 0 0 0 0 0 0 0 0 0 0 0 0 0 0 0 0 0 0 0 0 0 0 0 0 0 0 0 0 0 0 0 0 0 0 0 0 0 0 0 0 0 0 0 0 0 0 0 0 0 0 0 0 0 0 0 0 0 0 0 0 0 0 0 0 0 0 0 0 0 0 0 0 0 0 0 0 0 0 0 0 0 0 0 0 0 0 0 0 0 0 0 0 0 0 0 0 0 0 0 0 0 0 0 0 0 0 0 0 0 0 0 0 0 0 0 0 0 0 0 0 0 0 0 0 0 0 0 0 0 0 0 0 0 0 0 0 0 0 0 0 0 0 0 0 0 0 0 0 0 0 0 0 0 0 0 0 0 0 0 0 0 0 0 0 0 0 0 0 0 0 0 0 0 0 0 0 0 0 0 0 0 0 0 0 0 0 0 0 0 0 0 0 0 0 0 0 0 0 0 0 0 0 0 0 0 0 0 0 0 0 0 0 0 0 0 0 0 0 0 0 0 0 0 0 0 0 0 0 0 0 0 0 0 0 0 0 0 0 0 0 0 0 0 0 0 0 0 0 0 0 0 0 0 0 0 0 0 0 0 0 0 0 0 0 0 0 0 0 0 0 0 0 0 0 0 0 0 0 0 0 0 0 0 0 0 0 0 0 0 0 0 0 0 0 0 0 0 0 0 0 0 0 0 0 0 0 0 0 0 0 0 0 0 0 0 0 0 0 0 0 0 0 0 0 0 0 0 0 0 0 0 0 0 0 0 0 0 0 0 0 0 0 0 0 0 0 0 0 0 0 0 0 0 0 0 0 0 0 0 0 0 0 0 0 0 0 0 0 0 0 0 0 0 0 0 0 0 0 0 0 0 0 0 0 0 0 0 0 0 0 0 0 0 0 0 0 0 0 0 0 0 0 0 0 0 0 0 0 0 0 0 0 0 0 0 0 0 0 0 0 0 0 0 0 0 0 0 0 0 0 0 0 0 0 0 0 0 0 0 0 0 0 0 0 0 0 0 0 0 0 0 0 0 0 0 0 0 0 0 0 0 0 0 0 0 0 0 0 0 0 0 0 0 0 0 0 0 0 0 0 0 0 0 0 0 0 0 0 0 0 0 0 0 0 0 0 0 0 0 0 0 0 0 0 0 0 0 0 0 0 0 0 0 0 0 0 0 0 0 0 0 0 0 0 0 0 0 0 0 0 0 0 0 0 0 0 0 0 0 0 0 0 0 0 0 0 0 0 0 0 0 0 0 0 0 0 0 0 0 0 0 0 0 0 0 0 0 0 0 0 0 0 0 0 0 0 0 0 0 0 0 0 0 2501 0 0 0 0 0 0 0 0 0 0 0 0 0 0 0 0 0 0 0 0 0 0 0 0 0 0 0 0 0 0 0 0 0 0 0 0 0 0 0 0 0 0 0 0 0 0 0 0 0 0 0 0 0 0 0 0 0 0 0 0 0 0 0 0 0 0 0 0 0 0 0 0 0 0 0 0 0 0 0 0 0 0 0 0 0 0 0 0 0 0 0 0 0 0 0 0 0 0 0 0 0 0 0 0 0 0 0 0 0 0 0 0 0 0 0 0 0 0 0 0 0 0 0 0 0 0 0 0 0 0 0 0 0 0 0 0 0 0 0 0 0 0 0 0 0 0 0 0 0 0 0 0 0 0 0 0 0 0 0 0 0 0 0 0 0 0 0 0 0 0 0 0 0 0 0 0 0 0 0 0 0 0 0 0 0 0 0 0 0 0 0 0 0 0 0 0 0 0 0 0 0 0 0 0 0 0 0 0 0 0 0 0 0 0 0 0 0 0 0 0 0 0 0 0 0 0 0 0 0 0 0 0 0 0 0 0 0 0 0 0 0 0 0 0 0 0 0 0 0 0 0 0 0 0 0 0 0 0 0 0 0 0 0 0 0 0 0 0 0 0 0 0 0 0 0 0 0 0 0 0 0 0 0 0 0 0 0 0 0 0 0 0 0 0 0 0 0 0 0 0 0 0 0 0 0 0 0 0 0 0 0 0 0 0 0 0 0 0 0 0 0 0 0 0 0 0 0 0 0 0 0 0 0 0 0 0 0 0 0 0 0 0 0 0 0 0 0 0 0 0 0 0 0 0 0 0 0 0 0 0 0 0 0 0 0 0 0 0 0 0 0 0 0 0 0 0 0 0 0 0 0 0 0 0 0 0 0 0 0 0 0 0 0 0 0 0 0 0 0 0 0 0 0 0 0 0 0 0 0 0 0 0 0 0 0 0 0 0 0 0 0 0 0 0 0 0 0 0 0 0 0 0 0 0 0 0 0 0 0 0 0 0 0 0 0 0 0 0 0 0 0 0 0 0 0 0 0 0 0 0 0 0 0 0 0 0 0 0 0 0 0 0 0 0 0 0 0 0 0 0 0 0 0 0 0 0 0 0 0 0 0 0 0 0 0 0 0 0 0 0 0 0 0 0 0 0 0 0 0 0 0 0 0 0 0 0 0 0 0 0 0 0 0 0 0 0 0 0 0 0 0 0 0 0 0 0 0 0 0 0 0 0 0 0 0 0 0 0 0 0 0 0 0 0 0 0 0 0 0 0 0 0 0 0 0 0 0 0 0 0 0 0 0 0 0 0 0 0 0 0 0 0 0 0 0 0 0 0 0 0 0 0 0 0 0 0 0 0 0 0 0 0 0 0 0 0 0 0 0 0 0 0 0 0 0 0 0 0 0 0 0 0 0 0 0 0 0 0 0 0 0 0 0 0 0 0 0 0 0 0 0 0 0 0 0 0 0 0 0 0 0 0 0 0 0 0 0 0 0 0 0 0 0 0 0 0 0 0 0 0 0 0 0 0 0 0 0 0 0 0 0 0 0 0 0 0 0 0 0 0 0 0 0 0 0 0 0 0 0 0 0 0 0 0 0 0 0 0 0 0 0 0 0 0 0 0 0 0 0 0 0 0 0 0 0 0 0 0 0 0 0 0 0 0 0 0 0 0 0 0 0 0 0 0 0 0 0 0 0 0 0 0 0 0 0 0 0 0 0 0 0 0 0 0 0 0 0 0 0 0 0 0 0 0 0 0 0 0 0 0 0 0 0 0 0 0 0 0 0 0 0 0 0 0 0 0 0 0 0 0 0 0 0 0 0 0 0 0 0 0 0 0 0 0 0 0 0 0 0 0 0 0 0 0 0 0 0 0 0 0 0 0 0 0 0 0 0 0 0 0 0 0 0 0 0 0 0 0 0 0 0 0 0 0 0 0 0 0 0 0 0 0 0 0 0 0 0 0 0 0 0 0 0 0 0 0 0 0 0 0 0 0 0 0 0 0 0 0 0 0 0 0 0 0 0 0 0 0 0 0 0 0 0 0 0 0 0 0 0 0 0 0 0 0 0 0 0 0 0 0 0 0 0 0 0 0 0 0 0 0 0 0 0 0 0 0 0 0 0 0 0 0 0 0 0 0 0 0 0 0 0 0 0 0 0 0 0 0 0 0 0 0 0 0 0 0 0 0 0 0 0 0 0 0 0 0 0 0 0 0 0 0 0 0 0 0 0 0 0 0 0 0 0 0 0 0 0 0 0 0 0 0 0 0 0 0 0 0 0 0 0 0 0 0 0 0 0 0 0 0 0 0 0 0 0 0 0 0 0 0 0 0 0 0 0 0 0 0 0 0 0 0 0 0 0 0 0 0 0 0 0 0 0 0 0 0 0 0 0 0 0 0 0 0 0 0 0 0 0 0 0 0 0 0 0 0 0 0 0 0 0 0 0 0 0 0 0 0 0 0 0 0 0 0 0 0 0 0 0 0 0 0 0 0 0 0 0 0 0 0 0 0 0 0 0 0 0 0 0 0 0 0 0 0 0 0 0 0 0 0 0 0 0 0 0 0 0 0 0 0 0 0 0 0 0 0 0 0 0 0 0 0 0 0 0 0 0 0 0 0 0 0 0 0 0 0 0 0 0 0 0 0 0 0 0 0 0 0 0 0 0 0 0 0 0 0 0 0 0 0 0 0 0 0 0 0 0 0 0 0 0 0 0 0 0 0 0 0 0 0 0 0 0 0 0 0 0 0 0 0 0 0 0 0 0 0 0 0 0 0 0 0 0 0 0 0 0 0 0 0 0 0 0 0 0 0 0 0 0 0 0 0 0 0 0 0 0 0 0 0 0 0 0 0 0 0 0 0 0 0 0 0 0 0 0 0 0 0 0 0 0 0 0 0 0 0 0 0 0 0 0 0 0 0 0 0 0 0 0 0 0 0 0 0 0 0 0 0 0 0 0 0 0 0 0 0 0 0 0 0 0 0 0 0 0 0 0 0 0 0 0 0 0 0 0 0 0 0 0 0 0 0 0 0 0 0 0 0 0 0 0 0 0 0 0 0 0 0 0 0 0 0 0 0 0 0 0 0 0 0 0 0 0 0 0 0 0 0 0 0 0 0 0 0 0 0 0 0 0 0 0 0 0 0 0 0 0 0 0 0 0 0 0 0 0 0 0 0 0 0 0 0 0 0 0 0 0 0 0 0 0 0 0 0 0 0 0 0 0 0 0 0 0 0 0 0 0 0 0 0 0 0 0 0 0 0 0 0 0 0 0 0 0 0 0 0 0 0 0 0 0 0 0 0 0 0 0 0 0 0 0 0 0 0 0 0 0 0 0 0 0 0 0 0 0 0 0 0 0 0 0 0 0 0 0 0 0 0 0 0 0 0 0 0 0 0 0 0 0 0 0 0 0 0 0 0 0 0 0 0 0 0 0 0 0 0 0 0 0 0 0 0 0 0 0 0 0 0 0 0 0 0 0 0 0 0 0 0 0 0 0 0 0 0 0 0 0 0 0 0 0 0 0 0 0 0 0 0 0 0 0 0 0 0 0 0 0 0 0 0 0 0 0 0 0 0 0 0 0 0 0 0 0 0 0 0 0 0 0 0 0 0 0 0 0 0 0 0 0 0 0 0 0 0 0 0 0 0 0 0 0 0 0 0 0 0 0 0 0 0 0 0 0 0 0 0 0 0 0 0 0 0 0 0 0 0 0 0 0 0 0 0 0 0 0 0 0 0 0 0 0 0 0 0 0 0 0 0 0 0 0 0 0 0 0 0 0 0 0 0 0 0 0 0 0 0 0 0 0 0 0 0 0 0 0 0 0 0 0 0 0 0 0 0 0 0 0 0 0 0 0 0 0 0 0 0 0 0 0 0 0 0 0 0 0 0 0 0 0 0 0 0 0 0 0 0 0 0 0 0 0 0 0 0 0 0 0 0 0 0 0 0 0 0 0 0 0 0 0 0 0 0 0 0 0 0 0 0 0 0 0 0 0 0 0 0 0 0 0 0 0 0 0 0 0 0 0 0 0 0 0 0 0 0 0 0 0 0 0 0 0 0 0 0 0 0 0 0 0 0 0 0 0 0 0 0 0 0 0 0 0 0 0 0 0 0 0 0 0 0 0 0 0 0 0 0 0 0 0 0 0 0 0 0 0 0 0 0 0 0 0 0 0 0 0 0 0 0 0 0 0 0 0 0 0 0 0 0 0 0 0 0 0 0 0 0 0 0 0 0 0 0 0 0 0 0 0 0 0 0 0 0 0 0 0 0 0 0 0 0 0 0 0 0 0 0 0 0 0 0 0 0 0 0 0 0 0 0 0 0 0 0 0 0 0 0 0 0 0 0 0 0 0 0 0 0 0 0 0 0 0 0 0 0 0 0 0 0 0 0 0 0 0 0 0 0 0 0 0 0 0 0 0 0 0 0 0 0 0 0 0 0 0 0 0 0 0 0 0 0 0 0 0 0 0 0 0 0 0 0 0 0 0 0 0 0 0 0 0 0 0 0 0 0 0 0 0 0 0 0 0 0 0 0 0 0 0 0 0 0 0 0 0 0 0 0 0 0 0 0 0 0 0 0 0 0 0 0 0 0 0 0 0 0 0 0 0 0 0 0 0 0 0 0 0 0 0 0 0 0 0 0 0 0 0 0 0 0 0 0 0 0 0 0 0 0 0 0 0 0 0 0 0 0 0 0 0 0 0 0 0 0 0 0 0 0 0 0 0 0 0 0 0 0 0 0 0 0 0 0 0 0 0 0 0 0 0 0 0 0 0 0 0 0 0 0 0 0 0 0 0 0 0 0 0 0 0 0 0 0 0 0 0 0 0 0 0 0 0 0 0 0 0 0 0 0 0 0 0 0 0 0 0 0 0 0 0 0 0 0 0 0 0 0 0 0 0 0 0 0 0 0 0 0 0 0 0 0 0 0 0 0 0 0 0 0 0 0 0 0 0 0 0 0 0 0 0 0 0 0 0 0 0 0 0 0 0 0 0 0 0 0 0 0 0 0 0 0 0 0 0 0 0 0 0 0 0 0 0 0 0 0 0 0 0 0 0 0 0 0 0 0 0 0 0 0 0 0 0 0 0 0 0 0 0 0 0 0 0 0 0 0 0 0 0 0 0 0 0 0 0 0 0 0 0 0 0 0 0 0 0 0 0 0 0 0 0 0 0 0 0 0 0 0 0 0 0 0 0 0 0 0 0 0 0 0 0 0 0 0 0 0 0 0 0 0 0 0 0 0 0 0 0 0 0 0 0 0 0 0 0 0 0 0 0 0 0 0 0 0 0 0 0 0 0 0 0 0 0 0 0 0 0 0 0 0 0 0 0 0 0 0 0 0 0 0 0 0 0 0 0 0 0 0 0 0 0 0 0 0 0 0 0 0 0 0 0 0 0 0 0 0 0 0 0 0 0 0 0 0 0 0 0 0 0 0 0 0 0 0 0 0 0 0 0 0 0 0 0 0 0 0 0 0 0 0 0 0 0 0 0 0 0 0 0 0 0 0 0 0 0 0 0 0 0 0 0 0 0 0 0 0 0 0 0 0 0 0 0 0 0 0 0 0 0 0 0 0 0 0 0 0 0 0 0 0 0 0 0 0 0 0 0 0 0 0 0 0 0 0 0 0 0 0 0 0 0 0 0 0 0 0 0 0 0 0 0 0 0 0 0 0 0 0 0 0 0 0 0 0 0 0 0 0 0 0 0 0 0 0 0 0 0 0 0 0 0 0 0 0 0 0 0 0 0 0 0 0 0 0 0 0 0 0 0 0 0 0 0 0 0 0 0 0 0 0 0 0 0 0 0 0 0 0 0 0 0 0 0 0 0 0 0 0 0 0 0 0 0 0 0 0 0 0 0 0 0 0 0 0 0 0 0 0 0 0 0 0 0 0 0 0 0 0 0 0 0 0 0 0 0 0 0 0 0 0 0 0 0 0 0 0 0 0 0 0 0 0 0 0 0 0 0 0 0 0 0 0 0 0 0 0 0 0 0 0 0 0 0 0 0 0 0 0 0 0 0 0 0 0 0 0 0 0 0 0 0 0 0 0 0 0 0 0 0 0 0 0 0 0 0 0 0 0 0 0 0 0 0 0 0 0 0 0 0 0 0 0 0 0 0 0 0 0 0 0 0 0 0 0 0 0 0 0 0 0 0 0 0 0 0 0 0 0 0 0 0 0 0 0 0 0 0 0 0 0 0 0 0 0 0 0 0 0 0 0 0 0 0 0 0 0 0 0 0 0 0 0 0 0 0 0 0 0 0 0 0 0 0 0 0 0 0 0 0 0 0 0 0 0 0 0 0 0 0 0 0 0 0 0 0 0 0 0 0 0 0 0 0 0 0 0 0 0 0 0 0 0 0 0 0 0 0 0 0 0 0 0 0 0 0 0 0 0 0 0 0 0 0 0 0 0 0 0 0 0 0 0 0 0 0 0 0 0 0 0 0 0 0 0 0 0 0 0 0 0 0 0 0 0 0 0 0 0 0 0 0 0 0 0 0 0 0 0 0 0 0 0 0 0 0 0 0 0 0 0 0 0 0 0 0 0 0 0 0 0 0 0 0 0 0 0 0 0 0 0 0 0 0 0 0 0 0 0 0 0 0 0 0 0 0 0 0 0 0 0 0 0 0 0 0 0 0 0 0 0 0 0 0 0 0 0 0 0 0 0 0 0 0 0 0 0 0 0 0 0 0 0 0 0 0 0 0 0 0 0 0 0 0 0 0 0 0 0 0 0 0 0 0 0 0 0 0 0 0 0 0 0 0 0 0 0 0 0 0 0 0 0 0 0 0 0 0 0 0 0 0 0 0 0 0 0 0 0 0 0 0 0 0 0 0 0 0 0 0 0 0 0 0 0 0 0 0 0 0 0 0 0 0 0 0 0 0 0 0 0 0 0 0 0 0 0 0 0 0 0 0 0 0 0 0 0 0 0 0 0 0 0 0 0 0 0 0 0 0 0 0 0 0 0 0 0 0 0 0 0 0 0 0 0 0 0 0 0 0 0 0 0 0 0 0 0 0 0 0 0 0 0 0 0 0 0 0 0 0 0 0 0 0 0 0 0 0 0 0 0 0 0 0 0 0 0 0 0 0 0 0 0 0 0 0 0 0 0 0 0 0 0 0 0 0 0 0 0 0 0 0 0 0 0 0 0 0 0 0 0 0 0 0 0 0 0 0 0 0 0 0 0 0 0 0 0 0 0 0 0 0 0 0 0 0 0 0 0 0 0 0 0 0 0 0 0 0 0 0 0 0 0 0 0 0 0 0 0 0 0 0 0 0 0 0 0 0 0 0 0 0 0 0 0 0 0 0 0 0 0 0 0 0 0 0 0 0 0 0 0 0 0 0 0 0 0 0 0 0 0 0 0 0 0 0 0 0 0 0 0 0 0 0 0 0 0 0 0 0 0 0 0 0 0 0 0 0 0 0 0 0 0 0 0 0 0 0 0 0 0 0 0 0 0 0 0 0 0 0 0 0 0 0 0 0 0 0 0 0 0 0 0 0 0 0 0 0 0 0 0 0 0 0 0 0 0 0 0 0 0 0 0 0 0 0 0 0 0 0 0 0 0 0 0 0 0 0 0 0 0 0 0 0 0 0 0 0 0 0 0 0 0 0 0 0 0 0 0 0 0 0 0 0 0 0 0 0 0 0 0 0 0 0 0 0 0 0 0 0 0 0 0 0 0 0 0 0 0 0 0 0 0 0 0 0 0 0 0 0 0 0 0 0 0 0 0 0 0 0 0 0 0 0 0 0 0 0 0 0 0 0 0 0 0 0 0 0 0 0 0 0 0 0 0 0 0 0 0 0 0 0 0 0 0 0 0 0 0 0 0 0 0 0 0 0 0 0 0 0 0 0 0 0 0 0 0 0 0 0 0 0 0 0 0 0 0 0 0 0 0 0 0 0 0 0 0 0 0 0 0 0 0 0 0 0 0 0 0 0 0 0 0 0 0 0 0 0 0 0 0 0 0 0 0 0 0 0 0 0 0 0 0 0 0 0 0 0 0 0 0 0 0 0 0 0 0 0 0 0 0 0 0 0 0 0 0 0 0 0 0 0 0 0 0 0 0 0 0 0 0 0 0 0 0 0 0 0 0 0 0 0 0 0 0 0 0 0 0 0 0 0 0 0 0 0 0 0 0 0 0 0 0 0 0 0 0 0 0 0 0 0 0 0 0 0 0 0 0 0 0 0 0 0 0 0 0 0 0 0 0 0 0 0 0 0 0 0 0 0 0 0 0 0 0 0 0 0 0 0 0 0 0 0 0 0 0 0 0 0 0 0 0 0 0 0 0 0 0 0 0 0 0 0 0 0 0 0 0 0 0 0 0 0 0 0 0 0 0 0 0 0 0 0 0 0 0 0 0 0 0 0 0 0 0 0 0 0 0 0 0 0 0 0 0 0 0 0 0 0 0 0 0 0 0 0 0 0 0 0 0 0 0 0 0 0 0 0 0 0 0 0 0 0 0 0 0 0 0 0 0 0 0 0 0 0 0 0 0 0 0 0 0 0 0 0 0 0 0 0 0 0 0 0 0 0 0 0 0 0 0 0 0 0 0 0 0 0 0 0 0 0 0 0 0 0 0 0 0 0 0 0 0 0 0 0 0 0 0 0 0 0 0 0 0 0 0 0 0 0 0 0 0 0 0 0 0 0 0 0 0 0 0 0 0 0 0 0 0 0 0 0 0 0 0 0 0 0 0 0 0 0 0 0 0 0 0 0 0 0 0 0 0 0 0 0 0 0 0 0 0 0 0 0 0 0 0 0 0 0 0 0 0 0 0 0 0 0 0 0 0 0 0 0 0 0 0 0 0 0 0 0 0 0 0 0 0 0 0 0 0 0 0 0 0 0 0 0 0 0 0 0 0 0 0 0 0 0 0 0 0 0 0 0 0 0 0 0 0 0 0 0 0 0 0 0 0 0 0 0 0 0 0 0 0 0 0 0 0 0 0 0 0 0 0 0 0 0 0 0 0 0 0 0 0 0 0 0 0 0 0 0 0 0 0 0 0 0 0 0 0 0 0 0 0 0 0 0 0 0
