5000
1 2
1 3
2 4
3 5
4 6
5 7
6 8
8 9
7 10
10 11
9 12
11 13
12 14
13 15
15 16
14 17
17 18
16 19
18 20
19 21
21 22
20 23
22 24
23 25
24 26
26 27
25 28
28 29
27 30
29 31
31 32
30 33
32 34
33 35
35 36
34 37
36 38
37 39
39 40
38 41
40 42
31 43
41 44
43 45
44 46
42 47
46 48
45 49
48 50
49 51
51 52
52 53
50 54
53 55
54 56
55 57
57 58
56 59
58 60
60 61
59 62
61 63
47 64
62 65
65 66
64 67
66 68
68 69
61 70
58 71
69 72
70 73
63 74
71 75
72 76
75 77
67 78
77 79
70 80
79 81
78 82
74 83
81 84
80 85
84 86
85 87
76 88
73 89
86 90
87 91
90 92
91 93
83 94
93 95
94 96
95 97
96 98
98 99
82 100
88 101
99 102
89 103
103 104
102 105
97 106
105 107
92 108
99 109
108 110
110 111
104 112
106 113
111 114
110 115
106 116
101 117
100 118
99 119
113 120
113 121
115 122
112 123
119 124
117 125
125 126
123 127
118 128
122 129
109 130
127 131
107 132
131 133
128 134
132 135
130 136
116 137
137 138
133 139
128 140
101 141
108 142
120 143
141 144
138 145
134 146
121 147
139 148
135 149
140 150
147 151
129 152
152 153
151 154
114 155
155 156
145 157
153 158
124 159
144 160
159 161
126 162
154 163
146 164
164 165
160 166
165 167
150 168
148 169
161 170
156 171
157 172
169 173
142 174
143 175
163 176
167 177
162 178
175 179
173 180
178 181
180 182
177 183
181 184
149 185
170 186
182 187
185 188
136 189
170 190
183 191
187 192
189 193
190 194
184 195
193 196
194 197
171 198
198 199
172 200
195 201
176 202
201 203
194 204
200 205
204 206
196 207
174 208
202 209
208 210
205 211
166 212
207 213
211 214
212 215
209 216
215 217
186 218
213 219
188 220
206 221
197 222
205 223
218 224
222 225
224 226
223 227
226 228
214 229
210 230
225 231
216 232
231 233
221 234
232 235
227 236
168 237
235 238
199 239
219 240
237 241
220 242
148 243
228 244
230 245
192 246
245 247
179 248
240 249
238 250
191 251
239 252
229 253
251 254
241 255
249 256
236 257
254 258
248 259
241 260
236 261
255 262
246 263
261 264
260 265
244 266
240 267
253 268
258 269
217 270
234 271
268 272
252 273
273 274
242 275
274 276
264 277
256 278
262 279
257 280
250 281
269 282
247 283
243 284
277 285
261 286
274 287
276 288
271 289
288 290
282 291
290 292
279 293
252 294
292 295
283 296
254 297
291 298
284 299
233 300
259 301
203 302
286 303
301 304
158 305
285 306
303 307
289 308
298 309
278 310
308 311
307 312
304 313
312 314
280 315
311 316
315 317
316 318
270 319
319 320
296 321
272 322
317 323
287 324
305 325
322 326
309 327
306 328
326 329
294 330
297 331
281 332
325 333
314 334
300 335
302 336
329 337
331 338
330 339
320 340
332 341
338 342
295 343
340 344
337 345
333 346
267 347
336 348
343 349
345 350
310 351
275 352
320 353
313 354
342 355
347 356
341 357
263 358
358 359
299 360
355 361
349 362
348 363
326 364
323 365
360 366
293 367
362 368
359 369
344 370
327 371
365 372
318 373
373 374
266 375
356 376
334 377
328 378
367 379
265 380
364 381
336 382
354 383
321 384
379 385
373 386
363 387
352 388
324 389
382 390
384 391
374 392
376 393
377 394
375 395
366 396
339 397
358 398
396 399
390 400
372 401
346 402
398 403
385 404
353 405
386 406
399 407
406 408
339 409
404 410
335 411
378 412
383 413
409 414
368 415
382 416
411 417
357 418
396 419
413 420
414 421
408 422
389 423
361 424
392 425
421 426
397 427
427 428
395 429
418 430
426 431
417 432
422 433
415 434
416 435
425 436
380 437
419 438
371 439
423 440
412 441
424 442
381 443
428 444
391 445
387 446
433 447
443 448
444 449
440 450
437 451
439 452
432 453
447 454
407 455
450 456
434 457
400 458
405 459
455 460
420 461
456 462
457 463
413 464
442 465
435 466
438 467
461 468
460 469
404 470
464 471
452 472
464 473
410 474
463 475
451 476
462 477
458 478
351 479
442 480
466 481
429 482
465 483
394 484
477 485
485 486
467 487
449 488
486 489
459 490
403 491
476 492
431 493
483 494
475 495
468 496
441 497
446 498
488 499
473 500
493 501
489 502
498 503
501 504
474 505
453 506
401 507
369 508
502 509
479 510
472 511
505 512
454 513
508 514
500 515
492 516
482 517
495 518
504 519
402 520
513 521
448 522
350 523
514 524
522 525
510 526
499 527
469 528
445 529
509 530
527 531
503 532
436 533
516 534
496 535
497 536
487 537
524 538
477 539
370 540
511 541
537 542
518 543
388 544
536 545
520 546
490 547
539 548
523 549
504 550
545 551
484 552
542 553
471 554
550 555
510 556
555 557
554 558
555 559
535 560
560 561
480 562
533 563
529 564
526 565
532 566
562 567
519 568
512 569
480 570
551 571
482 572
569 573
563 574
566 575
556 576
559 577
393 578
557 579
578 580
553 581
564 582
552 583
507 584
580 585
540 586
539 587
430 588
586 589
538 590
579 591
582 592
576 593
588 594
585 595
583 596
528 597
575 598
593 599
588 600
582 601
573 602
580 603
574 604
595 605
590 606
602 607
601 608
605 609
558 610
521 611
596 612
606 613
594 614
525 615
608 616
491 617
506 618
568 619
494 620
615 621
592 622
478 623
567 624
489 625
620 626
599 627
625 628
534 629
627 630
629 631
611 632
623 633
603 634
470 635
587 636
619 637
616 638
631 639
572 640
571 641
632 642
628 643
639 644
637 645
604 646
630 647
643 648
621 649
645 650
544 651
583 652
642 653
481 654
577 655
635 656
642 657
655 658
546 659
636 660
646 661
541 662
576 663
659 664
647 665
591 666
656 667
607 668
663 669
665 670
619 671
650 672
665 673
666 674
549 675
654 676
614 677
588 678
668 679
626 680
677 681
674 682
618 683
660 684
675 685
640 686
610 687
678 688
517 689
651 690
547 691
664 692
609 693
676 694
681 695
680 696
685 697
694 698
548 699
648 700
695 701
683 702
633 703
657 704
682 705
701 706
697 707
705 708
689 709
649 710
649 711
515 712
543 713
713 714
679 715
671 716
652 717
700 718
612 719
706 720
702 721
658 722
565 723
624 724
700 725
723 726
707 727
597 728
648 729
644 730
699 731
662 732
719 733
715 734
638 735
707 736
721 737
708 738
711 739
531 740
661 741
690 742
644 743
733 744
731 745
693 746
729 747
725 748
734 749
726 750
724 751
598 752
626 753
705 754
691 755
720 756
673 757
704 758
727 759
688 760
672 761
736 762
712 763
653 764
581 765
735 766
578 767
759 768
748 769
755 770
750 771
686 772
709 773
761 774
739 775
588 776
600 777
747 778
703 779
777 780
775 781
667 782
751 783
765 784
775 785
774 786
757 787
613 788
730 789
786 790
722 791
771 792
754 793
684 794
687 795
793 796
714 797
530 798
770 799
790 800
716 801
732 802
634 803
788 804
736 805
784 806
729 807
735 808
798 809
741 810
710 811
801 812
811 813
800 814
589 815
760 816
787 817
753 818
813 819
783 820
817 821
794 822
766 823
820 824
782 825
823 826
738 827
729 828
789 829
772 830
728 831
698 832
746 833
805 834
821 835
570 836
763 837
758 838
832 839
740 840
809 841
737 842
799 843
828 844
791 845
692 846
752 847
780 848
584 849
827 850
698 851
819 852
764 853
763 854
622 855
851 856
831 857
826 858
670 859
804 860
792 861
818 862
779 863
762 864
849 865
749 866
857 867
838 868
833 869
853 870
866 871
866 872
815 873
742 874
860 875
869 876
771 877
872 878
842 879
756 880
870 881
781 882
802 883
718 884
881 885
858 886
834 887
885 888
848 889
807 890
877 891
887 892
850 893
884 894
816 895
803 896
796 897
852 898
897 899
845 900
641 901
868 902
617 903
743 904
824 905
871 906
844 907
892 908
808 909
847 910
876 911
696 912
797 913
810 914
893 915
864 916
862 917
669 918
830 919
814 920
561 921
896 922
861 923
900 924
663 925
910 926
809 927
909 928
914 929
825 930
895 931
791 932
843 933
906 934
886 935
934 936
836 937
851 938
894 939
908 940
778 941
915 942
941 943
912 944
922 945
785 946
829 947
776 948
856 949
938 950
928 951
889 952
917 953
839 954
767 955
935 956
956 957
955 958
837 959
951 960
944 961
960 962
883 963
921 964
907 965
942 966
865 967
858 968
924 969
962 970
950 971
929 972
913 973
971 974
926 975
931 976
931 977
882 978
961 979
875 980
855 981
965 982
879 983
806 984
983 985
967 986
773 987
835 988
903 989
960 990
918 991
989 992
966 993
886 994
957 995
959 996
840 997
954 998
948 999
985 1000
898 1001
923 1002
984 1003
937 1004
974 1005
997 1006
878 1007
978 1008
970 1009
982 1010
963 1011
936 1012
1002 1013
1001 1014
955 1015
934 1016
880 1017
768 1018
945 1019
933 1020
1013 1021
930 1022
992 1023
990 1024
981 1025
1019 1026
1020 1027
911 1028
987 1029
611 1030
769 1031
874 1032
890 1033
891 1034
1028 1035
1034 1036
993 1037
913 1038
968 1039
996 1040
812 1041
994 1042
1021 1043
897 1044
1025 1045
972 1046
969 1047
1011 1048
916 1049
867 1050
1048 1051
1012 1052
1007 1053
995 1054
1041 1055
1042 1056
1032 1057
949 1058
1055 1059
973 1060
1031 1061
1054 1062
1006 1063
1052 1064
1022 1065
1046 1066
1063 1067
1006 1068
1029 1069
1047 1070
1056 1071
1051 1072
1053 1073
841 1074
939 1075
1026 1076
1059 1077
902 1078
1061 1079
1005 1080
925 1081
958 1082
1014 1083
717 1084
1030 1085
1067 1086
986 1087
1070 1088
999 1089
1066 1090
822 1091
1086 1092
859 1093
795 1094
1088 1095
1038 1096
1023 1097
943 1098
1044 1099
1035 1100
1073 1101
1097 1102
1015 1103
1100 1104
1075 1105
1084 1106
1040 1107
1081 1108
1000 1109
1078 1110
905 1111
1092 1112
1105 1113
1085 1114
1072 1115
1016 1116
1106 1117
1050 1118
1112 1119
1004 1120
1110 1121
904 1122
991 1123
1027 1124
1003 1125
980 1126
1109 1127
1114 1128
940 1129
927 1130
1093 1131
873 1132
1093 1133
1039 1134
1083 1135
1125 1136
1079 1137
1068 1138
1036 1139
1108 1140
1074 1141
1077 1142
1115 1143
1087 1144
1143 1145
899 1146
1117 1147
1122 1148
1066 1149
1017 1150
1076 1151
1129 1152
1098 1153
1101 1154
1104 1155
1146 1156
1111 1157
1069 1158
1018 1159
1127 1160
1091 1161
1159 1162
1107 1163
1046 1164
1136 1165
998 1166
1033 1167
1121 1168
964 1169
1127 1170
1061 1171
1089 1172
1170 1173
1131 1174
888 1175
990 1176
1161 1177
952 1178
985 1179
1176 1180
1064 1181
1167 1182
1124 1183
1010 1184
1177 1185
919 1186
1185 1187
1145 1188
1178 1189
1006 1190
1134 1191
1187 1192
744 1193
1190 1194
1147 1195
1158 1196
1057 1197
1173 1198
1137 1199
979 1200
1180 1201
1123 1202
946 1203
1184 1204
1126 1205
1148 1206
1156 1207
1008 1208
1196 1209
1182 1210
1206 1211
1094 1212
1138 1213
1172 1214
1204 1215
1183 1216
1169 1217
1082 1218
1140 1219
1179 1220
1189 1221
1208 1222
1105 1223
1200 1224
1199 1225
1113 1226
745 1227
1227 1228
1202 1229
1228 1230
1216 1231
1139 1232
1102 1233
1147 1234
1225 1235
1099 1236
863 1237
1149 1238
947 1239
1045 1240
1105 1241
1215 1242
1178 1243
1090 1244
1165 1245
1128 1246
1243 1247
1151 1248
1155 1249
1232 1250
1246 1251
1002 1252
1252 1253
1065 1254
846 1255
1247 1256
1220 1257
1049 1258
1219 1259
1116 1260
1157 1261
1210 1262
1244 1263
1184 1264
1062 1265
977 1266
1103 1267
1237 1268
1223 1269
1268 1270
988 1271
1118 1272
1269 1273
1150 1274
1260 1275
1251 1276
1224 1277
1270 1278
1197 1279
1068 1280
1144 1281
1280 1282
1205 1283
1171 1284
1168 1285
1043 1286
1277 1287
1230 1288
932 1289
1239 1290
1286 1291
1281 1292
1231 1293
1234 1294
1258 1295
1294 1296
1283 1297
1181 1298
1265 1299
1209 1300
1196 1301
1120 1302
1274 1303
1162 1304
953 1305
1238 1306
1290 1307
1241 1308
1004 1309
1273 1310
1188 1311
1238 1312
1240 1313
1253 1314
1218 1315
1024 1316
1254 1317
1291 1318
1255 1319
1214 1320
1191 1321
1295 1322
1312 1323
1135 1324
1302 1325
1310 1326
1221 1327
1217 1328
1238 1329
1201 1330
1096 1331
1212 1332
1325 1333
1164 1334
1330 1335
1307 1336
1323 1337
1293 1338
1058 1339
1300 1340
1203 1341
1278 1342
1299 1343
1205 1344
1229 1345
1276 1346
1154 1347
1264 1348
1211 1349
901 1350
981 1351
1242 1352
1296 1353
1233 1354
1329 1355
1267 1356
1304 1357
1353 1358
1172 1359
1197 1360
1326 1361
1261 1362
1257 1363
1163 1364
1219 1365
1318 1366
1338 1367
1287 1368
1367 1369
1352 1370
1333 1371
1331 1372
1207 1373
1363 1374
1259 1375
1364 1376
1364 1377
1369 1378
1271 1379
1252 1380
1080 1381
1375 1382
1263 1383
1376 1384
1335 1385
1175 1386
1303 1387
1194 1388
1358 1389
975 1390
1195 1391
1213 1392
1371 1393
1332 1394
1139 1395
920 1396
1301 1397
1198 1398
1169 1399
1305 1400
1334 1401
1174 1402
1282 1403
1288 1404
1356 1405
1132 1406
1342 1407
1385 1408
1383 1409
1377 1410
1410 1411
1354 1412
1256 1413
1389 1414
1325 1415
1160 1416
1166 1417
1380 1418
1344 1419
1317 1420
1324 1421
1392 1422
1407 1423
1235 1424
1226 1425
1341 1426
1267 1427
1370 1428
1421 1429
1373 1430
1319 1431
1071 1432
1395 1433
1152 1434
1289 1435
1414 1436
1345 1437
1248 1438
1292 1439
1399 1440
1435 1441
1398 1442
1402 1443
1367 1444
1394 1445
1378 1446
1340 1447
1357 1448
1378 1449
1387 1450
1193 1451
1153 1452
1448 1453
1178 1454
1452 1455
1420 1456
1412 1457
1379 1458
1315 1459
555 1460
1362 1461
1386 1462
1393 1463
1249 1464
1423 1465
1372 1466
1404 1467
1464 1468
1460 1469
1348 1470
1192 1471
1430 1472
1467 1473
1236 1474
1361 1475
1321 1476
1320 1477
1247 1478
1443 1479
1297 1480
1314 1481
1266 1482
1298 1483
1474 1484
1130 1485
1276 1486
1381 1487
1432 1488
1427 1489
1454 1490
1222 1491
1431 1492
1060 1493
1401 1494
1481 1495
1245 1496
1133 1497
1468 1498
1475 1499
1351 1500
1415 1501
1488 1502
1416 1503
1469 1504
1498 1505
1451 1506
1470 1507
1403 1508
1350 1509
1437 1510
1406 1511
1455 1512
1445 1513
1508 1514
1459 1515
1009 1516
1306 1517
1384 1518
1489 1519
1381 1520
1311 1521
1496 1522
1434 1523
1349 1524
1316 1525
1396 1526
1486 1527
1309 1528
1422 1529
1308 1530
1432 1531
1272 1532
1360 1533
1365 1534
1285 1535
1388 1536
1491 1537
1442 1538
1343 1539
1508 1540
1473 1541
1419 1542
1539 1543
1440 1544
1463 1545
1513 1546
1411 1547
1544 1548
1313 1549
1037 1550
1535 1551
1250 1552
1479 1553
1484 1554
1523 1555
1417 1556
1447 1557
1553 1558
1339 1559
1556 1560
1554 1561
1363 1562
1537 1563
1444 1564
1409 1565
1449 1566
1485 1567
1564 1568
1568 1569
1429 1570
1532 1571
1570 1572
1382 1573
1480 1574
1546 1575
1544 1576
1108 1577
1500 1578
976 1579
1397 1580
1569 1581
1368 1582
1566 1583
1536 1584
1248 1585
1531 1586
1426 1587
1355 1588
1534 1589
1552 1590
1505 1591
1445 1592
1477 1593
1307 1594
1366 1595
1587 1596
1521 1597
1292 1598
1400 1599
1374 1600
1428 1601
1597 1602
1142 1603
1589 1604
1472 1605
1575 1606
1520 1607
1446 1608
1279 1609
1471 1610
1591 1611
1458 1612
1558 1613
1453 1614
1586 1615
1583 1616
1550 1617
1504 1618
1617 1619
1561 1620
1608 1621
1593 1622
1337 1623
1594 1624
1603 1625
1519 1626
1405 1627
1615 1628
1545 1629
1568 1630
1576 1631
1599 1632
1580 1633
1525 1634
1506 1635
1275 1636
1552 1637
1509 1638
1528 1639
1595 1640
1527 1641
1622 1642
1450 1643
1524 1644
1499 1645
1639 1646
1425 1647
1485 1648
1618 1649
1573 1650
1515 1651
1549 1652
1650 1653
1572 1654
1512 1655
1398 1656
1628 1657
1529 1658
1465 1659
1625 1660
1646 1661
1541 1662
1578 1663
1640 1664
1658 1665
1664 1666
1610 1667
1487 1668
1377 1669
1559 1670
1670 1671
1567 1672
1621 1673
1602 1674
1262 1675
1284 1676
1328 1677
1601 1678
1671 1679
1636 1680
1673 1681
1391 1682
1555 1683
1551 1684
1511 1685
1627 1686
1497 1687
1662 1688
1141 1689
1635 1690
1522 1691
1390 1692
1562 1693
1644 1694
1493 1695
1643 1696
1557 1697
1607 1698
1691 1699
1605 1700
1698 1701
1684 1702
1693 1703
1439 1704
1701 1705
1645 1706
1533 1707
1565 1708
1503 1709
1548 1710
1438 1711
1687 1712
1668 1713
1685 1714
1714 1715
1560 1716
1634 1717
1706 1718
1695 1719
1174 1720
1327 1721
1466 1722
1507 1723
1629 1724
1604 1725
1346 1726
1669 1727
1666 1728
1707 1729
1717 1730
1484 1731
854 1732
1679 1733
1461 1734
1632 1735
1648 1736
1694 1737
1702 1738
1675 1739
1732 1740
1722 1741
1614 1742
1625 1743
1712 1744
1733 1745
1609 1746
1699 1747
1619 1748
1637 1749
1580 1750
1705 1751
1494 1752
1441 1753
1606 1754
1478 1755
1735 1756
1626 1757
1678 1758
1611 1759
1592 1760
1700 1761
1720 1762
1368 1763
1709 1764
1734 1765
1542 1766
1755 1767
1766 1768
1571 1769
1736 1770
1654 1771
1448 1772
1690 1773
1660 1774
1119 1775
1502 1776
1548 1777
1724 1778
1600 1779
1424 1780
1748 1781
1279 1782
1758 1783
1483 1784
1582 1785
1770 1786
1635 1787
1704 1788
1778 1789
1776 1790
1716 1791
1408 1792
1680 1793
1789 1794
1783 1795
1404 1796
1653 1797
1642 1798
1172 1799
1640 1800
1767 1801
1773 1802
1763 1803
1676 1804
1726 1805
1495 1806
1800 1807
1620 1808
1718 1809
1186 1810
1806 1811
1803 1812
1652 1813
1641 1814
1777 1815
1433 1816
1731 1817
1768 1818
1751 1819
1655 1820
1719 1821
1818 1822
1796 1823
1336 1824
1624 1825
1630 1826
1665 1827
1538 1828
1659 1829
1530 1830
1715 1831
1581 1832
1456 1833
1780 1834
1809 1835
1708 1836
1413 1837
1804 1838
1811 1839
1787 1840
1757 1841
1482 1842
1574 1843
1095 1844
1418 1845
1661 1846
1831 1847
1802 1848
1844 1849
1713 1850
1849 1851
1710 1852
1656 1853
1674 1854
1763 1855
1737 1856
1798 1857
1711 1858
1813 1859
1672 1860
1789 1861
1492 1862
1682 1863
1490 1864
1750 1865
1742 1866
1754 1867
1396 1868
1231 1869
1810 1870
1703 1871
1694 1872
1721 1873
1861 1874
1771 1875
1859 1876
1772 1877
1417 1878
1812 1879
1784 1880
1818 1881
1689 1882
1875 1883
1781 1884
1843 1885
1739 1886
1855 1887
1878 1888
1725 1889
1785 1890
1846 1891
1840 1892
1862 1893
1759 1894
1747 1895
1322 1896
1837 1897
1584 1898
1788 1899
1517 1900
1696 1901
1816 1902
1596 1903
1588 1904
1501 1905
1863 1906
1807 1907
1891 1908
1898 1909
1786 1910
1881 1911
1889 1912
1905 1913
1798 1914
1865 1915
1744 1916
1585 1917
1909 1918
1359 1919
1854 1920
1762 1921
1915 1922
1892 1923
1623 1924
1745 1925
1727 1926
1633 1927
1833 1928
1547 1929
1797 1930
1817 1931
1753 1932
1910 1933
1900 1934
1514 1935
1844 1936
1526 1937
1919 1938
1925 1939
1934 1940
1879 1941
1683 1942
1738 1943
1457 1944
1942 1945
1933 1946
1823 1947
1616 1948
1828 1949
1884 1950
1839 1951
1869 1952
1729 1953
1930 1954
1864 1955
1914 1956
1779 1957
1436 1958
1901 1959
1769 1960
1856 1961
1824 1962
1853 1963
1858 1964
1847 1965
1937 1966
1850 1967
1638 1968
1966 1969
1956 1970
1893 1971
1955 1972
1967 1973
1821 1974
1730 1975
1972 1976
1921 1977
1749 1978
1924 1979
1563 1980
1726 1981
1746 1982
1651 1983
1883 1984
1978 1985
1941 1986
1871 1987
1964 1988
1760 1989
1938 1990
1874 1991
1543 1992
1940 1993
1991 1994
1981 1995
1984 1996
1988 1997
1825 1998
1947 1999
1962 2000
1838 2001
1908 2002
1980 2003
1928 2004
1961 2005
1740 2006
1975 2007
1922 2008
1882 2009
1877 2010
1995 2011
1911 2012
1968 2013
1501 2014
1799 2015
1741 2016
1987 2017
1951 2018
1927 2019
2006 2020
1904 2021
1510 2022
1677 2023
1805 2024
1743 2025
1872 2026
1827 2027
1971 2028
2015 2029
1993 2030
2008 2031
1965 2032
1663 2033
1916 2034
2017 2035
2012 2036
2013 2037
2005 2038
1918 2039
2004 2040
1790 2041
1688 2042
1912 2043
1920 2044
1903 2045
1842 2046
1973 2047
1756 2048
1906 2049
1826 2050
1598 2051
1844 2052
1347 2053
1960 2054
2019 2055
1462 2056
1954 2057
1999 2058
2011 2059
1870 2060
2036 2061
1944 2062
1928 2063
1795 2064
1516 2065
2032 2066
1657 2067
1667 2068
1992 2069
2014 2070
1997 2071
2005 2072
1970 2073
1946 2074
1851 2075
1896 2076
1974 2077
1894 2078
1857 2079
1873 2080
2061 2081
2071 2082
2010 2083
1841 2084
1752 2085
2043 2086
2072 2087
2085 2088
1613 2089
2057 2090
1979 2091
1681 2092
1845 2093
1692 2094
1834 2095
2060 2096
2039 2097
2020 2098
1897 2099
1833 2100
2064 2101
1814 2102
1764 2103
2024 2104
1835 2105
1895 2106
2094 2107
1808 2108
2080 2109
1886 2110
1832 2111
2021 2112
1876 2113
2073 2114
2003 2115
2102 2116
2098 2117
2113 2118
2088 2119
1958 2120
2099 2121
1663 2122
2074 2123
2086 2124
2103 2125
1963 2126
2076 2127
2111 2128
1697 2129
2009 2130
2016 2131
2065 2132
2053 2133
2092 2134
2131 2135
2035 2136
1923 2137
2023 2138
2034 2139
1999 2140
2129 2141
1933 2142
1794 2143
1791 2144
2054 2145
2059 2146
2026 2147
1728 2148
2108 2149
2134 2150
1959 2151
1686 2152
2022 2153
1579 2154
2146 2155
2133 2156
2124 2157
2050 2158
2126 2159
2095 2160
2089 2161
2081 2162
1649 2163
1789 2164
2135 2165
1631 2166
2145 2167
2031 2168
2101 2169
2158 2170
2125 2171
1819 2172
2087 2173
1917 2174
1977 2175
2003 2176
2173 2177
1887 2178
2028 2179
2127 2180
2000 2181
2042 2182
2115 2183
2005 2184
1830 2185
2150 2186
1765 2187
2049 2188
2137 2189
1889 2190
1983 2191
1902 2192
2079 2193
2013 2194
2133 2195
1860 2196
1852 2197
2027 2198
2116 2199
2038 2200
1936 2201
1982 2202
2149 2203
1820 2204
1518 2205
1866 2206
2181 2207
2199 2208
1775 2209
1612 2210
2033 2211
1880 2212
1949 2213
1998 2214
2128 2215
2215 2216
2030 2217
1989 2218
1917 2219
2182 2220
2164 2221
2062 2222
2202 2223
2143 2224
2197 2225
2147 2226
1782 2227
1836 2228
1647 2229
2001 2230
2180 2231
2153 2232
2218 2233
2138 2234
2045 2235
2170 2236
2157 2237
2112 2238
2104 2239
2106 2240
1476 2241
2230 2242
1925 2243
2200 2244
2195 2245
2152 2246
1979 2247
2231 2248
1577 2249
2055 2250
2123 2251
2172 2252
1986 2253
2179 2254
1868 2255
2242 2256
1953 2257
2083 2258
2075 2259
2026 2260
2097 2261
1929 2262
2029 2263
2082 2264
2219 2265
2233 2266
2164 2267
2042 2268
2241 2269
2226 2270
2251 2271
2077 2272
1792 2273
2203 2274
2185 2275
1801 2276
2245 2277
2192 2278
1848 2279
2028 2280
1948 2281
2250 2282
2246 2283
2275 2284
2216 2285
2070 2286
2166 2287
2155 2288
2066 2289
2264 2290
2263 2291
2232 2292
2237 2293
2148 2294
2275 2295
2096 2296
2212 2297
2196 2298
2284 2299
2063 2300
2244 2301
2056 2302
2236 2303
2208 2304
2091 2305
2265 2306
2100 2307
2068 2308
2222 2309
2166 2310
2305 2311
2188 2312
2160 2313
1932 2314
2206 2315
2300 2316
2058 2317
2046 2318
2316 2319
2295 2320
2194 2321
2232 2322
2268 2323
2078 2324
2256 2325
2176 2326
2239 2327
2190 2328
2142 2329
1976 2330
2225 2331
2207 2332
1822 2333
2312 2334
2229 2335
2320 2336
2205 2337
2289 2338
2084 2339
2220 2340
2018 2341
1996 2342
2240 2343
2193 2344
2243 2345
2162 2346
1907 2347
2310 2348
1943 2349
2294 2350
1590 2351
2177 2352
2254 2353
2266 2354
1926 2355
2281 2356
2346 2357
2139 2358
2033 2359
2292 2360
1765 2361
2278 2362
2342 2363
2315 2364
2269 2365
2287 2366
2114 2367
2156 2368
2340 2369
1952 2370
2175 2371
2355 2372
2105 2373
2296 2374
2303 2375
2174 2376
2041 2377
2308 2378
2339 2379
2338 2380
2228 2381
2141 2382
2352 2383
1945 2384
1540 2385
2169 2386
2325 2387
2361 2388
1774 2389
1990 2390
2386 2391
2279 2392
2209 2393
2335 2394
2140 2395
2316 2396
2392 2397
2253 2398
2259 2399
2399 2400
2252 2401
2331 2402
2093 2403
2109 2404
2247 2405
2387 2406
2333 2407
2107 2408
2385 2409
2007 2410
2235 2411
2348 2412
1815 2413
1763 2414
2321 2415
2366 2416
2311 2417
2191 2418
2286 2419
2274 2420
2118 2421
2271 2422
2214 2423
2293 2424
2356 2425
2210 2426
2163 2427
2301 2428
2260 2429
2336 2430
2365 2431
2277 2432
2132 2433
2383 2434
2412 2435
2429 2436
2432 2437
2324 2438
2322 2439
2389 2440
2306 2441
2436 2442
2136 2443
1885 2444
2351 2445
1994 2446
2144 2447
2313 2448
2276 2449
2409 2450
1890 2451
2435 2452
2258 2453
2154 2454
2382 2455
2309 2456
2282 2457
2052 2458
2304 2459
2440 2460
2433 2461
2449 2462
2458 2463
1931 2464
2390 2465
2069 2466
2238 2467
2249 2468
2364 2469
2427 2470
2465 2471
2451 2472
2416 2473
2347 2474
2120 2475
2270 2476
2410 2477
2155 2478
2381 2479
2161 2480
2457 2481
2455 2482
2184 2483
2117 2484
2323 2485
2283 2486
2461 2487
2467 2488
2414 2489
2090 2490
2255 2491
2453 2492
2334 2493
2462 2494
2398 2495
2384 2496
2167 2497
2488 2498
2217 2499
2368 2500
2374 2501
2298 2502
2438 2503
2391 2504
2224 2505
2446 2506
2388 2507
2130 2508
2415 2509
2394 2510
2408 2511
2464 2512
2500 2513
1723 2514
2510 2515
2419 2516
2445 2517
2234 2518
2501 2519
2515 2520
2291 2521
2518 2522
2347 2523
2343 2524
2347 2525
2441 2526
2067 2527
2450 2528
2171 2529
2002 2530
2496 2531
2341 2532
2187 2533
2431 2534
2121 2535
2375 2536
2329 2537
2299 2538
2122 2539
2428 2540
2448 2541
1829 2542
2494 2543
2353 2544
2178 2545
2318 2546
2189 2547
2165 2548
2238 2549
2201 2550
2468 2551
2257 2552
1939 2553
2025 2554
2423 2555
2330 2556
1867 2557
2479 2558
2491 2559
2499 2560
2556 2561
2044 2562
2561 2563
2395 2564
1950 2565
2431 2566
2186 2567
2319 2568
2447 2569
2327 2570
2430 2571
2558 2572
2393 2573
2513 2574
2477 2575
2442 2576
2354 2577
2474 2578
2363 2579
2496 2580
2487 2581
2350 2582
1761 2583
2530 2584
2505 2585
2443 2586
2418 2587
2568 2588
2221 2589
2511 2590
2471 2591
2379 2592
2373 2593
2342 2594
2560 2595
2223 2596
2403 2597
2337 2598
2376 2599
2151 2600
2110 2601
2344 2602
2454 2603
2547 2604
2594 2605
2463 2606
2396 2607
2407 2608
2531 2609
2113 2610
2290 2611
2525 2612
2357 2613
2554 2614
2490 2615
2482 2616
2417 2617
2460 2618
2546 2619
2589 2620
2378 2621
2528 2622
2573 2623
2605 2624
2603 2625
2378 2626
2603 2627
1935 2628
2345 2629
2620 2630
2537 2631
2040 2632
2437 2633
2514 2634
2413 2635
2550 2636
2509 2637
2572 2638
2520 2639
2570 2640
2577 2641
2541 2642
2615 2643
2431 2644
2565 2645
2624 2646
2469 2647
2559 2648
2434 2649
1913 2650
2456 2651
2427 2652
2051 2653
2557 2654
2646 2655
2168 2656
2402 2657
2533 2658
2649 2659
2584 2660
2583 2661
2632 2662
2658 2663
2647 2664
2555 2665
2654 2666
2480 2667
2617 2668
2637 2669
2635 2670
2400 2671
2362 2672
2619 2673
2536 2674
2524 2675
2566 2676
2640 2677
2653 2678
2475 2679
2633 2680
2483 2681
2535 2682
2629 2683
2504 2684
2476 2685
2661 2686
2355 2687
2638 2688
2627 2689
2401 2690
2551 2691
2663 2692
2359 2693
2567 2694
2571 2695
2685 2696
2307 2697
2677 2698
2590 2699
2574 2700
2314 2701
2297 2702
2377 2703
2288 2704
2394 2705
2609 2706
2492 2707
2267 2708
2622 2709
2585 2710
2651 2711
2196 2712
2586 2713
2421 2714
2262 2715
2406 2716
2675 2717
1871 2718
2472 2719
2672 2720
2534 2721
2478 2722
2713 2723
2367 2724
2371 2725
2660 2726
2470 2727
2689 2728
2602 2729
2522 2730
2484 2731
2684 2732
2705 2733
2544 2734
2397 2735
2681 2736
2587 2737
2717 2738
2710 2739
2679 2740
2669 2741
2486 2742
2727 2743
2540 2744
2610 2745
2444 2746
2674 2747
2666 2748
2349 2749
2204 2750
2611 2751
2302 2752
2650 2753
2732 2754
2695 2755
2498 2756
2280 2757
2705 2758
2592 2759
2719 2760
2626 2761
2579 2762
2721 2763
2581 2764
2691 2765
2749 2766
2756 2767
2739 2768
2746 2769
2532 2770
2612 2771
2733 2772
2642 2773
2183 2774
2659 2775
2738 2776
2702 2777
2768 2778
2676 2779
2686 2780
2564 2781
2618 2782
2780 2783
2779 2784
2709 2785
2694 2786
2783 2787
2581 2788
2668 2789
2659 2790
2703 2791
2773 2792
2576 2793
2670 2794
2664 2795
2744 2796
2334 2797
2575 2798
2562 2799
2404 2800
2795 2801
2781 2802
2776 2803
2723 2804
2774 2805
2625 2806
2507 2807
2495 2808
2693 2809
2682 2810
2777 2811
2775 2812
2213 2813
2662 2814
2552 2815
2608 2816
2760 2817
2708 2818
2711 2819
2481 2820
2645 2821
2810 2822
2673 2823
2814 2824
2503 2825
2614 2826
2619 2827
2804 2828
2754 2829
2786 2830
2048 2831
2778 2832
2616 2833
2608 2834
2830 2835
2704 2836
2600 2837
2459 2838
2328 2839
2743 2840
2831 2841
2227 2842
2774 2843
2734 2844
2690 2845
2517 2846
2724 2847
2726 2848
2731 2849
1957 2850
2714 2851
2779 2852
2696 2853
2332 2854
2037 2855
2807 2856
2606 2857
2549 2858
2769 2859
2577 2860
2641 2861
2596 2862
2835 2863
2411 2864
2838 2865
2542 2866
2452 2867
2665 2868
2516 2869
2650 2870
2538 2871
2261 2872
2811 2873
2850 2874
2771 2875
2856 2876
2578 2877
2852 2878
2545 2879
2740 2880
2667 2881
2539 2882
2806 2883
2706 2884
2772 2885
2803 2886
2728 2887
2688 2888
2593 2889
2273 2890
2839 2891
2628 2892
2823 2893
2779 2894
2047 2895
2613 2896
1793 2897
2648 2898
2553 2899
2671 2900
2794 2901
2699 2902
2862 2903
1969 2904
2382 2905
2888 2906
2580 2907
2866 2908
2840 2909
2821 2910
2652 2911
2425 2912
2799 2913
2656 2914
2827 2915
2877 2916
2887 2917
2211 2918
1985 2919
2815 2920
2678 2921
2785 2922
2900 2923
2867 2924
2899 2925
2358 2926
2758 2927
1899 2928
2742 2929
2873 2930
2689 2931
2742 2932
2789 2933
2623 2934
2655 2935
2901 2936
2858 2937
2797 2938
2512 2939
2405 2940
2909 2941
2763 2942
2938 2943
2735 2944
2940 2945
2764 2946
2519 2947
2937 2948
2922 2949
2825 2950
2800 2951
2643 2952
2874 2953
2947 2954
2369 2955
2722 2956
2639 2957
2893 2958
2808 2959
2864 2960
2879 2961
2945 2962
2796 2963
2954 2964
2919 2965
2731 2966
2905 2967
2826 2968
2847 2969
2801 2970
2782 2971
2903 2972
2969 2973
2426 2974
2788 2975
2601 2976
2631 2977
2949 2978
2967 2979
2915 2980
1888 2981
2871 2982
2897 2983
2872 2984
2885 2985
2597 2986
2715 2987
2809 2988
2908 2989
2881 2990
2890 2991
2326 2992
2884 2993
2548 2994
2993 2995
2981 2996
2857 2997
2989 2998
2473 2999
2982 3000
2932 3001
2966 3002
2971 3003
2748 3004
2913 3005
2974 3006
2805 3007
2946 3008
2812 3009
2880 3010
2525 3011
2718 3012
2865 3013
2420 3014
2894 3015
2965 3016
2529 3017
2604 3018
2928 3019
2757 3020
2999 3021
2976 3022
2712 3023
2882 3024
2818 3025
2868 3026
2869 3027
3018 3028
2370 3029
2952 3030
2926 3031
1948 3032
2502 3033
3020 3034
2793 3035
2970 3036
2883 3037
2984 3038
2680 3039
2644 3040
2730 3041
2700 3042
2895 3043
2891 3044
2736 3045
3007 3046
2941 3047
2964 3048
2824 3049
2923 3050
3022 3051
2285 3052
2607 3053
2842 3054
2683 3055
2934 3056
2148 3057
2944 3058
2823 3059
2380 3060
3035 3061
2876 3062
2753 3063
2360 3064
3004 3065
2588 3066
2832 3067
2422 3068
3008 3069
2836 3070
2991 3071
3057 3072
2499 3073
3005 3074
3070 3075
3045 3076
2599 3077
2958 3078
2870 3079
2790 3080
2963 3081
2985 3082
2750 3083
2983 3084
3060 3085
3081 3086
2927 3087
3074 3088
3031 3089
2317 3090
2506 3091
2854 3092
3086 3093
2755 3094
2497 3095
2563 3096
3059 3097
2980 3098
3012 3099
3029 3100
3003 3101
3039 3102
2931 3103
2508 3104
2784 3105
2951 3106
3062 3107
2725 3108
2577 3109
3046 3110
2851 3111
3036 3112
2774 3113
2942 3114
1899 3115
3038 3116
3106 3117
2741 3118
3032 3119
3055 3120
2466 3121
2802 3122
2698 3123
2994 3124
2935 3125
3037 3126
2950 3127
3100 3128
3006 3129
2485 3130
2904 3131
3052 3132
2841 3133
2424 3134
3111 3135
2906 3136
2543 3137
3023 3138
3116 3139
3135 3140
3040 3141
2886 3142
3042 3143
3071 3144
2855 3145
2848 3146
3081 3147
2973 3148
3117 3149
2636 3150
3148 3151
3094 3152
3141 3153
2527 3154
2992 3155
3125 3156
3151 3157
2955 3158
2828 3159
3142 3160
3087 3161
2813 3162
3020 3163
3150 3164
3136 3165
3131 3166
3058 3167
2822 3168
3146 3169
3072 3170
2863 3171
2159 3172
3052 3173
2987 3174
2988 3175
2956 3176
2939 3177
2833 3178
2493 3179
2765 3180
3073 3181
3112 3182
3114 3183
2707 3184
3065 3185
2761 3186
3091 3187
3090 3188
2759 3189
2834 3190
3016 3191
3075 3192
2745 3193
2972 3194
2878 3195
3181 3196
3011 3197
3180 3198
2916 3199
3058 3200
3025 3201
3190 3202
3197 3203
3162 3204
2937 3205
2943 3206
3203 3207
2523 3208
3132 3209
2907 3210
2846 3211
2837 3212
2309 3213
3077 3214
3157 3215
3212 3216
3041 3217
3138 3218
2787 3219
3143 3220
3212 3221
2634 3222
2896 3223
3108 3224
2692 3225
3047 3226
2621 3227
3027 3228
3085 3229
3219 3230
2995 3231
2657 3232
3216 3233
2687 3234
3064 3235
3168 3236
3196 3237
3159 3238
3101 3239
3233 3240
2978 3241
3122 3242
3210 3243
2526 3244
2925 3245
3129 3246
3137 3247
2198 3248
3109 3249
3215 3250
3076 3251
3222 3252
3238 3253
3113 3254
3098 3255
2817 3256
3095 3257
3015 3258
3096 3259
3179 3260
2829 3261
3152 3262
3093 3263
2819 3264
3193 3265
3229 3266
3097 3267
3185 3268
2898 3269
3160 3270
2766 3271
3173 3272
3243 3273
2936 3274
3104 3275
2997 3276
3147 3277
3200 3278
2751 3279
2921 3280
3199 3281
2804 3282
3266 3283
3277 3284
2998 3285
3099 3286
3207 3287
3191 3288
3054 3289
3273 3290
3134 3291
3198 3292
2892 3293
3175 3294
3269 3295
3290 3296
3084 3297
3153 3298
3249 3299
3248 3300
3053 3301
2953 3302
3085 3303
3287 3304
3184 3305
3291 3306
2521 3307
3306 3308
3043 3309
3299 3310
2962 3311
2762 3312
3083 3313
3118 3314
3183 3315
3172 3316
3246 3317
3242 3318
2917 3319
3188 3320
2980 3321
3237 3322
3155 3323
3315 3324
3127 3325
3120 3326
3195 3327
2845 3328
2595 3329
3063 3330
3139 3331
3316 3332
3161 3333
2929 3334
3067 3335
3089 3336
3303 3337
3165 3338
3230 3339
3302 3340
3332 3341
3286 3342
3051 3343
3091 3344
2979 3345
2598 3346
3124 3347
3028 3348
3119 3349
3239 3350
3347 3351
2372 3352
2920 3353
3156 3354
2990 3355
3340 3356
3319 3357
2798 3358
2968 3359
3069 3360
3326 3361
3068 3362
3166 3363
3019 3364
2912 3365
2914 3366
3206 3367
3327 3368
3158 3369
3268 3370
3212 3371
3121 3372
3260 3373
3145 3374
3241 3375
3251 3376
3010 3377
3178 3378
3253 3379
3310 3380
3265 3381
3346 3382
3352 3383
3024 3384
3373 3385
3382 3386
2957 3387
3033 3388
3333 3389
3245 3390
3265 3391
2930 3392
3295 3393
3300 3394
3163 3395
3392 3396
3228 3397
3257 3398
3351 3399
2844 3400
2591 3401
2875 3402
3350 3403
2768 3404
3395 3405
3218 3406
3313 3407
3275 3408
3396 3409
3262 3410
3358 3411
3236 3412
3217 3413
3212 3414
3411 3415
3407 3416
3283 3417
3365 3418
3367 3419
3103 3420
2729 3421
3289 3422
3240 3423
3123 3424
3318 3425
2959 3426
2770 3427
2272 3428
3368 3429
3296 3430
3204 3431
3323 3432
3128 3433
3297 3434
2489 3435
3140 3436
3292 3437
3070 3438
2975 3439
2843 3440
3377 3441
2993 3442
3416 3443
3412 3444
3379 3445
3342 3446
3082 3447
3429 3448
3390 3449
3201 3450
3377 3451
3374 3452
2792 3453
3272 3454
3270 3455
2309 3456
3250 3457
3013 3458
3371 3459
3224 3460
3405 3461
2924 3462
3339 3463
3169 3464
2968 3465
3373 3466
3208 3467
3280 3468
2861 3469
3413 3470
3088 3471
3437 3472
2960 3473
3446 3474
3385 3475
3092 3476
3443 3477
3294 3478
3403 3479
2977 3480
3357 3481
3078 3482
3298 3483
3419 3484
2697 3485
3449 3486
3261 3487
2752 3488
3154 3489
3231 3490
3440 3491
2833 3492
2820 3493
3439 3494
3235 3495
2859 3496
3422 3497
2644 3498
3448 3499
3066 3500
3021 3501
3186 3502
3359 3503
3312 3504
3465 3505
3252 3506
3380 3507
3234 3508
3493 3509
3049 3510
3309 3511
3173 3512
3472 3513
3512 3514
3513 3515
3343 3516
3330 3517
3458 3518
3211 3519
3349 3520
3375 3521
3471 3522
3509 3523
3505 3524
3126 3525
3477 3526
3495 3527
3425 3528
3408 3529
3285 3530
3528 3531
3294 3532
3107 3533
3490 3534
3354 3535
3115 3536
3133 3537
3086 3538
3406 3539
3214 3540
3232 3541
3182 3542
3441 3543
3474 3544
3539 3545
3351 3546
3293 3547
2767 3548
3414 3549
3282 3550
3105 3551
3048 3552
3320 3553
3372 3554
3514 3555
2720 3556
3492 3557
3209 3558
3274 3559
3531 3560
3222 3561
3452 3562
3478 3563
3424 3564
3192 3565
2849 3566
3490 3567
3432 3568
3565 3569
3559 3570
3499 3571
3549 3572
3454 3573
3321 3574
3194 3575
3557 3576
3402 3577
3576 3578
3572 3579
3271 3580
3167 3581
3479 3582
3098 3583
3485 3584
3534 3585
3410 3586
3360 3587
3516 3588
3544 3589
3387 3590
3588 3591
3457 3592
3267 3593
3590 3594
3071 3595
3393 3596
3401 3597
3394 3598
3384 3599
3545 3600
3222 3601
3455 3602
2747 3603
3386 3604
3174 3605
3276 3606
3080 3607
3536 3608
3562 3609
3225 3610
3607 3611
3564 3612
3550 3613
3244 3614
3563 3615
3556 3616
3061 3617
3044 3618
3329 3619
3537 3620
3195 3621
3301 3622
3524 3623
2933 3624
3511 3625
3144 3626
3423 3627
3517 3628
3400 3629
3364 3630
3205 3631
3547 3632
3396 3633
3587 3634
3453 3635
3355 3636
3381 3637
3585 3638
3622 3639
2569 3640
3593 3641
3530 3642
3631 3643
3482 3644
3577 3645
3466 3646
3427 3647
3177 3648
3586 3649
3189 3650
2816 3651
3009 3652
3546 3653
3652 3654
2902 3655
3571 3656
2948 3657
3560 3658
3130 3659
3636 3660
3635 3661
3575 3662
3264 3663
3256 3664
3500 3665
3578 3666
3418 3667
3627 3668
3649 3669
3397 3670
3220 3671
3510 3672
2911 3673
3648 3674
3491 3675
3498 3676
3674 3677
3621 3678
3633 3679
3644 3680
3391 3681
3655 3682
3666 3683
3539 3684
3595 3685
3014 3686
3503 3687
3554 3688
3624 3689
3444 3690
3551 3691
3460 3692
3671 3693
3506 3694
3677 3695
3532 3696
3643 3697
3383 3698
3345 3699
3642 3700
3694 3701
3450 3702
3529 3703
3612 3704
3696 3705
3542 3706
3002 3707
3688 3708
3468 3709
3404 3710
3247 3711
3494 3712
3507 3713
3623 3714
3443 3715
3604 3716
3456 3717
3314 3718
3484 3719
3324 3720
3689 3721
3625 3722
3409 3723
3420 3724
3675 3725
3573 3726
3658 3727
3591 3728
3388 3729
3569 3730
3582 3731
3711 3732
3305 3733
3515 3734
3657 3735
3451 3736
3526 3737
3693 3738
3000 3739
3724 3740
3520 3741
3223 3742
3686 3743
3715 3744
3742 3745
3692 3746
3644 3747
3745 3748
3653 3749
3540 3750
3620 3751
2119 3752
3421 3753
3553 3754
3320 3755
3311 3756
3697 3757
3741 3758
3753 3759
3603 3760
3719 3761
3659 3762
3709 3763
3681 3764
3501 3765
3712 3766
3615 3767
3580 3768
2716 3769
2961 3770
3718 3771
3722 3772
3739 3773
3264 3774
3608 3775
3475 3776
3449 3777
3518 3778
3758 3779
3371 3780
3110 3781
3617 3782
3431 3783
3281 3784
3685 3785
3600 3786
3783 3787
3046 3788
3727 3789
3442 3790
3278 3791
3651 3792
3744 3793
3462 3794
3356 3795
3341 3796
3558 3797
3752 3798
3171 3799
3331 3800
3774 3801
3703 3802
3265 3803
3389 3804
3338 3805
3636 3806
3398 3807
3672 3808
3772 3809
3710 3810
3779 3811
3523 3812
3678 3813
3519 3814
3307 3815
3618 3816
3611 3817
3810 3818
2630 3819
3796 3820
3619 3821
3720 3822
3773 3823
3628 3824
3784 3825
3665 3826
3790 3827
3613 3828
3445 3829
3729 3830
2986 3831
3322 3832
3679 3833
3574 3834
3629 3835
3781 3836
3800 3837
3567 3838
3836 3839
3348 3840
3641 3841
3820 3842
3747 3843
3614 3844
3781 3845
3476 3846
3810 3847
3535 3848
3769 3849
3787 3850
3702 3851
3461 3852
3538 3853
3840 3854
3835 3855
3716 3856
3378 3857
3304 3858
3834 3859
3813 3860
3663 3861
3568 3862
3504 3863
3594 3864
3433 3865
3690 3866
3227 3867
2889 3868
3525 3869
3757 3870
3317 3871
3626 3872
3734 3873
3664 3874
3873 3875
3839 3876
2918 3877
3399 3878
3816 3879
3480 3880
3673 3881
3801 3882
3855 3883
3508 3884
3865 3885
3595 3886
3743 3887
3667 3888
2996 3889
3700 3890
3828 3891
3436 3892
3876 3893
3325 3894
3862 3895
3721 3896
3850 3897
3672 3898
3791 3899
3826 3900
3334 3901
3639 3902
3874 3903
3731 3904
3785 3905
3366 3906
3369 3907
3857 3908
3849 3909
3870 3910
3811 3911
3730 3912
3473 3913
3844 3914
3651 3915
3202 3916
3859 3917
3910 3918
3770 3919
3695 3920
3134 3921
3848 3922
3353 3923
3417 3924
3556 3925
3610 3926
3872 3927
3755 3928
3254 3929
3846 3930
3775 3931
3736 3932
3566 3933
3583 3934
3687 3935
3922 3936
3866 3937
3807 3938
2248 3939
2791 3940
3754 3941
3878 3942
3505 3943
3838 3944
3780 3945
3897 3946
3928 3947
3789 3948
3660 3949
3438 3950
3924 3951
3756 3952
3903 3953
3576 3954
3902 3955
3796 3956
3428 3957
3761 3958
3883 3959
3808 3960
3481 3961
3936 3962
3949 3963
3658 3964
3426 3965
3869 3966
3951 3967
3814 3968
3933 3969
3940 3970
3959 3971
3579 3972
3552 3973
3884 3974
3765 3975
3911 3976
3581 3977
3527 3978
3683 3979
3712 3980
3616 3981
3344 3982
3430 3983
3868 3984
3899 3985
3907 3986
3336 3987
3852 3988
3017 3989
3880 3990
3728 3991
3947 3992
3778 3993
3895 3994
3941 3995
3988 3996
3670 3997
3447 3998
3805 3999
3942 4000
3987 4001
3415 4002
3835 4003
3771 4004
3954 4005
3915 4006
3819 4007
3957 4008
3288 4009
3918 4010
3908 4011
3548 4012
3079 4013
3676 4014
3714 4015
3717 4016
4002 4017
3958 4018
3893 4019
3034 4020
3632 4021
3929 4022
3707 4023
3597 4024
3654 4025
3818 4026
4011 4027
3483 4028
3851 4029
3996 4030
3725 4031
3459 4032
3767 4033
3937 4034
3896 4035
3638 4036
3777 4037
4022 4038
3701 4039
3551 4040
3905 4041
3450 4042
3463 4043
3713 4044
3898 4045
4038 4046
3762 4047
3102 4048
3794 4049
3435 4050
3798 4051
3792 4052
3602 4053
3983 4054
3885 4055
3919 4056
3489 4057
3986 4058
3723 4059
3950 4060
3763 4061
3640 4062
3817 4063
3923 4064
3896 4065
3749 4066
3543 4067
3533 4068
3960 4069
3969 4070
3708 4071
3824 4072
3879 4073
3589 4074
4067 4075
3335 4076
3968 4077
3887 4078
4051 4079
3978 4080
4037 4081
3706 4082
4045 4083
3967 4084
4044 4085
3875 4086
4056 4087
3308 4088
3699 4089
3953 4090
3884 4091
4009 4092
3363 4093
4062 4094
4058 4095
4052 4096
3942 4097
4078 4098
3909 4099
3609 4100
4069 4101
3170 4102
3974 4103
3343 4104
3630 4105
4091 4106
4077 4107
3328 4108
3925 4109
3759 4110
3803 4111
3825 4112
3823 4113
3952 4114
3997 4115
3970 4116
3914 4117
4046 4118
4098 4119
3650 4120
3982 4121
3979 4122
4118 4123
3860 4124
4053 4125
3916 4126
3913 4127
4106 4128
3815 4129
4039 4130
4021 4131
3704 4132
3995 4133
3564 4134
4078 4135
3969 4136
4108 4137
3030 4138
4095 4139
4003 4140
3584 4141
3522 4142
4063 4143
4068 4144
3831 4145
4032 4146
4144 4147
3662 4148
4126 4149
3746 4150
4031 4151
3802 4152
4052 4153
4007 4154
3521 4155
3992 4156
4120 4157
3760 4158
4019 4159
3858 4160
4072 4161
3802 4162
4011 4163
3617 4164
3601 4165
4115 4166
3776 4167
3867 4168
2737 4169
4059 4170
3221 4171
3981 4172
3759 4173
4014 4174
4111 4175
3370 4176
3886 4177
4020 4178
4063 4179
3817 4180
4107 4181
3804 4182
3768 4183
3938 4184
3484 4185
3646 4186
4090 4187
4183 4188
4084 4189
4012 4190
3484 4191
4042 4192
4161 4193
3488 4194
4081 4195
4190 4196
4184 4197
4156 4198
4013 4199
4090 4200
3682 4201
3999 4202
4159 4203
3854 4204
4097 4205
4064 4206
4061 4207
4036 4208
4055 4209
4189 4210
4009 4211
3596 4212
4188 4213
2705 4214
3921 4215
3841 4216
4103 4217
4066 4218
3944 4219
4035 4220
4088 4221
4086 4222
4114 4223
4151 4224
4115 4225
4198 4226
4205 4227
4073 4228
4008 4229
4136 4230
4099 4231
4148 4232
4147 4233
3966 4234
4133 4235
4149 4236
3751 4237
4076 4238
4004 4239
4208 4240
4109 4241
4226 4242
4224 4243
4124 4244
4243 4245
3821 4246
4239 4247
4113 4248
3598 4249
3605 4250
4206 4251
4117 4252
3843 4253
4250 4254
4174 4255
3881 4256
4050 4257
3829 4258
4168 4259
4241 4260
4138 4261
2853 4262
4155 4263
3991 4264
4006 4265
4199 4266
4260 4267
4103 4268
3793 4269
3935 4270
4267 4271
4148 4272
3894 4273
3976 4274
4131 4275
3750 4276
3279 4277
4237 4278
4011 4279
3782 4280
4104 4281
3994 4282
3847 4283
3788 4284
4252 4285
4259 4286
3989 4287
4253 4288
4043 4289
4236 4290
4033 4291
3812 4292
3763 4293
3891 4294
3985 4295
3698 4296
4029 4297
2582 4298
4256 4299
4276 4300
4240 4301
3965 4302
4200 4303
3892 4304
3934 4305
3809 4306
4229 4307
3467 4308
3361 4309
4235 4310
3830 4311
4083 4312
4209 4313
4222 4314
3943 4315
4094 4316
4060 4317
3930 4318
3961 4319
3001 4320
3213 4321
4091 4322
4296 4323
4110 4324
4179 4325
4192 4326
4079 4327
3908 4328
3656 4329
3998 4330
4163 4331
4283 4332
4292 4333
3748 4334
4180 4335
4197 4336
4265 4337
3647 4338
4070 4339
4139 4340
4132 4341
4185 4342
4053 4343
4087 4344
4322 4345
4248 4346
4102 4347
3284 4348
3986 4349
4219 4350
4092 4351
4119 4352
4181 4353
4341 4354
3863 4355
4191 4356
4158 4357
4329 4358
3469 4359
4299 4360
4204 4361
4228 4362
4362 4363
2701 4364
4000 4365
4311 4366
4295 4367
4273 4368
3050 4369
4231 4370
4314 4371
3984 4372
3176 4373
3187 4374
4188 4375
4278 4376
4264 4377
4376 4378
4186 4379
4258 4380
4242 4381
4361 4382
3570 4383
3470 4384
3668 4385
4085 4386
4217 4387
4121 4388
4308 4389
4230 4390
3927 4391
4364 4392
3691 4393
4380 4394
2860 4395
3496 4396
4389 4397
4315 4398
4357 4399
4096 4400
3849 4401
4395 4402
4157 4403
4152 4404
4327 4405
4132 4406
4287 4407
4227 4408
4270 4409
4127 4410
4244 4411
4195 4412
4160 4413
4357 4414
3956 4415
4346 4416
4142 4417
4279 4418
4274 4419
4415 4420
3710 4421
3890 4422
3888 4423
3864 4424
4391 4425
4365 4426
3971 4427
4001 4428
4342 4429
4005 4430
3871 4431
4404 4432
3606 4433
4291 4434
3945 4435
4337 4436
4135 4437
4140 4438
4272 4439
4171 4440
4405 4441
4300 4442
3626 4443
3362 4444
3922 4445
3856 4446
4330 4447
4386 4448
3832 4449
4381 4450
4379 4451
4280 4452
3684 4453
4207 4454
4034 4455
4105 4456
4353 4457
4203 4458
4451 4459
4385 4460
4433 4461
4290 4462
4324 4463
4400 4464
4461 4465
4366 4466
4439 4467
4355 4468
4307 4469
4384 4470
3726 4471
3969 4472
4421 4473
3946 4474
4169 4475
3594 4476
4187 4477
4087 4478
4349 4479
4319 4480
4360 4481
4412 4482
4454 4483
4165 4484
4336 4485
4116 4486
4210 4487
4393 4488
4027 4489
4418 4490
4423 4491
3972 4492
4387 4493
4282 4494
4166 4495
4056 4496
4202 4497
4409 4498
4295 4499
4455 4500
3797 4501
4246 4502
4018 4503
3599 4504
4015 4505
4489 4506
4407 4507
3764 4508
4317 4509
4354 4510
4323 4511
4345 4512
4388 4513
4143 4514
4351 4515
4368 4516
3912 4517
4100 4518
3799 4519
4333 4520
4309 4521
4279 4522
4321 4523
4325 4524
4262 4525
4480 4526
4449 4527
4374 4528
4429 4529
3617 4530
4524 4531
4435 4532
4505 4533
4508 4534
4313 4535
3752 4536
4303 4537
3833 4538
3263 4539
4134 4540
3026 4541
4516 4542
4328 4543
4492 4544
3780 4545
4410 4546
4178 4547
4269 4548
4372 4549
3056 4550
3973 4551
4195 4552
4375 4553
4075 4554
3822 4555
4312 4556
4471 4557
4016 4558
4371 4559
3977 4560
4369 4561
4468 4562
4465 4563
4513 4564
3680 4565
4383 4566
4482 4567
4457 4568
4434 4569
4218 4570
4534 4571
3555 4572
3497 4573
4245 4574
3434 4575
4546 4576
4024 4577
4487 4578
4232 4579
4324 4580
4284 4581
4145 4582
4528 4583
3661 4584
4065 4585
3939 4586
3901 4587
4577 4588
4023 4589
4071 4590
4500 4591
4583 4592
4310 4593
4263 4594
4461 4595
3932 4596
4388 4597
3226 4598
4182 4599
4519 4600
4546 4601
3882 4602
4473 4603
4587 4604
4436 4605
4590 4606
4346 4607
4574 4608
4221 4609
3926 4610
4317 4611
3964 4612
4146 4613
4164 4614
4344 4615
4176 4616
4275 4617
4430 4618
4141 4619
3737 4620
4597 4621
4568 4622
4545 4623
4350 4624
4281 4625
4428 4626
4424 4627
4599 4628
4427 4629
4378 4630
4618 4631
4358 4632
4626 4633
4481 4634
3149 4635
3486 4636
4573 4637
4447 4638
4603 4639
4446 4640
3931 4641
4411 4642
4460 4643
4401 4644
4304 4645
4570 4646
4600 4647
4629 4648
4522 4649
4249 4650
4408 4651
4154 4652
4608 4653
4101 4654
4175 4655
4589 4656
4363 4657
4413 4658
4441 4659
4616 4660
4470 4661
4624 4662
4648 4663
4600 4664
4397 4665
4529 4666
3705 4667
4437 4668
3464 4669
4562 4670
4668 4671
4271 4672
4483 4673
3592 4674
4080 4675
4608 4676
4667 4677
4339 4678
4555 4679
4593 4680
4326 4681
4619 4682
4113 4683
4162 4684
4606 4685
4326 4686
3920 4687
4450 4688
4432 4689
4316 4690
4286 4691
4665 4692
4654 4693
4678 4694
4268 4695
4425 4696
3877 4697
4676 4698
3255 4699
4511 4700
4247 4701
3645 4702
4306 4703
4572 4704
4402 4705
4015 4706
4472 4707
4233 4708
4301 4709
4446 4710
4675 4711
4709 4712
4125 4713
4553 4714
4462 4715
4642 4716
4332 4717
4485 4718
3667 4719
4047 4720
4399 4721
4474 4722
4551 4723
4518 4724
4548 4725
4662 4726
4664 4727
4394 4728
4220 4729
4578 4730
4708 4731
4723 4732
4650 4733
4501 4734
4677 4735
3782 4736
4298 4737
4480 4738
4211 4739
4700 4740
4737 4741
4506 4742
3259 4743
4636 4744
4712 4745
4048 4746
4541 4747
4432 4748
4646 4749
4040 4750
4422 4751
4695 4752
4633 4753
4640 4754
4647 4755
3845 4756
4477 4757
4503 4758
4686 4759
4459 4760
4663 4761
4563 4762
4347 4763
4251 4764
4634 4765
3561 4766
4484 4767
4034 4768
4659 4769
4631 4770
4569 4771
4680 4772
4742 4773
4758 4774
4497 4775
4605 4776
4377 4777
4255 4778
4495 4779
4752 4780
4656 4781
4755 4782
4134 4783
4026 4784
4721 4785
4403 4786
4643 4787
4531 4788
4710 4789
4622 4790
4542 4791
4201 4792
3732 4793
4642 4794
4729 4795
4509 4796
3917 4797
3502 4798
4049 4799
3258 4800
4277 4801
4669 4802
4576 4803
4762 4804
4215 4805
4652 4806
3775 4807
4417 4808
4566 4809
4773 4810
4733 4811
4477 4812
4475 4813
4486 4814
4809 4815
4520 4816
4794 4817
4696 4818
4150 4819
4010 4820
3904 4821
4453 4822
4811 4823
4532 4824
4627 4825
4558 4826
4556 4827
4507 4828
4595 4829
4681 4830
4539 4831
4785 4832
4456 4833
4698 4834
4488 4835
4581 4836
4703 4837
4777 4838
4825 4839
4604 4840
4641 4841
4089 4842
4320 4843
4122 4844
4593 4845
4193 4846
4797 4847
4547 4848
4544 4849
4585 4850
4289 4851
4692 4852
4398 4853
4535 4854
4318 4855
4826 4856
4690 4857
4297 4858
4735 4859
4719 4860
4714 4861
4294 4862
3975 4863
4536 4864
4846 4865
4478 4866
4764 4867
4806 4868
4632 4869
4196 4870
4799 4871
4833 4872
4639 4873
4763 4874
4767 4875
4057 4876
4285 4877
3945 4878
3668 4879
4582 4880
3669 4881
4745 4882
4253 4883
3786 4884
4406 4885
3735 4886
4561 4887
4879 4888
4445 4889
4832 4890
4783 4891
4726 4892
4257 4893
4170 4894
4829 4895
4859 4896
4476 4897
4892 4898
4214 4899
4835 4900
4552 4901
4761 4902
4705 4903
4584 4904
3733 4905
4424 4906
4818 4907
3853 4908
4517 4909
4560 4910
4331 4911
4225 4912
4846 4913
4702 4914
3212 4915
4898 4916
4867 4917
4845 4918
4704 4919
4093 4920
4717 4921
4684 4922
4828 4923
4082 4924
4343 4925
4216 4926
4177 4927
4490 4928
4860 4929
4414 4930
3806 4931
4288 4932
4875 4933
4753 4934
4444 4935
3740 4936
4819 4937
4849 4938
4866 4939
4847 4940
4872 4941
4907 4942
4903 4943
4861 4944
4914 4945
4711 4946
4491 4947
4153 4948
4830 4949
4713 4950
4550 4951
4385 4952
4943 4953
4266 4954
4679 4955
4939 4956
4612 4957
4448 4958
4725 4959
3376 4960
4731 4961
3541 4962
4780 4963
4840 4964
4335 4965
4623 4966
4773 4967
4890 4968
4630 4969
4897 4970
4959 4971
4638 4972
4960 4973
4738 4974
4591 4975
3127 4976
4074 4977
4972 4978
4620 4979
4978 4980
4694 4981
4348 4982
4611 4983
4502 4984
4778 4985
4816 4986
4223 4987
4527 4988
4526 4989
4793 4990
4880 4991
4565 4992
4112 4993
3634 4994
4857 4995
4071 4996
4592 4997
4254 4998
4130 4999
4746 5000
0 0 0 0 0 0 0 0 0 0 0 0 0 0 0 0 0 0 0 0 0 0 0 0 0 0 0 0 0 0 0 0 0 0 0 0 0 0 0 0 0 0 0 0 0 0 0 0 0 0 0 0 0 0 0 0 0 0 0 0 0 0 0 0 0 0 0 0 0 0 0 0 0 0 0 0 0 0 0 0 0 0 0 0 0 0 0 0 0 0 0 0 0 0 0 0 0 0 0 0 0 0 0 0 0 0 0 0 0 0 0 0 0 0 0 0 0 0 0 0 0 0 0 0 0 0 0 0 0 0 0 0 0 0 0 0 0 0 0 0 0 0 0 0 0 0 0 0 0 0 0 0 0 0 0 0 0 0 0 0 0 0 0 0 0 0 0 0 0 0 0 0 0 0 0 0 0 0 0 0 0 0 0 0 0 0 0 0 0 0 0 0 0 0 0 0 0 0 0 0 0 0 0 0 0 0 0 0 0 0 0 0 0 0 0 0 0 0 0 0 0 0 0 0 0 0 0 0 0 0 0 0 0 0 0 0 0 0 0 0 0 0 0 0 0 0 0 0 0 0 0 0 0 0 0 0 0 0 0 0 0 0 0 0 0 0 0 0 0 0 0 0 0 0 0 0 0 0 0 0 0 0 0 0 0 0 0 0 0 0 0 0 0 0 0 0 0 0 0 0 0 0 0 0 0 0 0 0 0 0 0 0 0 0 0 0 0 0 0 0 0 0 0 0 0 0 0 0 0 0 0 0 0 0 0 0 0 0 0 0 0 0 0 0 0 0 0 0 0 0 0 0 0 0 0 0 0 0 0 0 0 0 0 0 0 0 0 0 0 0 0 0 0 0 0 0 0 0 0 0 0 0 0 0 0 0 0 0 0 0 0 0 0 0 0 0 0 0 0 0 0 0 0 0 0 0 0 0 0 0 0 0 0 0 0 0 0 0 0 0 0 0 0 0 0 0 0 0 0 0 0 0 0 0 0 0 0 0 0 0 0 0 0 0 0 0 0 0 0 0 0 0 0 0 0 0 0 0 0 0 0 0 0 0 0 0 0 0 0 0 0 0 0 0 0 0 0 0 0 0 0 0 0 0 0 0 0 0 0 0 0 0 0 0 0 0 0 0 0 0 0 0 0 0 0 0 0 0 0 0 0 0 0 0 0 0 0 0 0 0 2501 0 0 0 0 0 0 0 0 0 0 0 0 0 0 0 0 0 0 0 0 0 0 0 0 0 0 0 0 0 0 0 0 0 0 0 0 0 0 0 0 0 0 0 0 0 0 0 0 0 0 0 0 0 0 0 0 0 0 0 0 0 0 0 0 0 0 0 0 0 0 0 0 0 0 0 0 0 0 0 0 0 0 0 0 0 0 0 0 0 0 0 0 0 0 0 0 0 0 0 0 0 0 0 0 0 0 0 0 0 0 0 0 0 0 0 0 0 0 0 0 0 0 0 0 0 0 0 0 0 0 0 0 0 0 0 0 0 0 0 0 0 0 0 0 0 0 0 0 0 0 0 0 0 0 0 0 0 0 0 0 0 0 0 0 0 0 0 0 0 0 0 0 0 0 0 0 0 0 0 0 0 0 0 0 0 0 0 0 0 0 0 0 0 0 0 0 0 0 0 0 0 0 0 0 0 0 0 0 0 0 0 0 0 0 0 0 0 0 0 0 0 0 0 0 0 0 0 0 0 0 0 0 0 0 0 0 0 0 0 0 0 0 0 0 0 0 0 0 0 0 0 0 0 0 0 0 0 0 0 0 0 0 0 0 0 0 0 0 0 0 0 0 0 0 0 0 0 0 0 0 0 0 0 0 0 0 0 0 0 0 0 0 0 0 0 0 0 0 0 0 0 0 0 0 0 0 0 0 0 0 0 0 0 0 0 0 0 0 0 0 0 0 0 0 0 0 0 0 0 0 0 0 0 0 0 0 0 0 0 0 0 0 0 0 0 0 0 0 0 0 0 0 0 0 0 0 0 0 0 0 0 0 0 0 0 0 0 0 0 0 0 0 0 0 0 0 0 0 0 0 0 0 0 0 0 0 0 0 0 0 0 0 0 0 0 0 0 0 0 0 0 0 0 0 0 0 0 0 0 0 0 0 0 0 0 0 0 0 0 0 0 0 0 0 0 0 0 0 0 0 0 0 0 0 0 0 0 0 0 0 0 0 0 0 0 0 0 0 0 0 0 0 0 0 0 0 0 0 0 0 0 0 0 0 0 0 0 0 0 0 0 0 0 0 0 0 0 0 0 0 0 0 0 0 0 0 0 0 0 0 0 0 0 0 0 0 0 0 0 0 0 0 0 0 0 0 0 0 0 0 0 0 0 0 0 0 0 0 0 0 0 0 0 0 0 0 0 0 0 0 0 0 0 0 0 0 0 0 0 0 0 0 0 0 0 0 0 0 0 0 0 0 0 0 0 0 0 0 0 0 0 0 0 0 0 0 0 0 0 0 0 0 0 0 0 0 0 0 0 0 0 0 0 0 0 0 0 0 0 0 0 0 0 0 0 0 0 0 0 0 0 0 0 0 0 0 0 0 0 0 0 0 0 0 0 0 0 0 0 0 0 0 0 0 0 0 0 0 0 0 0 0 0 0 0 0 0 0 0 0 0 0 0 0 0 0 0 0 0 0 0 0 0 0 0 0 0 0 0 0 0 0 0 0 0 0 0 0 0 0 0 0 0 0 0 0 0 0 0 0 0 0 0 0 0 0 0 0 0 0 0 0 0 0 0 0 0 0 0 0 0 0 0 0 0 0 0 0 0 0 0 0 0 0 0 0 0 0 0 0 0 0 0 0 0 0 0 0 0 0 0 0 0 0 0 0 0 0 0 0 0 0 0 0 0 0 0 0 0 0 0 0 0 0 0 0 0 0 0 0 0 0 0 0 0 0 0 0 0 0 0 0 0 0 0 0 0 0 0 0 0 0 0 0 0 0 0 0 0 0 0 0 0 0 0 0 0 0 0 0 0 0 0 0 0 0 0 0 0 0 0 0 0 0 0 0 0 0 0 0 0 0 0 0 0 0 0 0 0 0 0 0 0 0 0 0 0 0 0 0 0 0 0 0 0 0 0 0 0 0 0 0 0 0 0 0 0 0 0 0 0 0 0 0 0 0 0 0 0 0 0 0 0 0 0 0 0 0 0 0 0 0 0 0 0 0 0 0 0 0 0 0 0 0 0 0 0 0 0 0 0 0 0 0 0 0 0 0 0 0 0 0 0 0 0 0 0 0 0 0 0 0 0 0 0 0 0 0 0 0 0 0 0 0 0 0 0 0 0 0 0 0 0 0 0 0 0 0 0 0 0 0 0 0 0 0 0 0 0 0 0 0 0 0 0 0 0 0 0 0 0 0 0 0 0 0 0 0 0 0 0 0 0 0 0 0 0 0 0 0 0 0 0 0 0 0 0 0 0 0 0 0 0 0 0 0 0 0 0 0 0 0 0 0 0 0 0 0 0 0 0 0 0 0 0 0 0 0 0 0 0 0 0 0 0 0 0 0 0 0 0 0 0 0 0 0 0 0 0 0 0 0 0 0 0 0 0 0 0 0 0 0 0 0 0 0 0 0 0 0 0 0 0 0 0 0 0 0 0 0 0 0 0 0 0 0 0 0 0 0 0 0 0 0 0 0 0 0 0 0 0 0 0 0 0 0 0 0 0 0 0 0 0 0 0 0 0 0 0 0 0 0 0 0 0 0 0 0 0 0 0 0 0 0 0 0 0 0 0 0 0 0 0 0 0 0 0 0 0 0 0 0 0 0 0 0 0 0 0 0 0 0 0 0 0 0 0 0 0 0 0 0 0 0 0 0 0 0 0 0 0 0 0 0 0 0 0 0 0 0 0 0 0 0 0 0 0 0 0 0 0 0 0 0 0 0 0 0 0 0 0 0 0 0 0 0 0 0 0 0 0 0 0 0 0 0 0 0 0 0 0 0 0 0 0 0 0 0 0 0 0 0 0 0 0 0 0 0 0 0 0 0 0 0 0 0 0 0 0 0 0 0 0 0 0 0 0 0 0 0 0 0 0 0 0 0 0 0 0 0 0 0 0 0 0 0 0 0 0 0 0 0 0 0 0 0 0 0 0 0 0 0 0 0 0 0 0 0 0 0 0 0 0 0 0 0 0 0 0 0 0 0 0 0 0 0 0 0 0 0 0 0 0 0 0 0 0 0 0 0 0 0 0 0 0 0 0 0 0 0 0 0 0 0 0 0 0 0 0 0 0 0 0 0 0 0 0 0 0 0 0 0 0 0 0 0 0 0 0 0 0 0 0 0 0 0 0 0 0 0 0 0 0 0 0 0 0 0 0 0 0 0 0 0 0 0 0 0 0 0 0 0 0 0 0 0 0 0 0 0 0 0 0 0 0 0 0 0 0 0 0 0 0 0 0 0 0 0 0 0 0 0 0 0 0 0 0 0 0 0 0 0 0 0 0 0 0 0 0 0 0 0 0 0 0 0 0 0 0 0 0 0 0 0 0 0 0 0 0 0 0 0 0 0 0 0 0 0 0 0 0 0 0 0 0 0 0 0 0 0 0 0 0 0 0 0 0 0 0 0 0 0 0 0 0 0 0 0 0 0 0 0 0 0 0 0 0 0 0 0 0 0 0 0 0 0 0 0 0 0 0 0 0 0 0 0 0 0 0 0 0 0 0 0 0 0 0 0 0 0 0 0 0 0 0 0 0 0 0 0 0 0 0 0 0 0 0 0 0 0 0 0 0 0 0 0 0 0 0 0 0 0 0 0 0 0 0 0 0 0 0 0 0 0 0 0 0 0 0 0 0 0 0 0 0 0 0 0 0 0 0 0 0 0 0 0 0 0 0 0 0 0 0 0 0 0 0 0 0 0 0 0 0 0 0 0 0 0 0 0 0 0 0 0 0 0 0 0 0 0 0 0 0 0 0 0 0 0 0 0 0 0 0 0 0 0 0 0 0 0 0 0 0 0 0 0 0 0 0 0 0 0 0 0 0 0 0 0 0 0 0 0 0 0 0 0 0 0 0 0 0 0 0 0 0 0 0 0 0 0 0 0 0 0 0 0 0 0 0 0 0 0 0 0 0 0 0 0 0 0 0 0 0 0 0 0 0 0 0 0 0 0 0 0 0 0 0 0 0 0 0 0 0 0 0 0 0 0 0 0 0 0 0 0 0 0 0 0 0 0 0 0 0 0 0 0 0 0 0 0 0 0 0 0 0 0 0 0 0 0 0 0 0 0 0 0 0 0 0 0 0 0 0 0 0 0 0 0 0 0 0 0 0 0 0 0 0 0 0 0 0 0 0 0 0 0 0 0 0 0 0 0 0 0 0 0 0 0 0 0 0 0 0 0 0 0 0 0 0 0 0 0 0 0 0 0 0 0 0 0 0 0 0 0 0 0 0 0 0 0 0 0 0 0 0 0 0 0 0 0 0 0 0 0 0 0 0 0 0 0 0 0 0 0 0 0 0 0 0 0 0 0 0 0 0 0 0 0 0 0 0 0 0 0 0 0 0 0 0 0 0 0 0 0 0 0 0 0 0 0 0 0 0 0 0 0 0 0 0 0 0 0 0 0 0 0 0 0 0 0 0 0 0 0 0 0 0 0 0 0 0 0 0 0 0 0 0 0 0 0 0 0 0 0 0 0 0 0 0 0 0 0 0 0 0 0 0 0 0 0 0 0 0 0 0 0 0 0 0 0 0 0 0 0 0 0 0 0 0 0 0 0 0 0 0 0 0 0 0 0 0 0 0 0 0 0 0 0 0 0 0 0 0 0 0 0 0 0 0 0 0 0 0 0 0 0 0 0 0 0 0 0 0 0 0 0 0 0 0 0 0 0 0 0 0 0 0 0 0 0 0 0 0 0 0 0 0 0 0 0 0 0 0 0 0 0 0 0 0 0 0 0 0 0 0 0 0 0 0 0 0 0 0 0 0 0 0 0 0 0 0 0 0 0 0 0 0 0 0 0 0 0 0 0 0 0 0 0 0 0 0 0 0 0 0 0 0 0 0 0 0 0 0 0 0 0 0 0 0 0 0 0 0 0 0 0 0 0 0 0 0 0 0 0 0 0 0 0 0 0 0 0 0 0 0 0 0 0 0 0 0 0 0 0 0 0 0 0 0 0 0 0 0 0 0 0 0 0 0 0 0 0 0 0 0 0 0 0 0 0 0 0 0 0 0 0 0 0 0 0 0 0 0 0 0 0 0 0 0 0 0 0 0 0 0 0 0 0 0 0 0 0 0 0 0 0 0 0 0 0 0 0 0 0 0 0 0 0 0 0 0 0 0 0 0 0 0 0 0 0 0 0 0 0 0 0 0 0 0 0 0 0 0 0 0 0 0 0 0 0 0 0 0 0 0 0 0 0 0 0 0 0 0 0 0 0 0 0 0 0 0 0 0 0 0 0 0 0 0 0 0 0 0 0 0 0 0 0 0 0 0 0 0 0 0 0 0 0 0 0 0 0 0 0 0 0 0 0 0 0 0 0 0 0 0 0 0 0 0 0 0 0 0 0 0 0 0 0 0 0 0 0 0 0 0 0 0 0 0 0 0 0 0 0 0 0 0 0 0 0 0 0 0 0 0 0 0 0 0 0 0 0 0 0 0 0 0 0 0 0 0 0 0 0 0 0 0 0 0 0 0 0 0 0 0 0 0 0 0 0 0 0 0 0 0 0 0 0 0 0 0 0 0 0 0 0 0 0 0 0 0 0 0 0 0 0 0 0 0 0 0 0 0 0 0 0 0 0 0 0 0 0 0 0 0 0 0 0 0 0 0 0 0 0 0 0 0 0 0 0 0 0 0 0 0 0 0 0 0 0 0 0 0 0 0 0 0 0 0 0 0 0 0 0 0 0 0 0 0 0 0 0 0 0 0 0 0 0 0 0 0 0 0 0 0 0 0 0 0 0 0 0 0 0 0 0 0 0 0 0 0 0 0 0 0 0 0 0 0 0 0 0 0 0 0 0 0 0 0 0 0 0 0 0 0 0 0 0 0 0 0 0 0 0 0 0 0 0 0 0 0 0 0 0 0 0 0 0 0 0 0 0 0 0 0 0 0 0 0 0 0 0 0 0 0 0 0 0 0 0 0 0 0 0 0 0 0 0 0 0 0 0 0 0 0 0 0 0 0 0 0 0 0 0 0 0 0 0 0 0 0 0 0 0 0 0 0 0 0 0 0 0 0 0 0 0 0 0 0 0 0 0 0 0 0 0 0 0 0 0 0 0 0 0 0 0 0 0 0 0 0 0 0 0 0 0 0 0 0 0 0 0 0 0 0 0 0 0 0 0 0 0 0 0 0 0 0 0 0 0 0 0 0 0 0 0 0 0 0 0 0 0 0 0 0 0 0 0 0 0 0 0 0 0 0 0 0 0 0 0 0 0 0 0 0 0 0 0 0 0 0 0 0 0 0 0 0 0 0 0 0 0 0 0 0 0 0 0 0 0 0 0 0 0 0 0 0 0 0 0 0 0 0 0 0 0 0 0 0 0 0 0 0 0 0 0 0 0 0 0 0 0 0 0 0 0 0 0 0 0 0 0 0 0 0 0 0 0 0 0 0 0 0 0 0 0 0 0 0 0 0 0 0 0 0 0 0 0 0 0 0 0 0 0 0 0 0 0 0 0 0 0 0 0 0 0 0 0 0 0 0 0 0 0 0 0 0 0 0 0 0 0 0 0 0 0 0 0 0 0 0 0 0 0 0 0 0 0 0 0 0 0 0 0 0 0 0 0 0 0 0 0 0 0 0 0 0 0 0 0 0 0 0 0 0 0 0 0 0 0 0 0 0 0 0 0 0 0 0 0 0 0 0 0 0 0 0 0 0 0 0 0 0 0 0 0 0 0 0 0 0 0 0 0 0 0 0 0 0 0 0 0 0 0 0 0 0 0 0 0 0 0 0 0 0 0 0 0 0 0 0 0 0 0 0 0 0 0 0 0 0 0 0 0 0 0 0 0 0 0 0 0 0 0 0 0 0 0 0 0 0 0 0 0 0 0 0 0 0 0 0 0 0 0 0 0 0 0 0 0 0 0 0 0 0 0 0 0 0 0 0 0 0 0 0 0 0 0 0 0 0 0 0 0 0 0 0 0 0 0 0 0 0 0 0 0 0 0 0 0 0 0 0 0 0 0 0 0 0 0 0 0 0 0 0 0 0 0 0 0 0 0 0 0 0 0 0 0 0 0 0 0 0 0 0 0 0 0 0 0 0 0 0 0 0 0 0 0 0 0 0 0 0 0 0 0 0 0 0 0 0 0 0 0 0 0 0 0 0 0 0 0 0 0 0 0 0 0 0 0 0 0 0 0 0 0 0 0 0 0 0 0 0 0 0 0 0 0 0 0 0 0 0 0 0 0 0 0 0 0 0 0 0 0 0 0 0 0 0 0 0 0 0 0 0 0 0 0 0 0 0 0 0 0 0 0 0 0 0 0 0 0 0 0 0 0 0 0 0 0 0 0 0 0 0 0 0 0 0 0 0 0 0 0 0 0 0 0 0 0 0 0 0 0 0 0 0 0 0 0 0 0 0 0 0 0 0 0 0 0 0 0 0 0 0 0 0 0 0 0 0 0 0 0 0 0 0 0 0 0 0 0 0 0 0 0 0 0 0 0 0 0 0 0 0 0 0 0 0 0 0 0 0 0 0 0 0 0 0 0 0 0 0 0 0 0 0 0 0 0 0 0 0 0 0 0 0 0 0 0 0 0 0 0 0 0 0 0 0 0 0 0 0 0 0 0 0 0 0 0 0 0 0 0 0 0 0 0 0 0 0 0 0 0 0 0 0 0 0 0 0 0 0 0 0 0 0 0 0 0 0 0 0 0 0 0 0 0 0 0 0 0 0 0 0 0 0 0 0 0 0 0 0 0 0 0 0 0 0 0 0 0 0 0 0 0 0 0 0 0 0 0 0 0 0 0 0 0 0 0 0 0 0 0 0 0 0 0 0 0 0 0 0 0 0 0 0 0 0 0 0 0 0 0 0 0 0 0 0 0 0 0 0 0 0 0 0 0 0 0 0 0 0 0 0 0 0 0 0 0 0 0 0 0 0 0 0 0 0 0 0 0 0 0 0 0 0 0 0 0 0 0 0 0 0 0 0 0 0 0 0 0 0 0 0 0 0 0 0 0 0 0 0 0 0 0 0 0 0 0 0 0 0 0 0 0 0 0 0 0 0 0 0 0 0 0 0 0 0 0 0 0 0 0 0 0 0 0 0 0 0 0 0 0 0 0 0 0 0 0 0 0 0 0 0 0 0 0 0 0 0 0 0 0 0 0 0 0 0 0 0 0 0 0 0 0 0 0 0 0 0 0 0 0 0 0 0 0 0 0 0 0 0 0 0 0 0 0 0 0 0 0 0 0 0 0 0 0 0 0 0 0 0 0 0 0 0 0 0 0 0 0 0 0 0 0 0 0 0 0 0 0 0 0 0 0 0 0 0 0 0 0 0 0 0 0 0 0 0 0 0 0 0 0 0 0 0 0 0 0 0 0 0 0 0 0 0 0 0 0 0 0 0 0 0 0 0 0 0 0 0 0 0 0 0 0 0 0 0 0 0 0 0 0 0 0 0 0 0 0 0 0 0 0 0 0 0 0 0 0 0 0 0 0 0 0 0 0 0 0 0 0 0 0 0 0 0 0 0 0 0 0 0 0 0 0 0 0 0 0 0 0 0 0 0 0 0 0 0 0 0 0 0 0 0 0 0 0 0 0 0 0 0 0 0 0 0 0 0 0 0 0 0 0 0 0 0 0 0 0 0 0 0 0 0 0 0 0 0 0 0 0 0 0 0 0 0 0 0 0 0 0 0 0 0 0 0 0 0 0 0 0 0 0 0 0 0 0 0 0 0 0 0 0 0 0 0 0 0 0 0 0 0 0 0 0 0 0 0 0 0 0 0 0 0 0 0 0 0 0 0 0 0 0 0 0 0 0 0 0 0 0 0 0 0 0 0 0 0 0 0 0 0 0 0 0 0 0 0 0 0 0 0 0 0 0 0 0 0 0 0 0 0 0 0 0 0 0 0 0 0 0 0 0 0 0 0 0 0 0 0 0 0 0 0 0 0 0 0 0 0 0 0 0 0 0 0 0 0 0 0 0 0 0 0 0 0 0 0 0 0 0 0 0 0 0 0 0 0 0 0 0 0 0 0 0 0 0 0 0 0 0 0 0 0 0 0 0 0 0 0 0 0 0 0 0 0 0 0 0 0 0 0 0 0 0 0 0 0 0 0 0 0 0 0 0 0 0 0 0 0 0 0 0 0 0 0 0 0 0 0 0 0 0 0 0 0 0 0 0 0 0 0 0 0 0 0 0 0 0 0 0 0 0 0 0 0 0 0 0 0 0 0 0 0 0 0 0 0 0 0 0 0 0 0 0 0 0 0 0 0 0 0 0 0 0 0 0 0 0 0 0 0 0 0 0 0 0 0 0 0 0 0 0 0 0 0 0 0 0 0 0 0 0 0 0 0 0 0 0 0 0 0 0 0 0 0 0 0 0 0 0 0 0 0 0 0 0 0 0 0 0 0 0 0 0 0 0 0 0 0 0 0 0 0 0 0 0 0 0 0 0 0 0 0 0 0 0 0 0 0 0 0 0 0 0 0 0 0 0 0 0 0 0 0 0 0 0 0 0 0 0 0 0 0 0 0 0 0 0 0 0 0 0 0 0 0 0 0 0 0 0 0 0 0 0 0 0 0 0 0 0 0 0 0 0 0 0 0 0 0 0 0 0 0 0 0 0 0 0 0 0 0 0 0 0 0 0 0 0 0 0 0 0 0 0 0 0 0 0 0 0 0 0 0 0 0 0 0 0 0 0 0 0 0 0 0 0 0 0 0 0 0 0 0 0 0 0 0 0 0 0 0 0 0 0 0 0 0 0 0 0 0 0 0 0 0 0 0 0 0 0 0 0 0 0 0 0 0 0 0 0 0 0 0 0 0 0 0 0 0 0 0 0 0 0 0 0 0 0 0 0 0 0 0 0 0 0 0 0 0 0 0 0 0 0 0 0 0 0 0 0 0 0 0 0 0 0 0 0 0 0 0 0 0 0 0 0 0 0 0 0 0 0 0 0 0 0 0 0 0 0 0 0 0 0 0 0 0 0 0 0 0 0 0 0 0 0 0 0 0 0 0 0 0 0 0 0 0 0 0 0 0 0 0 0 0 0 0 0 0 0 0 0 0 0 0 0 0 0 0 0 0 0 0 0 0 0 0 0 0 0 0 0 0 0 0 0 0
