5000
1 2
1 3
2 4
3 5
5 6
4 7
7 8
6 9
9 10
10 11
8 12
11 13
13 14
12 15
14 16
16 17
7 18
15 19
18 20
19 21
17 22
22 23
20 24
24 25
23 26
21 27
25 28
27 29
29 30
28 31
26 32
31 33
30 34
32 35
35 36
34 37
33 38
38 39
39 40
40 41
37 42
41 43
43 44
42 45
36 46
44 47
45 48
46 49
48 50
47 51
43 52
49 53
52 54
51 55
40 56
53 57
47 58
54 59
55 60
51 61
61 62
61 63
60 64
43 65
56 66
65 67
57 68
64 69
59 70
70 71
69 72
63 73
66 74
72 75
73 76
70 77
76 78
75 79
79 80
62 81
67 82
77 83
58 84
82 85
74 86
68 87
78 88
84 89
87 90
85 91
89 92
81 93
91 94
90 95
93 96
96 97
79 98
71 99
95 100
92 101
99 102
101 103
100 104
104 105
91 106
94 107
103 108
108 109
86 110
109 111
111 112
88 113
105 114
114 115
110 116
102 117
111 118
112 119
115 120
83 121
117 122
119 123
118 124
98 125
96 126
120 127
50 128
121 129
114 130
123 131
122 132
131 133
116 134
128 135
113 136
130 137
133 138
137 139
136 140
134 141
138 142
132 143
126 144
141 145
144 146
145 147
140 148
135 149
136 150
146 151
150 152
124 153
136 154
147 155
153 156
143 157
149 158
106 159
156 160
151 161
154 162
97 163
160 164
142 165
148 166
162 167
166 168
159 169
163 170
152 171
107 172
127 173
171 174
80 175
169 176
175 177
168 178
164 179
173 180
178 181
136 182
161 183
180 184
174 185
180 186
186 187
170 188
183 189
176 190
181 191
188 192
158 193
193 194
189 195
177 196
187 197
170 198
182 199
165 200
192 201
196 202
201 203
139 204
200 205
190 206
203 207
167 208
157 209
195 210
204 211
199 212
194 213
125 214
198 215
205 216
212 217
214 218
216 219
215 220
129 221
206 222
218 223
207 224
191 225
179 226
185 227
208 228
184 229
211 230
222 231
181 232
211 233
230 234
209 235
232 236
234 237
233 238
237 239
217 240
223 241
226 242
212 243
155 244
224 245
236 246
229 247
243 248
238 249
219 250
202 251
172 252
199 253
239 254
247 255
240 256
250 257
210 258
197 259
252 260
242 261
248 262
220 263
258 264
254 265
221 266
227 267
259 268
257 269
261 270
253 271
241 272
213 273
231 274
267 275
251 276
270 277
249 278
266 279
269 280
262 281
279 282
253 283
260 284
235 285
255 286
245 287
281 288
244 289
264 290
282 291
288 292
256 293
283 294
278 295
228 296
289 297
263 298
287 299
275 300
298 301
285 302
285 303
246 304
303 305
277 306
259 307
276 308
304 309
286 310
268 311
292 312
274 313
310 314
305 315
315 316
300 317
302 318
306 319
265 320
320 321
311 322
299 323
314 324
271 325
309 326
225 327
291 328
326 329
326 330
307 331
308 332
293 333
332 334
284 335
331 336
301 337
329 338
312 339
334 340
330 341
316 342
280 343
333 344
323 345
343 346
321 347
336 348
324 349
296 350
344 351
319 352
349 353
338 354
347 355
339 356
297 357
335 358
325 359
313 360
327 361
353 362
318 363
322 364
352 365
295 366
272 367
358 368
317 369
362 370
367 371
348 372
290 373
341 374
373 375
372 376
345 377
376 378
336 379
378 380
374 381
364 382
355 383
369 384
334 385
350 386
380 387
363 388
386 389
375 390
381 391
356 392
351 393
294 394
317 395
359 396
383 397
385 398
328 399
360 400
379 401
265 402
389 403
357 404
404 405
390 406
387 407
407 408
403 409
395 410
368 411
410 412
388 413
340 414
408 415
354 416
405 417
393 418
412 419
363 420
384 421
392 422
370 423
376 424
391 425
423 426
346 427
398 428
418 429
417 430
424 431
414 432
377 433
406 434
415 435
361 436
422 437
426 438
428 439
400 440
399 441
397 442
431 443
434 444
425 445
409 446
419 447
420 448
385 449
441 450
399 451
273 452
337 453
430 454
411 455
438 456
442 457
447 458
440 459
450 460
366 461
449 462
413 463
451 464
402 465
416 466
453 467
420 468
396 469
451 470
422 471
437 472
461 473
429 474
445 475
436 476
473 477
443 478
404 479
475 480
465 481
459 482
478 483
468 484
474 485
462 486
477 487
482 488
467 489
432 490
452 491
471 492
490 493
489 494
439 495
481 496
457 497
427 498
460 499
486 500
464 501
455 502
463 503
342 504
466 505
505 506
487 507
507 508
504 509
501 510
502 511
509 512
511 513
500 514
454 515
435 516
484 517
485 518
508 519
371 520
497 521
498 522
476 523
515 524
458 525
512 526
523 527
401 528
517 529
444 530
527 531
492 532
520 533
523 534
508 535
489 536
499 537
524 538
521 539
494 540
433 541
541 542
448 543
446 544
393 545
532 546
540 547
365 548
480 549
536 550
469 551
518 552
534 553
549 554
525 555
506 556
483 557
542 558
529 559
528 560
479 561
456 562
472 563
558 564
488 565
542 566
554 567
562 568
559 569
555 570
569 571
394 572
552 573
548 574
560 575
535 576
495 577
544 578
519 579
565 580
556 581
566 582
572 583
526 584
493 585
522 586
538 587
574 588
587 589
557 590
530 591
581 592
570 593
537 594
470 595
578 596
580 597
568 598
594 599
576 600
531 601
553 602
598 603
597 604
575 605
547 606
583 607
582 608
584 609
546 610
545 611
516 612
611 613
604 614
592 615
596 616
591 617
608 618
590 619
602 620
600 621
589 622
614 623
599 624
561 625
613 626
603 627
612 628
514 629
619 630
630 631
606 632
585 633
601 634
616 635
622 636
577 637
593 638
624 639
626 640
640 641
636 642
635 643
551 644
627 645
634 646
645 647
620 648
546 649
588 650
647 651
649 652
652 653
573 654
651 655
632 656
466 657
639 658
421 659
646 660
622 661
615 662
650 663
638 664
653 665
491 666
510 667
602 668
503 669
633 670
657 671
669 672
607 673
642 674
663 675
605 676
658 677
655 678
610 679
679 680
659 681
595 682
631 683
571 684
550 685
621 686
579 687
637 688
564 689
513 690
586 691
662 692
661 693
683 694
660 695
677 696
690 697
629 698
694 699
567 700
695 701
699 702
609 703
678 704
641 705
703 706
617 707
496 708
689 709
648 710
670 711
671 712
644 713
625 714
693 715
704 716
656 717
710 718
698 719
672 720
643 721
715 722
692 723
674 724
722 725
724 726
711 727
716 728
680 729
718 730
728 731
729 732
730 733
725 734
686 735
539 736
696 737
531 738
713 739
738 740
709 741
628 742
732 743
654 744
710 745
734 746
533 747
742 748
701 749
673 750
618 751
563 752
737 753
719 754
691 755
747 756
754 757
735 758
700 759
752 760
748 761
749 762
753 763
688 764
741 765
761 766
733 767
687 768
713 769
768 770
743 771
721 772
731 773
755 774
773 775
720 776
774 777
664 778
676 779
765 780
723 781
682 782
684 783
712 784
697 785
714 786
784 787
787 788
736 789
788 790
779 791
776 792
751 793
790 794
382 795
789 796
744 797
791 798
781 799
762 800
740 801
744 802
792 803
685 804
750 805
746 806
796 807
759 808
797 809
767 810
664 811
745 812
802 813
812 814
785 815
790 816
690 817
675 818
810 819
769 820
770 821
766 822
808 823
816 824
706 825
705 826
807 827
806 828
775 829
681 830
822 831
778 832
772 833
828 834
830 835
820 836
757 837
794 838
799 839
793 840
760 841
787 842
823 843
813 844
801 845
817 846
827 847
780 848
756 849
834 850
786 851
798 852
847 853
853 854
543 855
838 856
782 857
793 858
843 859
818 860
840 861
825 862
849 863
667 864
863 865
784 866
824 867
800 868
857 869
819 870
848 871
856 872
758 873
855 874
861 875
873 876
859 877
850 878
821 879
851 880
844 881
809 882
832 883
668 884
865 885
871 886
831 887
707 888
858 889
884 890
869 891
878 892
891 893
832 894
874 895
890 896
889 897
717 898
771 899
892 900
881 901
877 902
900 903
804 904
876 905
894 906
841 907
896 908
870 909
727 910
623 911
899 912
852 913
827 914
868 915
914 916
900 917
915 918
913 919
895 920
868 921
906 922
910 923
833 924
921 925
829 926
862 927
893 928
811 929
911 930
918 931
905 932
923 933
924 934
901 935
739 936
926 937
920 938
929 939
763 940
928 941
814 942
927 943
888 944
764 945
851 946
875 947
938 948
783 949
942 950
835 951
902 952
916 953
866 954
932 955
950 956
826 957
943 958
933 959
925 960
665 961
803 962
860 963
885 964
948 965
880 966
953 967
945 968
963 969
965 970
887 971
951 972
897 973
872 974
962 975
958 976
891 977
708 978
907 979
972 980
903 981
726 982
939 983
931 984
854 985
960 986
968 987
702 988
936 989
983 990
944 991
930 992
937 993
959 994
954 995
967 996
909 997
835 998
949 999
988 1000
908 1001
998 1002
912 1003
882 1004
984 1005
795 1006
999 1007
995 1008
1006 1009
1004 1010
912 1011
919 1012
898 1013
846 1014
922 1015
961 1016
883 1017
815 1018
879 1019
971 1020
976 1021
941 1022
1002 1023
1013 1024
1021 1025
917 1026
805 1027
1014 1028
947 1029
969 1030
990 1031
1008 1032
987 1033
1020 1034
978 1035
1007 1036
1025 1037
1037 1038
1028 1039
1038 1040
985 1041
1033 1042
1039 1043
974 1044
980 1045
1027 1046
1042 1047
970 1048
1048 1049
981 1050
1034 1051
839 1052
989 1053
964 1054
1032 1055
935 1056
991 1057
1051 1058
1044 1059
836 1060
1024 1061
1041 1062
1017 1063
1062 1064
1057 1065
934 1066
810 1067
845 1068
666 1069
1063 1070
1067 1071
1056 1072
1065 1073
886 1074
743 1075
977 1076
992 1077
1026 1078
1061 1079
956 1080
1074 1081
842 1082
1069 1083
837 1084
1072 1085
1001 1086
867 1087
1052 1088
1047 1089
883 1090
1011 1091
1070 1092
1050 1093
973 1094
904 1095
1053 1096
1019 1097
975 1098
1031 1099
1093 1100
1023 1101
1036 1102
1043 1103
1098 1104
940 1105
1059 1106
1029 1107
1071 1108
1058 1109
1100 1110
1103 1111
1108 1112
1077 1113
1073 1114
1040 1115
952 1116
994 1117
955 1118
1111 1119
1009 1120
986 1121
1080 1122
1078 1123
1005 1124
1054 1125
1052 1126
1092 1127
1033 1128
996 1129
1117 1130
1123 1131
1046 1132
1132 1133
1096 1134
1085 1135
1108 1136
1113 1137
1030 1138
1134 1139
1128 1140
1035 1141
1130 1142
957 1143
1056 1144
1012 1145
1141 1146
1036 1147
1145 1148
1127 1149
1097 1150
1079 1151
1110 1152
1138 1153
1126 1154
1088 1155
1038 1156
1081 1157
1105 1158
1133 1159
1060 1160
1127 1161
897 1162
1076 1163
1155 1164
1158 1165
1101 1166
1129 1167
1151 1168
1099 1169
1106 1170
1163 1171
1153 1172
1143 1173
1137 1174
1109 1175
1116 1176
1167 1177
956 1178
1104 1179
1102 1180
1164 1181
1170 1182
1149 1183
1165 1184
982 1185
1010 1186
1157 1187
1162 1188
1015 1189
1086 1190
903 1191
1154 1192
1122 1193
993 1194
1174 1195
1121 1196
1094 1197
1166 1198
1037 1199
1049 1200
1181 1201
1193 1202
1202 1203
1180 1204
1185 1205
1174 1206
864 1207
1095 1208
1176 1209
1179 1210
1045 1211
1142 1212
1135 1213
1144 1214
1064 1215
1197 1216
1098 1217
1066 1218
1192 1219
1200 1220
997 1221
1047 1222
1191 1223
1055 1224
1194 1225
1150 1226
1175 1227
1196 1228
1091 1229
1224 1230
1125 1231
1148 1232
1000 1233
1222 1234
966 1235
1212 1236
1186 1237
1218 1238
1227 1239
1171 1240
1119 1241
1233 1242
1160 1243
1219 1244
1236 1245
1217 1246
1235 1247
1225 1248
1107 1249
1112 1250
1201 1251
1016 1252
1183 1253
777 1254
1087 1255
1214 1256
1251 1257
1237 1258
1152 1259
1204 1260
1240 1261
1089 1262
1208 1263
1090 1264
991 1265
1199 1266
1184 1267
1248 1268
1173 1269
1257 1270
1213 1271
1124 1272
1269 1273
1232 1274
1032 1275
946 1276
1147 1277
1254 1278
1140 1279
1243 1280
1223 1281
1216 1282
1230 1283
1274 1284
1187 1285
1195 1286
1229 1287
1276 1288
1259 1289
1176 1290
1250 1291
1284 1292
1257 1293
1239 1294
1293 1295
1234 1296
1168 1297
1155 1298
1265 1299
1283 1300
1294 1301
1277 1302
1278 1303
1209 1304
1264 1305
1247 1306
1131 1307
1118 1308
1306 1309
1226 1310
1301 1311
1221 1312
979 1313
1258 1314
1292 1315
1253 1316
1220 1317
1231 1318
1256 1319
1210 1320
1255 1321
1223 1322
1215 1323
1169 1324
1298 1325
1252 1326
1120 1327
1146 1328
1319 1329
1136 1330
1289 1331
1322 1332
1272 1333
1203 1334
1188 1335
1161 1336
1320 1337
1304 1338
1337 1339
1282 1340
1300 1341
1335 1342
1083 1343
1014 1344
1328 1345
1018 1346
1317 1347
1344 1348
1267 1349
1156 1350
1345 1351
1348 1352
1332 1353
1265 1354
1349 1355
1262 1356
1355 1357
1326 1358
1286 1359
1268 1360
1339 1361
1351 1362
1302 1363
1271 1364
1172 1365
1307 1366
1290 1367
1356 1368
1330 1369
1159 1370
1365 1371
1211 1372
1245 1373
1311 1374
1280 1375
1275 1376
1357 1377
1323 1378
1190 1379
1288 1380
1285 1381
1114 1382
1207 1383
1352 1384
1381 1385
1321 1386
1313 1387
1303 1388
1368 1389
1263 1390
1242 1391
1296 1392
1376 1393
1388 1394
1286 1395
1270 1396
1333 1397
1370 1398
1362 1399
1387 1400
1366 1401
1266 1402
1353 1403
1395 1404
1393 1405
1386 1406
1316 1407
1404 1408
1364 1409
1205 1410
1299 1411
1385 1412
1279 1413
1281 1414
1383 1415
1287 1416
1382 1417
1310 1418
1417 1419
1358 1420
1390 1421
1409 1422
1367 1423
1228 1424
1329 1425
1336 1426
1373 1427
1331 1428
1413 1429
1396 1430
1371 1431
1416 1432
1378 1433
1269 1434
1305 1435
1394 1436
1327 1437
1363 1438
1374 1439
1309 1440
1406 1441
1415 1442
1338 1443
1391 1444
1407 1445
1414 1446
1315 1447
1238 1448
1447 1449
1430 1450
1244 1451
1443 1452
1389 1453
1412 1454
1273 1455
1418 1456
1442 1457
1456 1458
1350 1459
1439 1460
1377 1461
1359 1462
1457 1463
1424 1464
1458 1465
1384 1466
1341 1467
1444 1468
1401 1469
1434 1470
1400 1471
1397 1472
1462 1473
1334 1474
1421 1475
1471 1476
1464 1477
1314 1478
1449 1479
1445 1480
1340 1481
1479 1482
1476 1483
1448 1484
1459 1485
1346 1486
1325 1487
1374 1488
1354 1489
1115 1490
1483 1491
1431 1492
1435 1493
1375 1494
1402 1495
1420 1496
1477 1497
1308 1498
1022 1499
1398 1500
1403 1501
1422 1502
1498 1503
1481 1504
1465 1505
1490 1506
1312 1507
1474 1508
1429 1509
1342 1510
1508 1511
1438 1512
1261 1513
1246 1514
1408 1515
1428 1516
1411 1517
1304 1518
1297 1519
1182 1520
1481 1521
1451 1522
1493 1523
1419 1524
1361 1525
1249 1526
1510 1527
1470 1528
1453 1529
1380 1530
1311 1531
1524 1532
1507 1533
1461 1534
1472 1535
1506 1536
1505 1537
1400 1538
1515 1539
1320 1540
1225 1541
1177 1542
1410 1543
1491 1544
1539 1545
1466 1546
1527 1547
1068 1548
1347 1549
1503 1550
1498 1551
1484 1552
1436 1553
1084 1554
1467 1555
1295 1556
1440 1557
1495 1558
1554 1559
1520 1560
1487 1561
1441 1562
1552 1563
1522 1564
1437 1565
1425 1566
1480 1567
1198 1568
1139 1569
1372 1570
1426 1571
1318 1572
1546 1573
1526 1574
1534 1575
1564 1576
1379 1577
1549 1578
1529 1579
1541 1580
1569 1581
1555 1582
1381 1583
1485 1584
1563 1585
1583 1586
1511 1587
1499 1588
1475 1589
1583 1590
1405 1591
1433 1592
1399 1593
1542 1594
1551 1595
1360 1596
1494 1597
1543 1598
1560 1599
1559 1600
1567 1601
1561 1602
1580 1603
1492 1604
1584 1605
1598 1606
1565 1607
1558 1608
1607 1609
1366 1610
1331 1611
1596 1612
1392 1613
1501 1614
1518 1615
1613 1616
1082 1617
1178 1618
1454 1619
1605 1620
1427 1621
1468 1622
1502 1623
1619 1624
1550 1625
1557 1626
1496 1627
1521 1628
1241 1629
1461 1630
1573 1631
1545 1632
1631 1633
1608 1634
1606 1635
1577 1636
1528 1637
1586 1638
1624 1639
1291 1640
1633 1641
1641 1642
1622 1643
1594 1644
1578 1645
1516 1646
1579 1647
1463 1648
1003 1649
1343 1650
1540 1651
1604 1652
1460 1653
1497 1654
1478 1655
1544 1656
1206 1657
1587 1658
1618 1659
1260 1660
1469 1661
1628 1662
1650 1663
1512 1664
1562 1665
1657 1666
1500 1667
1627 1668
1645 1669
1644 1670
1450 1671
1572 1672
1602 1673
1599 1674
1514 1675
1523 1676
1653 1677
1649 1678
1640 1679
1482 1680
1678 1681
1600 1682
1660 1683
1634 1684
1629 1685
1589 1686
1601 1687
1581 1688
1576 1689
1582 1690
1661 1691
1664 1692
1688 1693
1656 1694
1671 1695
1590 1696
1615 1697
1649 1698
1685 1699
1680 1700
1655 1701
1611 1702
1697 1703
1603 1704
1538 1705
1574 1706
1695 1707
1676 1708
1075 1709
1701 1710
1684 1711
1642 1712
1324 1713
1709 1714
1625 1715
1705 1716
1519 1717
1616 1718
1703 1719
1717 1720
1637 1721
1614 1722
1617 1723
1667 1724
1704 1725
1575 1726
1712 1727
1690 1728
1725 1729
1695 1730
1585 1731
1728 1732
1730 1733
1677 1734
1597 1735
1658 1736
1488 1737
1455 1738
1716 1739
1626 1740
1531 1741
1553 1742
1715 1743
1741 1744
1673 1745
1706 1746
1591 1747
1714 1748
1718 1749
1651 1750
1489 1751
1682 1752
1663 1753
1504 1754
1753 1755
1691 1756
1739 1757
1570 1758
1473 1759
1720 1760
1566 1761
1732 1762
1623 1763
1756 1764
1700 1765
1735 1766
1743 1767
1666 1768
1693 1769
1452 1770
1621 1771
1731 1772
1733 1773
1548 1774
1672 1775
1774 1776
1752 1777
1766 1778
1681 1779
1635 1780
1708 1781
1670 1782
1652 1783
1699 1784
1694 1785
1783 1786
1605 1787
1592 1788
1595 1789
1486 1790
1627 1791
1664 1792
1692 1793
1749 1794
1746 1795
1737 1796
1757 1797
1762 1798
1683 1799
1713 1800
1727 1801
1790 1802
1688 1803
1788 1804
1654 1805
1754 1806
1689 1807
1643 1808
1735 1809
1785 1810
1795 1811
1802 1812
1804 1813
1787 1814
1571 1815
1702 1816
1760 1817
1765 1818
1780 1819
1722 1820
1813 1821
1519 1822
1742 1823
1809 1824
1740 1825
1710 1826
1758 1827
1812 1828
1674 1829
1825 1830
1823 1831
1784 1832
1404 1833
1588 1834
1796 1835
1568 1836
1719 1837
1798 1838
1763 1839
1792 1840
1523 1841
1736 1842
1824 1843
1647 1844
1675 1845
1791 1846
1828 1847
1533 1848
1835 1849
1820 1850
1683 1851
1620 1852
1745 1853
1696 1854
1532 1855
1536 1856
1808 1857
1818 1858
1761 1859
1768 1860
1843 1861
1810 1862
1738 1863
1751 1864
1811 1865
1845 1866
1630 1867
1824 1868
1830 1869
1827 1870
1803 1871
1799 1872
1850 1873
1719 1874
1660 1875
1840 1876
1864 1877
1872 1878
1868 1879
1750 1880
1870 1881
1726 1882
1816 1883
1871 1884
1794 1885
1881 1886
1882 1887
1772 1888
1822 1889
1839 1890
1856 1891
1679 1892
1789 1893
1851 1894
1831 1895
1831 1896
1632 1897
1670 1898
1858 1899
1793 1900
1888 1901
1879 1902
1639 1903
1734 1904
1807 1905
1805 1906
1862 1907
1896 1908
1893 1909
1878 1910
1832 1911
1755 1912
1760 1913
1369 1914
1738 1915
1646 1916
1846 1917
1909 1918
1863 1919
1886 1920
1648 1921
1917 1922
1779 1923
1849 1924
1897 1925
1915 1926
1771 1927
1509 1928
1669 1929
1841 1930
1612 1931
1686 1932
1668 1933
1836 1934
1815 1935
1866 1936
1829 1937
1914 1938
1535 1939
1890 1940
1747 1941
1875 1942
1864 1943
1748 1944
1906 1945
1744 1946
1933 1947
1423 1948
1800 1949
1698 1950
1189 1951
1537 1952
1781 1953
1530 1954
1950 1955
1910 1956
1953 1957
1770 1958
1883 1959
1877 1960
1856 1961
1945 1962
1921 1963
1687 1964
1950 1965
1962 1966
1930 1967
1965 1968
1939 1969
1775 1970
1967 1971
1723 1972
1764 1973
1776 1974
1847 1975
1911 1976
1947 1977
1905 1978
1874 1979
1943 1980
1707 1981
1665 1982
1970 1983
1752 1984
1935 1985
1904 1986
1914 1987
1797 1988
1975 1989
1855 1990
1931 1991
1942 1992
1951 1993
1638 1994
1919 1995
1958 1996
1994 1997
1783 1998
1988 1999
1982 2000
1986 2001
1999 2002
1979 2003
1990 2004
1662 2005
2003 2006
1892 2007
1997 2008
1925 2009
2001 2010
2009 2011
1995 2012
1814 2013
1861 2014
1973 2015
1902 2016
1957 2017
1833 2018
1913 2019
2013 2020
1899 2021
1908 2022
1968 2023
1960 2024
1977 2025
2023 2026
1769 2027
1609 2028
1977 2029
2027 2030
1920 2031
2015 2032
1880 2033
1976 2034
1922 2035
1782 2036
2020 2037
1848 2038
1972 2039
2026 2040
1446 2041
2002 2042
1987 2043
1884 2044
1838 2045
2016 2046
1842 2047
1610 2048
1821 2049
1957 2050
1959 2051
2042 2052
1517 2053
2017 2054
1912 2055
2045 2056
1864 2057
2024 2058
1924 2059
2006 2060
2035 2061
1869 2062
1887 2063
1891 2064
1888 2065
1659 2066
1894 2067
2044 2068
2000 2069
2007 2070
2036 2071
2010 2072
2070 2073
1834 2074
2061 2075
2072 2076
2076 2077
1955 2078
2071 2079
1996 2080
1941 2081
1881 2082
2025 2083
2031 2084
1865 2085
2083 2086
1859 2087
2005 2088
2029 2089
1819 2090
2046 2091
1940 2092
1907 2093
1898 2094
1985 2095
2056 2096
2092 2097
1729 2098
1644 2099
2065 2100
1983 2101
1923 2102
1778 2103
1952 2104
1929 2105
1806 2106
2103 2107
1844 2108
2078 2109
2026 2110
1593 2111
1998 2112
2098 2113
2021 2114
1867 2115
1960 2116
2034 2117
2074 2118
2050 2119
2062 2120
2048 2121
1946 2122
2082 2123
1898 2124
2069 2125
2067 2126
2053 2127
1981 2128
2084 2129
1837 2130
2130 2131
2043 2132
2008 2133
1900 2134
1892 2135
2113 2136
2108 2137
2055 2138
2127 2139
1949 2140
2120 2141
1964 2142
2093 2143
2139 2144
2117 2145
1885 2146
1889 2147
2051 2148
2068 2149
1777 2150
2095 2151
1961 2152
1984 2153
2060 2154
1966 2155
2110 2156
2073 2157
2128 2158
1724 2159
2143 2160
2085 2161
2160 2162
2158 2163
1830 2164
2149 2165
2111 2166
1937 2167
2167 2168
2126 2169
2147 2170
2018 2171
2168 2172
1928 2173
1525 2174
1759 2175
2115 2176
1932 2177
2063 2178
2118 2179
1826 2180
2106 2181
1711 2182
1926 2183
1993 2184
2161 2185
2069 2186
1860 2187
2173 2188
2116 2189
1936 2190
2162 2191
2022 2192
2176 2193
2041 2194
2066 2195
2157 2196
2091 2197
1991 2198
1980 2199
2193 2200
2199 2201
1636 2202
1801 2203
1773 2204
2137 2205
2079 2206
2179 2207
2171 2208
2152 2209
2180 2210
2183 2211
2038 2212
2122 2213
1944 2214
1865 2215
2036 2216
2216 2217
2212 2218
2153 2219
2190 2220
2045 2221
2134 2222
1757 2223
2097 2224
2218 2225
2163 2226
1873 2227
2121 2228
2225 2229
2220 2230
2188 2231
2081 2232
2181 2233
2218 2234
2087 2235
2229 2236
2004 2237
2033 2238
2086 2239
2195 2240
2105 2241
2054 2242
2099 2243
2102 2244
2200 2245
1969 2246
2146 2247
2101 2248
1876 2249
1989 2250
1918 2251
2213 2252
2064 2253
2141 2254
2222 2255
2230 2256
2136 2257
2156 2258
2191 2259
2256 2260
2217 2261
2142 2262
2210 2263
2196 2264
2206 2265
2194 2266
2059 2267
2119 2268
2178 2269
2039 2270
2208 2271
2257 2272
1918 2273
2259 2274
2235 2275
2058 2276
2112 2277
2119 2278
1971 2279
2245 2280
2125 2281
2274 2282
1556 2283
2271 2284
2228 2285
2057 2286
2211 2287
2255 2288
1908 2289
2215 2290
2096 2291
2283 2292
1974 2293
2247 2294
2259 2295
1979 2296
1903 2297
2276 2298
1956 2299
2040 2300
2286 2301
2201 2302
2278 2303
2294 2304
2289 2305
2293 2306
1901 2307
2301 2308
2124 2309
2244 2310
1927 2311
2308 2312
2210 2313
2273 2314
2049 2315
2303 2316
2231 2317
2089 2318
1934 2319
2260 2320
2032 2321
2197 2322
2172 2323
2316 2324
2258 2325
2285 2326
2148 2327
1916 2328
2243 2329
2205 2330
2232 2331
2100 2332
2315 2333
2132 2334
2145 2335
2138 2336
2331 2337
1741 2338
2186 2339
1854 2340
2094 2341
2107 2342
2177 2343
2275 2344
2267 2345
2288 2346
2140 2347
1954 2348
2311 2349
2305 2350
2104 2351
2263 2352
2322 2353
2203 2354
2125 2355
2351 2356
2077 2357
2280 2358
2242 2359
2354 2360
2332 2361
2269 2362
2342 2363
2329 2364
2151 2365
2319 2366
2343 2367
2318 2368
1513 2369
2336 2370
2184 2371
1963 2372
2241 2373
2227 2374
2150 2375
2357 2376
2252 2377
2333 2378
2365 2379
2109 2380
2266 2381
2346 2382
2123 2383
2284 2384
2166 2385
2187 2386
2300 2387
2254 2388
2133 2389
2340 2390
2249 2391
2287 2392
2362 2393
2337 2394
2014 2395
2226 2396
2324 2397
2360 2398
1862 2399
2262 2400
2360 2401
2379 2402
2349 2403
2313 2404
2364 2405
2261 2406
2307 2407
2378 2408
1852 2409
2312 2410
2282 2411
2401 2412
2326 2413
2144 2414
2192 2415
1853 2416
2413 2417
2414 2418
2095 2419
2374 2420
2317 2421
2207 2422
2387 2423
2355 2424
2353 2425
2316 2426
2359 2427
2391 2428
2088 2429
2350 2430
2304 2431
2430 2432
2239 2433
2412 2434
2174 2435
2019 2436
2291 2437
2275 2438
2414 2439
2204 2440
2397 2441
2381 2442
2131 2443
2302 2444
2306 2445
2309 2446
2382 2447
2446 2448
2129 2449
2405 2450
2335 2451
2298 2452
2358 2453
2418 2454
2223 2455
2450 2456
2380 2457
2427 2458
2453 2459
2268 2460
2393 2461
2372 2462
2403 2463
2198 2464
2175 2465
2402 2466
2400 2467
2156 2468
2202 2469
2221 2470
1721 2471
2259 2472
2350 2473
2441 2474
2368 2475
2398 2476
2472 2477
2189 2478
2466 2479
2406 2480
2165 2481
2459 2482
2481 2483
2451 2484
2314 2485
2448 2486
2302 2487
2244 2488
2482 2489
2323 2490
2431 2491
2159 2492
2462 2493
2388 2494
2431 2495
2491 2496
2444 2497
1432 2498
2449 2499
2214 2500
2135 2501
2466 2502
2467 2503
2321 2504
1767 2505
2419 2506
2348 2507
2327 2508
1978 2509
2507 2510
1786 2511
2426 2512
2477 2513
2484 2514
1954 2515
2234 2516
2435 2517
2011 2518
2473 2519
2433 2520
2075 2521
2455 2522
2517 2523
2503 2524
2347 2525
2470 2526
2373 2527
2428 2528
2443 2529
2264 2530
2464 2531
2465 2532
2330 2533
2408 2534
2370 2535
2410 2536
2518 2537
2356 2538
2445 2539
2366 2540
2533 2541
2320 2542
2148 2543
2246 2544
2523 2545
2502 2546
2513 2547
2407 2548
2420 2549
2493 2550
2457 2551
2529 2552
2224 2553
2496 2554
1895 2555
2479 2556
2515 2557
1817 2558
2414 2559
2392 2560
2537 2561
2544 2562
2185 2563
2492 2564
2559 2565
2279 2566
2561 2567
2404 2568
2114 2569
2568 2570
2490 2571
2136 2572
2411 2573
2460 2574
2417 2575
2506 2576
2485 2577
2386 2578
2495 2579
2487 2580
2489 2581
2219 2582
2432 2583
2051 2584
2534 2585
2299 2586
2297 2587
2389 2588
2154 2589
2498 2590
2377 2591
2590 2592
2521 2593
2555 2594
2344 2595
2510 2596
2395 2597
2550 2598
2572 2599
2250 2600
1547 2601
2238 2602
2367 2603
2578 2604
2251 2605
2436 2606
2579 2607
2452 2608
2471 2609
2516 2610
2458 2611
1977 2612
2265 2613
2421 2614
2486 2615
2369 2616
2494 2617
2547 2618
2605 2619
2570 2620
2577 2621
2563 2622
2586 2623
2090 2624
2352 2625
2535 2626
2439 2627
2578 2628
2617 2629
2628 2630
2511 2631
2037 2632
2400 2633
2573 2634
2456 2635
2589 2636
2634 2637
2164 2638
2525 2639
2557 2640
2542 2641
2243 2642
2582 2643
2296 2644
2574 2645
2557 2646
2423 2647
2603 2648
2429 2649
2295 2650
2629 2651
2341 2652
2610 2653
2549 2654
2597 2655
2587 2656
2434 2657
2626 2658
2497 2659
2551 2660
2376 2661
2571 2662
2363 2663
2396 2664
2614 2665
2334 2666
2515 2667
2665 2668
2422 2669
2611 2670
2483 2671
2552 2672
2532 2673
2170 2674
2499 2675
2182 2676
2664 2677
2052 2678
2627 2679
2558 2680
2641 2681
2478 2682
2615 2683
2528 2684
2645 2685
2608 2686
2674 2687
2541 2688
2524 2689
2552 2690
2530 2691
2656 2692
2673 2693
2512 2694
2682 2695
2338 2696
1948 2697
2538 2698
2567 2699
2209 2700
2616 2701
2488 2702
2480 2703
2576 2704
2600 2705
2394 2706
2598 2707
2644 2708
2233 2709
2668 2710
2591 2711
2468 2712
2383 2713
2701 2714
2676 2715
2454 2716
2703 2717
2639 2718
2169 2719
2638 2720
2498 2721
1992 2722
2556 2723
2270 2724
2440 2725
2253 2726
2522 2727
2509 2728
2602 2729
2724 2730
2609 2731
2621 2732
2698 2733
2442 2734
2599 2735
2672 2736
2529 2737
2583 2738
2693 2739
2369 2740
2546 2741
2679 2742
2508 2743
2531 2744
2565 2745
2696 2746
2743 2747
2709 2748
2653 2749
2705 2750
2683 2751
2731 2752
2749 2753
2613 2754
2620 2755
2593 2756
2699 2757
2476 2758
2687 2759
2691 2760
2750 2761
2748 2762
2649 2763
2277 2764
2663 2765
2630 2766
2764 2767
2612 2768
2631 2769
2733 2770
2652 2771
2740 2772
2675 2773
2399 2774
2564 2775
2579 2776
2711 2777
2677 2778
2592 2779
2720 2780
2635 2781
2755 2782
2678 2783
2659 2784
2719 2785
2706 2786
2536 2787
2545 2788
2519 2789
2762 2790
2748 2791
2751 2792
2773 2793
2562 2794
2777 2795
2792 2796
2463 2797
1938 2798
2723 2799
2632 2800
2618 2801
2594 2802
2328 2803
2782 2804
2310 2805
2514 2806
2361 2807
2569 2808
2654 2809
2345 2810
2800 2811
2580 2812
2625 2813
2714 2814
2669 2815
2779 2816
2339 2817
2788 2818
2758 2819
2695 2820
2292 2821
2666 2822
2746 2823
2450 2824
2814 2825
2704 2826
2813 2827
2791 2828
2650 2829
2826 2830
2588 2831
2697 2832
2831 2833
2109 2834
2259 2835
2595 2836
2725 2837
2658 2838
2787 2839
2793 2840
2837 2841
2500 2842
2604 2843
2827 2844
2795 2845
2776 2846
2843 2847
2735 2848
2815 2849
2390 2850
2754 2851
2685 2852
2767 2853
2830 2854
2836 2855
2718 2856
2846 2857
2704 2858
2662 2859
2526 2860
2853 2861
2757 2862
2818 2863
2030 2864
2667 2865
2783 2866
2707 2867
2848 2868
2856 2869
2774 2870
2670 2871
2834 2872
2047 2873
2012 2874
2240 2875
2469 2876
2815 2877
2419 2878
2553 2879
2461 2880
2781 2881
2732 2882
2637 2883
2384 2884
2868 2885
2525 2886
2834 2887
2554 2888
2607 2889
2416 2890
2797 2891
2838 2892
2371 2893
2789 2894
2849 2895
2281 2896
2785 2897
2865 2898
2877 2899
2796 2900
2716 2901
2717 2902
2821 2903
2661 2904
2863 2905
2248 2906
2424 2907
2794 2908
2772 2909
2539 2910
2867 2911
2520 2912
2771 2913
2049 2914
2844 2915
2540 2916
2884 2917
2828 2918
2873 2919
2817 2920
2770 2921
2854 2922
2922 2923
2906 2924
2623 2925
2642 2926
2694 2927
2166 2928
2903 2929
2755 2930
2385 2931
2501 2932
2415 2933
2640 2934
2155 2935
2894 2936
2916 2937
2681 2938
2918 2939
2878 2940
2425 2941
2926 2942
2905 2943
2829 2944
2437 2945
2925 2946
2882 2947
2761 2948
2549 2949
2896 2950
2728 2951
2936 2952
2937 2953
2820 2954
2653 2955
2862 2956
2851 2957
2939 2958
2739 2959
2908 2960
2942 2961
2915 2962
2961 2963
2957 2964
2822 2965
2870 2966
2715 2967
2552 2968
2952 2969
2560 2970
2933 2971
2833 2972
2969 2973
2910 2974
2835 2975
2657 2976
2643 2977
2876 2978
2927 2979
2566 2980
2852 2981
2700 2982
2876 2983
2759 2984
2931 2985
2984 2986
2899 2987
2898 2988
2752 2989
2655 2990
2841 2991
2947 2992
2835 2993
2977 2994
2985 2995
2891 2996
2810 2997
2975 2998
2606 2999
2951 3000
2972 3001
2866 3002
2879 3003
2766 3004
2730 3005
2944 3006
2997 3007
2902 3008
1857 3009
2932 3010
2726 3011
2897 3012
2955 3013
2847 3014
2886 3015
2768 3016
2581 3017
2738 3018
2548 3019
2475 3020
2775 3021
3004 3022
2982 3023
2959 3024
2808 3025
2631 3026
2880 3027
2778 3028
2803 3029
3028 3030
3000 3031
2960 3032
2759 3033
3025 3034
2804 3035
2893 3036
2741 3037
2812 3038
2980 3039
2869 3040
2850 3041
2753 3042
2790 3043
3003 3044
2673 3045
2966 3046
3012 3047
2864 3048
2912 3049
2911 3050
2840 3051
2895 3052
2692 3053
2504 3054
2906 3055
3044 3056
2832 3057
3045 3058
3003 3059
3038 3060
3014 3061
2945 3062
2970 3063
2237 3064
3040 3065
2993 3066
2860 3067
2760 3068
2702 3069
2806 3070
2710 3071
2859 3072
3061 3073
2928 3074
2575 3075
3041 3076
2986 3077
2919 3078
3052 3079
3078 3080
2636 3081
2861 3082
3066 3083
2736 3084
2900 3085
3022 3086
2994 3087
3074 3088
2935 3089
2881 3090
2967 3091
2747 3092
2996 3093
2845 3094
2776 3095
2506 3096
2822 3097
2990 3098
2907 3099
3073 3100
2999 3101
2964 3102
3006 3103
3049 3104
3084 3105
2968 3106
2647 3107
2920 3108
3100 3109
2871 3110
2941 3111
3101 3112
3106 3113
2688 3114
3031 3115
2852 3116
3036 3117
2918 3118
3062 3119
3039 3120
2823 3121
2648 3122
3016 3123
3103 3124
3065 3125
3102 3126
3071 3127
3099 3128
3085 3129
3037 3130
2949 3131
3090 3132
2080 3133
2801 3134
3113 3135
2438 3136
3127 3137
3016 3138
3050 3139
3130 3140
3131 3141
3119 3142
3098 3143
2716 3144
2375 3145
3083 3146
3085 3147
3076 3148
2979 3149
2946 3150
3001 3151
3104 3152
2584 3153
2892 3154
2974 3155
2633 3156
2660 3157
3146 3158
2989 3159
2272 3160
2671 3161
2988 3162
3075 3163
3047 3164
2527 3165
2555 3166
3010 3167
3145 3168
3108 3169
3169 3170
2744 3171
3129 3172
3018 3173
2962 3174
3042 3175
2752 3176
2991 3177
3176 3178
3048 3179
2713 3180
3088 3181
3072 3182
2950 3183
3015 3184
3148 3185
2824 3186
3005 3187
3144 3188
3158 3189
3172 3190
3128 3191
3135 3192
3080 3193
2798 3194
2737 3195
3155 3196
3077 3197
3147 3198
2913 3199
2756 3200
3054 3201
3015 3202
3065 3203
3155 3204
3165 3205
3134 3206
3141 3207
3197 3208
2690 3209
3191 3210
2909 3211
2917 3212
3112 3213
3123 3214
3192 3215
3021 3216
3213 3217
2809 3218
3159 3219
3211 3220
3207 3221
3190 3222
3208 3223
3201 3224
3179 3225
2978 3226
3173 3227
2914 3228
3149 3229
2940 3230
3111 3231
3194 3232
2943 3233
2963 3234
2727 3235
2805 3236
2236 3237
3125 3238
3229 3239
3234 3240
3226 3241
3168 3242
2447 3243
3170 3244
3046 3245
3143 3246
3204 3247
2987 3248
3203 3249
3029 3250
3118 3251
2565 3252
3172 3253
3089 3254
3116 3255
3152 3256
3057 3257
2800 3258
3126 3259
3221 3260
2938 3261
2973 3262
3081 3263
3082 3264
3136 3265
2325 3266
3223 3267
3196 3268
3043 3269
3069 3270
2875 3271
3171 3272
2811 3273
3140 3274
3241 3275
3261 3276
3064 3277
3153 3278
3094 3279
3019 3280
3026 3281
3230 3282
3107 3283
3214 3284
2784 3285
2872 3286
2469 3287
3246 3288
2887 3289
3138 3290
3013 3291
2708 3292
2601 3293
3163 3294
3239 3295
3212 3296
3198 3297
3266 3298
3053 3299
2842 3300
3277 3301
2345 3302
2821 3303
3183 3304
3114 3305
3298 3306
3060 3307
2651 3308
2976 3309
3227 3310
3276 3311
2981 3312
3109 3313
2858 3314
3222 3315
3122 3316
2709 3317
3247 3318
3314 3319
3253 3320
3182 3321
3297 3322
2958 3323
3087 3324
3217 3325
3060 3326
3249 3327
3017 3328
3030 3329
3255 3330
3242 3331
3274 3332
3124 3333
2722 3334
3293 3335
3137 3336
3312 3337
3091 3338
2622 3339
2619 3340
2929 3341
3287 3342
3093 3343
3308 3344
3331 3345
2780 3346
2786 3347
2839 3348
3271 3349
2505 3350
3305 3351
3237 3352
3206 3353
3120 3354
3278 3355
2855 3356
2975 3357
3300 3358
3181 3359
3332 3360
3338 3361
2924 3362
3225 3363
3096 3364
2953 3365
3263 3366
3270 3367
3008 3368
3187 3369
3243 3370
3070 3371
3334 3372
3322 3373
3268 3374
3291 3375
3240 3376
3303 3377
3247 3378
3283 3379
3156 3380
2596 3381
2656 3382
2799 3383
3162 3384
3150 3385
3232 3386
3033 3387
3328 3388
3165 3389
3024 3390
3345 3391
3389 3392
3216 3393
3379 3394
2028 3395
3384 3396
2543 3397
2998 3398
2769 3399
3376 3400
3359 3401
3368 3402
3056 3403
3177 3404
3238 3405
2885 3406
3058 3407
3115 3408
3324 3409
3219 3410
3325 3411
3157 3412
3180 3413
3233 3414
2722 3415
3264 3416
2983 3417
3378 3418
2409 3419
3296 3420
2765 3421
3224 3422
3286 3423
3174 3424
3281 3425
3399 3426
3285 3427
2722 3428
2981 3429
3412 3430
3352 3431
2474 3432
3058 3433
3346 3434
3166 3435
3343 3436
3256 3437
3335 3438
3348 3439
3228 3440
3438 3441
3417 3442
3416 3443
3414 3444
3403 3445
3400 3446
3433 3447
3339 3448
3284 3449
3244 3450
3358 3451
3404 3452
3289 3453
3050 3454
3020 3455
3435 3456
3402 3457
3375 3458
3296 3459
3326 3460
3092 3461
3230 3462
3329 3463
3067 3464
3459 3465
3215 3466
2921 3467
2807 3468
3110 3469
3449 3470
3205 3471
2901 3472
3408 3473
3443 3474
3351 3475
3373 3476
3363 3477
2940 3478
2971 3479
3425 3480
3154 3481
3304 3482
3441 3483
3450 3484
3467 3485
2995 3486
3175 3487
2974 3488
3437 3489
3428 3490
3434 3491
3132 3492
3188 3493
3068 3494
3095 3495
3462 3496
3444 3497
3200 3498
3310 3499
3422 3500
3167 3501
2712 3502
3336 3503
3275 3504
2684 3505
3426 3506
3418 3507
3413 3508
3339 3509
3465 3510
3475 3511
3027 3512
3347 3513
3344 3514
2841 3515
3498 3516
2646 3517
3482 3518
3409 3519
3393 3520
3382 3521
3011 3522
2954 3523
3438 3524
3485 3525
2992 3526
2889 3527
3032 3528
3059 3529
3484 3530
3192 3531
3423 3532
3142 3533
3429 3534
3445 3535
3472 3536
3184 3537
3438 3538
3333 3539
3350 3540
3391 3541
3427 3542
3295 3543
3531 3544
3236 3545
3034 3546
3225 3547
2857 3548
3410 3549
3411 3550
3488 3551
3497 3552
3538 3553
3362 3554
3421 3555
3355 3556
2890 3557
3430 3558
3495 3559
3558 3560
3542 3561
3380 3562
3440 3563
3453 3564
3189 3565
2965 3566
3415 3567
3442 3568
3161 3569
3230 3570
3553 3571
3007 3572
3489 3573
3354 3574
3549 3575
3451 3576
2833 3577
3538 3578
3533 3579
3574 3580
3269 3581
3235 3582
3492 3583
3265 3584
3151 3585
2689 3586
3494 3587
3471 3588
2930 3589
3503 3590
3515 3591
3121 3592
3254 3593
3311 3594
3253 3595
3407 3596
3202 3597
3527 3598
3193 3599
3281 3600
3530 3601
3178 3602
3554 3603
3299 3604
3560 3605
3510 3606
3526 3607
3514 3608
3606 3609
3439 3610
3559 3611
3610 3612
3397 3613
3464 3614
3392 3615
3476 3616
3564 3617
3493 3618
3571 3619
3596 3620
3377 3621
3330 3622
3573 3623
3431 3624
3549 3625
3309 3626
3550 3627
3388 3628
3290 3629
3594 3630
2686 3631
3260 3632
3507 3633
3496 3634
3631 3635
3624 3636
3370 3637
3491 3638
3424 3639
3615 3640
2802 3641
3385 3642
3490 3643
3398 3644
3523 3645
3633 3646
3563 3647
3536 3648
3513 3649
3601 3650
3557 3651
3035 3652
3097 3653
3306 3654
3626 3655
3641 3656
3516 3657
3517 3658
3597 3659
3394 3660
3166 3661
3614 3662
3599 3663
3661 3664
3662 3665
3490 3666
3337 3667
3463 3668
3505 3669
3374 3670
3657 3671
2948 3672
3608 3673
2819 3674
3602 3675
3486 3676
3186 3677
3648 3678
3504 3679
3479 3680
3630 3681
3635 3682
2134 3683
3524 3684
3611 3685
3500 3686
3639 3687
3210 3688
3341 3689
3671 3690
3349 3691
3605 3692
3518 3693
3250 3694
3307 3695
3480 3696
3362 3697
3619 3698
3543 3699
3372 3700
3578 3701
3696 3702
3623 3703
3621 3704
3682 3705
3575 3706
2914 3707
3506 3708
3663 3709
3613 3710
3700 3711
3689 3712
3280 3713
3361 3714
3674 3715
3323 3716
3539 3717
3622 3718
3469 3719
3590 3720
3577 3721
3600 3722
3319 3723
3342 3724
2816 3725
3592 3726
3532 3727
3638 3728
3707 3729
3658 3730
3396 3731
3680 3732
3501 3733
3386 3734
3603 3735
3670 3736
3651 3737
3632 3738
3678 3739
3528 3740
3218 3741
3708 3742
3629 3743
3699 3744
3649 3745
2585 3746
3697 3747
3648 3748
3199 3749
3432 3750
3164 3751
3405 3752
3691 3753
3692 3754
3073 3755
3666 3756
3465 3757
3483 3758
3673 3759
2734 3760
3258 3761
3259 3762
3357 3763
3387 3764
3555 3765
3257 3766
3456 3767
3568 3768
3593 3769
3063 3770
3617 3771
3502 3772
3749 3773
3698 3774
3687 3775
3685 3776
3767 3777
3360 3778
3406 3779
3764 3780
3725 3781
3515 3782
2956 3783
3466 3784
3420 3785
3548 3786
3534 3787
3315 3788
3487 3789
3654 3790
3340 3791
3773 3792
3397 3793
3579 3794
2874 3795
3529 3796
3477 3797
3737 3798
2883 3799
3160 3800
3660 3801
3777 3802
3272 3803
3105 3804
3367 3805
3719 3806
3446 3807
3316 3808
3468 3809
3677 3810
2653 3811
3390 3812
3458 3813
3733 3814
3584 3815
3683 3816
2680 3817
3457 3818
3620 3819
3502 3820
2965 3821
3245 3822
3798 3823
2721 3824
3604 3825
3669 3826
3794 3827
3808 3828
2742 3829
3537 3830
3353 3831
3655 3832
3396 3833
3720 3834
3248 3835
3647 3836
3133 3837
3716 3838
3473 3839
3002 3840
3782 3841
3567 3842
3835 3843
3580 3844
3727 3845
3686 3846
3712 3847
3129 3848
3779 3849
3703 3850
3747 3851
3595 3852
3817 3853
3535 3854
3852 3855
3273 3856
3850 3857
3117 3858
3736 3859
3735 3860
3587 3861
3842 3862
3853 3863
3693 3864
3621 3865
3419 3866
3845 3867
3318 3868
3586 3869
3752 3870
3521 3871
3731 3872
3856 3873
3819 3874
3645 3875
3833 3876
3753 3877
3722 3878
3262 3879
3847 3880
3873 3881
2624 3882
2825 3883
3748 3884
3743 3885
3758 3886
3728 3887
3570 3888
3646 3889
3883 3890
3841 3891
2548 3892
3888 3893
3818 3894
2763 3895
3672 3896
3545 3897
3820 3898
3855 3899
3371 3900
3868 3901
3710 3902
3755 3903
3879 3904
3448 3905
3713 3906
3667 3907
3872 3908
3790 3909
3288 3910
3361 3911
3778 3912
3816 3913
3863 3914
3744 3915
3841 3916
3830 3917
3774 3918
3805 3919
3718 3920
3809 3921
3317 3922
3295 3923
3367 3924
3470 3925
3583 3926
3815 3927
3813 3928
3906 3929
3185 3930
3679 3931
3591 3932
3369 3933
3770 3934
3267 3935
3899 3936
3231 3937
3561 3938
3932 3939
3832 3940
3795 3941
3474 3942
3252 3943
3637 3944
3546 3945
3161 3946
3810 3947
3701 3948
3420 3949
3723 3950
2923 3951
3851 3952
3455 3953
3540 3954
3797 3955
3892 3956
3822 3957
3452 3958
3785 3959
3714 3960
3909 3961
3869 3962
3865 3963
3079 3964
3907 3965
3876 3966
3802 3967
3794 3968
3944 3969
3395 3970
3861 3971
3436 3972
3942 3973
3889 3974
3364 3975
3970 3976
3664 3977
3766 3978
3923 3979
3636 3980
3650 3981
3675 3982
3592 3983
3321 3984
3820 3985
3913 3986
3789 3987
3640 3988
3757 3989
3966 3990
3705 3991
3821 3992
3781 3993
3677 3994
3562 3995
3929 3996
3588 3997
3902 3998
3772 3999
3050 4000
3356 4001
3739 4002
4001 4003
3828 4004
3086 4005
3139 4006
4004 4007
3454 4008
3901 4009
3982 4010
3846 4011
3991 4012
3279 4013
3965 4014
3768 4015
3744 4016
3724 4017
3824 4018
3909 4019
3793 4020
4015 4021
3896 4022
3698 4023
3986 4024
3811 4025
3525 4026
3676 4027
3447 4028
3906 4029
3691 4030
3759 4031
4010 4032
3849 4033
2745 4034
3866 4035
3947 4036
3807 4037
3976 4038
3854 4039
3294 4040
3581 4041
3715 4042
3985 4043
3926 4044
3607 4045
4033 4046
3328 4047
3460 4048
3838 4049
3793 4050
3009 4051
3556 4052
3118 4053
3837 4054
3999 4055
4021 4056
4007 4057
3922 4058
3796 4059
3313 4060
3730 4061
4030 4062
4025 4063
3195 4064
3755 4065
3903 4066
2290 4067
4022 4068
3369 4069
3203 4070
3834 4071
3987 4072
3184 4073
4072 4074
3840 4075
3968 4076
3975 4077
3685 4078
3771 4079
3745 4080
4036 4081
3612 4082
4065 4083
4002 4084
4014 4085
3964 4086
3973 4087
3997 4088
4056 4089
3848 4090
3993 4091
4063 4092
3653 4093
3806 4094
4028 4095
3826 4096
3971 4097
4087 4098
3882 4099
3954 4100
4035 4101
3829 4102
3514 4103
3803 4104
3547 4105
3688 4106
4088 4107
3786 4108
4008 4109
3681 4110
4041 4111
4006 4112
3582 4113
3589 4114
4005 4115
3740 4116
3706 4117
3754 4118
4076 4119
3739 4120
3401 4121
3858 4122
4068 4123
2934 4124
3511 4125
4061 4126
4125 4127
3742 4128
3365 4129
4116 4130
3968 4131
4120 4132
4132 4133
4059 4134
4019 4135
4061 4136
4099 4137
3799 4138
4109 4139
3943 4140
3220 4141
4119 4142
3890 4143
4131 4144
3935 4145
3687 4146
4107 4147
4024 4148
3951 4149
4034 4150
3917 4151
3933 4152
3920 4153
3925 4154
4027 4155
4003 4156
4057 4157
3023 4158
3901 4159
3732 4160
3762 4161
3741 4162
3990 4163
3509 4164
2729 4165
3864 4166
3988 4167
4067 4168
3381 4169
4058 4170
3738 4171
3565 4172
3923 4173
3541 4174
3478 4175
4170 4176
3763 4177
3908 4178
3862 4179
3791 4180
3950 4181
3282 4182
3918 4183
4173 4184
4038 4185
4085 4186
3827 4187
3776 4188
4112 4189
3512 4190
4124 4191
3508 4192
3668 4193
4149 4194
3973 4195
3972 4196
4050 4197
4192 4198
3884 4199
3726 4200
3792 4201
4200 4202
3302 4203
4142 4204
4091 4205
3709 4206
3981 4207
4016 4208
3961 4209
3831 4210
3937 4211
3461 4212
4135 4213
4176 4214
4155 4215
4143 4216
4206 4217
3899 4218
4113 4219
3905 4220
3867 4221
4092 4222
4218 4223
3995 4224
4051 4225
4222 4226
4106 4227
3924 4228
4205 4229
4145 4230
3520 4231
3924 4232
3646 4233
4202 4234
3925 4235
3914 4236
4000 4237
4055 4238
3746 4239
4233 4240
4045 4241
4071 4242
4097 4243
4102 4244
4017 4245
4144 4246
3615 4247
3912 4248
4204 4249
4241 4250
4026 4251
4043 4252
3499 4253
4180 4254
3292 4255
4161 4256
4153 4257
4151 4258
3690 4259
4212 4260
4217 4261
4225 4262
3953 4263
4032 4264
4156 4265
4245 4266
3804 4267
4105 4268
3780 4269
3874 4270
4204 4271
4249 4272
3875 4273
3880 4274
4228 4275
4191 4276
4262 4277
4011 4278
4244 4279
4154 4280
4082 4281
3974 4282
4226 4283
3383 4284
4121 4285
3335 4286
4079 4287
4088 4288
4098 4289
4250 4290
4270 4291
4167 4292
4108 4293
4023 4294
4272 4295
3885 4296
4259 4297
4138 4298
4186 4299
3153 4300
3570 4301
3721 4302
3958 4303
4203 4304
3625 4305
3938 4306
4140 4307
4292 4308
3910 4309
3992 4310
3627 4311
3684 4312
4183 4313
4268 4314
3682 4315
4020 4316
4293 4317
4302 4318
3765 4319
4130 4320
4296 4321
4291 4322
4303 4323
3959 4324
4198 4325
4287 4326
3928 4327
4185 4328
4305 4329
4179 4330
3949 4331
4257 4332
3812 4333
3945 4334
4080 4335
3811 4336
4234 4337
3859 4338
4336 4339
4184 4340
4317 4341
3783 4342
3891 4343
4018 4344
4278 4345
4201 4346
3729 4347
4189 4348
4069 4349
4139 4350
3955 4351
3919 4352
4152 4353
3881 4354
4321 4355
4157 4356
3931 4357
3609 4358
4342 4359
3814 4360
4103 4361
3967 4362
4351 4363
4136 4364
4094 4365
4328 4366
3551 4367
3552 4368
4278 4369
4037 4370
4240 4371
4187 4372
3659 4373
4150 4374
4350 4375
4339 4376
3756 4377
4324 4378
4260 4379
3628 4380
4061 4381
3643 4382
4322 4383
4049 4384
4314 4385
4159 4386
4329 4387
3800 4388
4284 4389
4045 4390
4012 4391
4274 4392
4081 4393
4219 4394
4193 4395
3978 4396
4248 4397
4379 4398
3996 4399
4294 4400
4221 4401
4169 4402
3939 4403
4384 4404
4364 4405
4343 4406
4235 4407
4344 4408
4358 4409
4349 4410
3878 4411
4367 4412
3320 4413
4253 4414
4062 4415
4174 4416
4199 4417
4051 4418
3652 4419
4298 4420
3877 4421
3644 4422
4275 4423
4118 4424
3209 4425
4086 4426
3481 4427
4209 4428
4220 4429
4039 4430
4386 4431
4178 4432
4406 4433
3825 4434
3952 4435
4380 4436
3051 4437
3898 4438
3665 4439
4147 4440
4232 4441
4405 4442
4437 4443
3991 4444
4327 4445
4279 4446
3915 4447
4297 4448
4114 4449
3844 4450
4446 4451
3900 4452
4084 4453
4251 4454
4313 4455
4388 4456
4363 4457
4360 4458
4196 4459
4352 4460
3930 4461
4430 4462
3920 4463
3618 4464
4255 4465
4047 4466
4354 4467
4123 4468
4445 4469
4455 4470
3423 4471
4246 4472
3787 4473
3916 4474
4182 4475
4276 4476
4044 4477
4315 4478
4458 4479
4479 4480
4320 4481
3588 4482
4013 4483
4323 4484
4238 4485
4266 4486
3711 4487
4470 4488
4427 4489
4484 4490
4337 4491
3980 4492
4211 4493
4128 4494
4054 4495
4296 4496
4269 4497
4453 4498
3784 4499
4396 4500
4474 4501
4402 4502
4393 4503
4413 4504
4375 4505
4040 4506
4457 4507
4089 4508
3327 4509
4227 4510
4491 4511
4504 4512
4003 4513
4208 4514
3811 4515
4463 4516
4134 4517
4188 4518
4447 4519
4432 4520
4175 4521
4490 4522
4496 4523
3654 4524
4426 4525
4422 4526
4265 4527
4242 4528
4442 4529
4163 4530
3566 4531
4373 4532
4444 4533
4526 4534
4243 4535
4473 4536
4334 4537
4104 4538
3915 4539
4212 4540
4499 4541
4438 4542
3870 4543
4264 4544
4304 4545
4231 4546
3857 4547
4158 4548
4333 4549
4517 4550
4532 4551
4550 4552
4101 4553
4551 4554
3572 4555
4171 4556
4365 4557
3616 4558
4441 4559
4166 4560
3962 4561
4518 4562
4347 4563
4480 4564
4527 4565
4335 4566
3878 4567
4560 4568
4462 4569
4383 4570
4357 4571
4312 4572
3960 4573
3983 4574
4414 4575
3934 4576
4420 4577
3994 4578
3702 4579
4576 4580
4096 4581
4509 4582
4270 4583
4078 4584
4538 4585
4493 4586
3695 4587
4415 4588
4237 4589
4378 4590
4465 4591
4588 4592
4325 4593
4554 4594
3801 4595
4581 4596
4311 4597
3921 4598
4348 4599
4429 4600
3871 4601
4592 4602
3904 4603
4141 4604
4332 4605
4495 4606
4223 4607
3977 4608
3544 4609
3598 4610
4556 4611
4420 4612
3717 4613
4111 4614
3887 4615
4451 4616
4419 4617
4425 4618
3839 4619
3893 4620
4618 4621
4452 4622
4300 4623
4524 4624
4091 4625
3585 4626
3886 4627
4513 4628
4466 4629
4553 4630
4252 4631
4301 4632
4595 4633
4530 4634
4577 4635
4559 4636
4162 4637
4299 4638
4601 4639
4567 4640
4399 4641
4483 4642
4382 4643
4634 4644
4290 4645
4642 4646
3969 4647
4543 4648
3788 4649
4046 4650
3940 4651
3055 4652
4341 4653
4319 4654
3301 4655
4164 4656
4648 4657
4095 4658
3860 4659
4599 4660
4310 4661
3656 4662
3836 4663
4207 4664
4582 4665
4476 4666
4190 4667
4195 4668
3642 4669
4194 4670
4608 4671
3894 4672
4669 4673
4485 4674
4398 4675
4503 4676
4306 4677
4638 4678
4521 4679
4345 4680
3895 4681
4622 4682
4100 4683
4558 4684
4584 4685
4283 4686
4549 4687
4381 4688
4652 4689
3551 4690
4605 4691
4501 4692
4629 4693
4661 4694
3750 4695
4571 4696
4619 4697
4180 4698
4693 4699
4505 4700
4423 4701
4627 4702
4526 4703
4692 4704
4487 4705
4541 4706
4628 4707
4616 4708
4404 4709
4670 4710
4488 4711
4607 4712
4707 4713
4508 4714
4008 4715
4651 4716
4610 4717
4385 4718
4665 4719
4603 4720
4713 4721
4690 4722
4239 4723
4519 4724
4497 4725
4720 4726
4606 4727
4418 4728
4542 4729
4289 4730
4126 4731
3897 4732
4093 4733
4122 4734
4364 4735
4590 4736
4439 4737
4683 4738
4701 4739
4676 4740
4685 4741
4460 4742
4229 4743
4573 4744
4739 4745
4448 4746
4570 4747
4583 4748
4733 4749
4572 4750
4593 4751
4548 4752
4667 4753
4261 4754
4470 4755
4640 4756
4409 4757
3993 4758
4545 4759
4403 4760
4730 4761
4074 4762
4737 4763
4589 4764
4338 4765
4470 4766
4662 4767
4391 4768
4608 4769
4407 4770
4514 4771
4763 4772
4372 4773
4547 4774
4117 4775
4761 4776
3576 4777
4216 4778
4620 4779
4218 4780
4535 4781
3751 4782
4232 4783
3704 4784
4749 4785
4225 4786
4698 4787
4500 4788
4732 4789
4677 4790
4745 4791
4353 4792
3946 4793
4374 4794
3623 4795
4578 4796
3693 4797
4355 4798
4387 4799
4660 4800
4751 4801
4552 4802
4750 4803
4798 4804
4793 4805
4737 4806
4424 4807
4735 4808
4721 4809
4520 4810
4664 4811
4230 4812
4722 4813
4738 4814
4368 4815
4340 4816
4815 4817
4467 4818
4611 4819
4598 4820
3519 4821
4631 4822
3843 4823
4791 4824
4528 4825
4213 4826
4679 4827
4617 4828
4703 4829
4811 4830
4489 4831
4826 4832
4827 4833
4172 4834
4809 4835
4519 4836
4765 4837
4562 4838
4831 4839
4643 4840
4475 4841
4663 4842
4654 4843
4786 4844
4728 4845
4716 4846
4371 4847
4449 4848
4805 4849
4743 4850
4776 4851
4173 4852
3805 4853
4711 4854
4656 4855
4579 4856
4724 4857
4633 4858
4609 4859
4675 4860
4835 4861
4621 4862
4727 4863
4575 4864
4681 4865
4410 4866
4731 4867
4728 4868
4421 4869
4689 4870
4866 4871
4859 4872
4282 4873
4684 4874
4277 4875
4639 4876
4362 4877
4181 4878
3979 4879
4568 4880
4440 4881
4557 4882
4828 4883
4864 4884
4655 4885
4506 4886
4486 4887
3761 4888
4431 4889
4757 4890
4540 4891
4413 4892
4784 4893
4851 4894
4849 4895
4780 4896
4708 4897
4757 4898
4883 4899
4795 4900
4428 4901
4840 4902
4752 4903
4768 4904
4898 4905
4710 4906
4901 4907
4789 4908
4772 4909
4706 4910
4885 4911
4464 4912
4331 4913
4436 4914
4307 4915
4697 4916
4853 4917
4769 4918
4366 4919
4630 4920
4060 4921
4531 4922
4668 4923
4884 4924
4544 4925
4256 4926
4839 4927
4814 4928
4928 4929
4911 4930
4356 4931
3984 4932
4430 4933
4760 4934
2888 4935
4129 4936
4895 4937
4683 4938
4691 4939
4806 4940
4602 4941
4844 4942
4596 4943
4392 4944
4877 4945
4762 4946
4510 4947
4897 4948
4940 4949
4935 4950
4744 4951
4923 4952
4330 4953
4886 4954
4848 4955
4680 4956
4507 4957
4771 4958
4704 4959
4281 4960
4781 4961
4370 4962
4177 4963
4369 4964
4288 4965
4236 4966
4723 4967
4647 4968
4778 4969
4767 4970
4461 4971
4626 4972
4661 4973
4412 4974
4533 4975
4945 4976
4960 4977
4787 4978
4612 4979
4719 4980
4702 4981
4892 4982
4682 4983
4937 4984
4948 4985
4963 4986
3989 4987
4915 4988
4784 4989
4267 4990
4615 4991
4678 4992
4838 4993
4896 4994
4869 4995
4968 4996
4808 4997
4967 4998
4239 4999
4160 5000
0 0 0 0 0 0 0 0 0 0 0 0 0 0 0 0 0 0 0 0 0 0 0 0 0 0 0 0 0 0 0 0 0 0 0 0 0 0 0 0 0 0 0 0 0 0 0 0 0 0 0 0 0 0 0 0 0 0 0 0 0 0 0 0 0 0 0 0 0 0 0 0 0 0 0 0 0 0 0 0 0 0 0 0 0 0 0 0 0 0 0 0 0 0 0 0 0 0 0 0 0 0 0 0 0 0 0 0 0 0 0 0 0 0 0 0 0 0 0 0 0 0 0 0 0 0 0 0 0 0 0 0 0 0 0 0 0 0 0 0 0 0 0 0 0 0 0 0 0 0 0 0 0 0 0 0 0 0 0 0 0 0 0 0 0 0 0 0 0 0 0 0 0 0 0 0 0 0 0 0 0 0 0 0 0 0 0 0 0 0 0 0 0 0 0 0 0 0 0 0 0 0 0 0 0 0 0 0 0 0 0 0 0 0 0 0 0 0 0 0 0 0 0 0 0 0 0 0 0 0 0 0 0 0 0 0 0 0 0 0 0 0 0 0 0 0 0 0 0 0 0 0 0 0 0 0 0 0 0 0 0 0 0 0 0 0 0 0 0 0 0 0 0 0 0 0 0 0 0 0 0 0 0 0 0 0 0 0 0 0 0 0 0 0 0 0 0 0 0 0 0 0 0 0 0 0 0 0 0 0 0 0 0 0 0 0 0 0 0 0 0 0 0 0 0 0 0 0 0 0 0 0 0 0 0 0 0 0 0 0 0 0 0 0 0 0 0 0 0 2501 0 0 0 0 0 0 0 0 0 0 0 0 0 0 0 0 0 0 0 0 0 0 0 0 0 0 0 0 0 0 0 0 0 0 0 0 0 0 0 0 0 0 0 0 0 0 0 0 0 0 0 0 0 0 0 0 0 0 0 0 0 0 0 0 0 0 0 0 0 0 0 0 0 0 0 0 0 0 0 0 0 0 0 0 0 0 0 0 0 0 0 0 0 0 0 0 0 0 0 0 0 0 0 0 0 0 0 0 0 0 0 0 0 0 0 0 0 0 0 0 0 0 0 0 0 0 0 0 0 0 0 0 0 0 0 0 0 0 0 0 0 0 0 0 0 0 0 0 0 0 0 0 0 0 0 0 0 0 0 0 0 0 0 0 0 0 0 0 0 0 0 0 0 0 0 0 0 0 0 0 0 0 0 0 0 0 0 0 0 0 0 0 0 0 0 0 0 0 0 0 0 0 0 0 0 0 0 0 0 0 0 0 0 0 0 0 0 0 0 0 0 0 0 0 0 0 0 0 0 0 0 0 0 0 0 0 0 0 0 0 0 0 0 0 0 0 0 0 0 0 0 0 0 0 0 0 0 0 0 0 0 0 0 0 0 0 0 0 0 0 0 0 0 0 0 0 0 0 0 0 0 0 0 0 0 0 0 0 0 0 0 0 0 0 0 0 0 0 0 0 0 0 0 0 0 0 0 0 0 0 0 0 0 0 0 0 0 0 0 0 0 0 0 0 0 0 0 0 0 0 0 0 0 0 0 0 0 0 0 0 0 0 0 0 0 0 0 0 0 0 0 0 0 0 0 0 0 0 0 0 0 0 0 0 0 0 0 0 0 0 0 0 0 0 0 0 0 0 0 0 0 0 0 0 0 0 0 0 0 0 0 0 0 0 0 0 0 0 0 0 0 0 0 0 0 0 0 0 0 0 0 0 0 0 0 0 0 0 0 0 0 0 0 0 0 0 0 0 0 0 0 0 0 0 0 0 0 0 0 0 0 0 0 0 0 0 0 0 0 0 0 0 0 0 0 0 0 0 0 0 0 0 0 0 0 0 0 0 0 0 0 0 0 0 0 0 0 0 0 0 0 0 0 0 0 0 0 0 0 0 0 0 0 0 0 0 0 0 0 0 0 0 0 0 0 0 0 0 0 0 0 0 0 0 0 0 0 0 0 0 0 0 0 0 0 0 0 0 0 0 0 0 0 0 0 0 0 0 0 0 0 0 0 0 0 0 0 0 0 0 0 0 0 0 0 0 0 0 0 0 0 0 0 0 0 0 0 0 0 0 0 0 0 0 0 0 0 0 0 0 0 0 0 0 0 0 0 0 0 0 0 0 0 0 0 0 0 0 0 0 0 0 0 0 0 0 0 0 0 0 0 0 0 0 0 0 0 0 0 0 0 0 0 0 0 0 0 0 0 0 0 0 0 0 0 0 0 0 0 0 0 0 0 0 0 0 0 0 0 0 0 0 0 0 0 0 0 0 0 0 0 0 0 0 0 0 0 0 0 0 0 0 0 0 0 0 0 0 0 0 0 0 0 0 0 0 0 0 0 0 0 0 0 0 0 0 0 0 0 0 0 0 0 0 0 0 0 0 0 0 0 0 0 0 0 0 0 0 0 0 0 0 0 0 0 0 0 0 0 0 0 0 0 0 0 0 0 0 0 0 0 0 0 0 0 0 0 0 0 0 0 0 0 0 0 0 0 0 0 0 0 0 0 0 0 0 0 0 0 0 0 0 0 0 0 0 0 0 0 0 0 0 0 0 0 0 0 0 0 0 0 0 0 0 0 0 0 0 0 0 0 0 0 0 0 0 0 0 0 0 0 0 0 0 0 0 0 0 0 0 0 0 0 0 0 0 0 0 0 0 0 0 0 0 0 0 0 0 0 0 0 0 0 0 0 0 0 0 0 0 0 0 0 0 0 0 0 0 0 0 0 0 0 0 0 0 0 0 0 0 0 0 0 0 0 0 0 0 0 0 0 0 0 0 0 0 0 0 0 0 0 0 0 0 0 0 0 0 0 0 0 0 0 0 0 0 0 0 0 0 0 0 0 0 0 0 0 0 0 0 0 0 0 0 0 0 0 0 0 0 0 0 0 0 0 0 0 0 0 0 0 0 0 0 0 0 0 0 0 0 0 0 0 0 0 0 0 0 0 0 0 0 0 0 0 0 0 0 0 0 0 0 0 0 0 0 0 0 0 0 0 0 0 0 0 0 0 0 0 0 0 0 0 0 0 0 0 0 0 0 0 0 0 0 0 0 0 0 0 0 0 0 0 0 0 0 0 0 0 0 0 0 0 0 0 0 0 0 0 0 0 0 0 0 0 0 0 0 0 0 0 0 0 0 0 0 0 0 0 0 0 0 0 0 0 0 0 0 0 0 0 0 0 0 0 0 0 0 0 0 0 0 0 0 0 0 0 0 0 0 0 0 0 0 0 0 0 0 0 0 0 0 0 0 0 0 0 0 0 0 0 0 0 0 0 0 0 0 0 0 0 0 0 0 0 0 0 0 0 0 0 0 0 0 0 0 0 0 0 0 0 0 0 0 0 0 0 0 0 0 0 0 0 0 0 0 0 0 0 0 0 0 0 0 0 0 0 0 0 0 0 0 0 0 0 0 0 0 0 0 0 0 0 0 0 0 0 0 0 0 0 0 0 0 0 0 0 0 0 0 0 0 0 0 0 0 0 0 0 0 0 0 0 0 0 0 0 0 0 0 0 0 0 0 0 0 0 0 0 0 0 0 0 0 0 0 0 0 0 0 0 0 0 0 0 0 0 0 0 0 0 0 0 0 0 0 0 0 0 0 0 0 0 0 0 0 0 0 0 0 0 0 0 0 0 0 0 0 0 0 0 0 0 0 0 0 0 0 0 0 0 0 0 0 0 0 0 0 0 0 0 0 0 0 0 0 0 0 0 0 0 0 0 0 0 0 0 0 0 0 0 0 0 0 0 0 0 0 0 0 0 0 0 0 0 0 0 0 0 0 0 0 0 0 0 0 0 0 0 0 0 0 0 0 0 0 0 0 0 0 0 0 0 0 0 0 0 0 0 0 0 0 0 0 0 0 0 0 0 0 0 0 0 0 0 0 0 0 0 0 0 0 0 0 0 0 0 0 0 0 0 0 0 0 0 0 0 0 0 0 0 0 0 0 0 0 0 0 0 0 0 0 0 0 0 0 0 0 0 0 0 0 0 0 0 0 0 0 0 0 0 0 0 0 0 0 0 0 0 0 0 0 0 0 0 0 0 0 0 0 0 0 0 0 0 0 0 0 0 0 0 0 0 0 0 0 0 0 0 0 0 0 0 0 0 0 0 0 0 0 0 0 0 0 0 0 0 0 0 0 0 0 0 0 0 0 0 0 0 0 0 0 0 0 0 0 0 0 0 0 0 0 0 0 0 0 0 0 0 0 0 0 0 0 0 0 0 0 0 0 0 0 0 0 0 0 0 0 0 0 0 0 0 0 0 0 0 0 0 0 0 0 0 0 0 0 0 0 0 0 0 0 0 0 0 0 0 0 0 0 0 0 0 0 0 0 0 0 0 0 0 0 0 0 0 0 0 0 0 0 0 0 0 0 0 0 0 0 0 0 0 0 0 0 0 0 0 0 0 0 0 0 0 0 0 0 0 0 0 0 0 0 0 0 0 0 0 0 0 0 0 0 0 0 0 0 0 0 0 0 0 0 0 0 0 0 0 0 0 0 0 0 0 0 0 0 0 0 0 0 0 0 0 0 0 0 0 0 0 0 0 0 0 0 0 0 0 0 0 0 0 0 0 0 0 0 0 0 0 0 0 0 0 0 0 0 0 0 0 0 0 0 0 0 0 0 0 0 0 0 0 0 0 0 0 0 0 0 0 0 0 0 0 0 0 0 0 0 0 0 0 0 0 0 0 0 0 0 0 0 0 0 0 0 0 0 0 0 0 0 0 0 0 0 0 0 0 0 0 0 0 0 0 0 0 0 0 0 0 0 0 0 0 0 0 0 0 0 0 0 0 0 0 0 0 0 0 0 0 0 0 0 0 0 0 0 0 0 0 0 0 0 0 0 0 0 0 0 0 0 0 0 0 0 0 0 0 0 0 0 0 0 0 0 0 0 0 0 0 0 0 0 0 0 0 0 0 0 0 0 0 0 0 0 0 0 0 0 0 0 0 0 0 0 0 0 0 0 0 0 0 0 0 0 0 0 0 0 0 0 0 0 0 0 0 0 0 0 0 0 0 0 0 0 0 0 0 0 0 0 0 0 0 0 0 0 0 0 0 0 0 0 0 0 0 0 0 0 0 0 0 0 0 0 0 0 0 0 0 0 0 0 0 0 0 0 0 0 0 0 0 0 0 0 0 0 0 0 0 0 0 0 0 0 0 0 0 0 0 0 0 0 0 0 0 0 0 0 0 0 0 0 0 0 0 0 0 0 0 0 0 0 0 0 0 0 0 0 0 0 0 0 0 0 0 0 0 0 0 0 0 0 0 0 0 0 0 0 0 0 0 0 0 0 0 0 0 0 0 0 0 0 0 0 0 0 0 0 0 0 0 0 0 0 0 0 0 0 0 0 0 0 0 0 0 0 0 0 0 0 0 0 0 0 0 0 0 0 0 0 0 0 0 0 0 0 0 0 0 0 0 0 0 0 0 0 0 0 0 0 0 0 0 0 0 0 0 0 0 0 0 0 0 0 0 0 0 0 0 0 0 0 0 0 0 0 0 0 0 0 0 0 0 0 0 0 0 0 0 0 0 0 0 0 0 0 0 0 0 0 0 0 0 0 0 0 0 0 0 0 0 0 0 0 0 0 0 0 0 0 0 0 0 0 0 0 0 0 0 0 0 0 0 0 0 0 0 0 0 0 0 0 0 0 0 0 0 0 0 0 0 0 0 0 0 0 0 0 0 0 0 0 0 0 0 0 0 0 0 0 0 0 0 0 0 0 0 0 0 0 0 0 0 0 0 0 0 0 0 0 0 0 0 0 0 0 0 0 0 0 0 0 0 0 0 0 0 0 0 0 0 0 0 0 0 0 0 0 0 0 0 0 0 0 0 0 0 0 0 0 0 0 0 0 0 0 0 0 0 0 0 0 0 0 0 0 0 0 0 0 0 0 0 0 0 0 0 0 0 0 0 0 0 0 0 0 0 0 0 0 0 0 0 0 0 0 0 0 0 0 0 0 0 0 0 0 0 0 0 0 0 0 0 0 0 0 0 0 0 0 0 0 0 0 0 0 0 0 0 0 0 0 0 0 0 0 0 0 0 0 0 0 0 0 0 0 0 0 0 0 0 0 0 0 0 0 0 0 0 0 0 0 0 0 0 0 0 0 0 0 0 0 0 0 0 0 0 0 0 0 0 0 0 0 0 0 0 0 0 0 0 0 0 0 0 0 0 0 0 0 0 0 0 0 0 0 0 0 0 0 0 0 0 0 0 0 0 0 0 0 0 0 0 0 0 0 0 0 0 0 0 0 0 0 0 0 0 0 0 0 0 0 0 0 0 0 0 0 0 0 0 0 0 0 0 0 0 0 0 0 0 0 0 0 0 0 0 0 0 0 0 0 0 0 0 0 0 0 0 0 0 0 0 0 0 0 0 0 0 0 0 0 0 0 0 0 0 0 0 0 0 0 0 0 0 0 0 0 0 0 0 0 0 0 0 0 0 0 0 0 0 0 0 0 0 0 0 0 0 0 0 0 0 0 0 0 0 0 0 0 0 0 0 0 0 0 0 0 0 0 0 0 0 0 0 0 0 0 0 0 0 0 0 0 0 0 0 0 0 0 0 0 0 0 0 0 0 0 0 0 0 0 0 0 0 0 0 0 0 0 0 0 0 0 0 0 0 0 0 0 0 0 0 0 0 0 0 0 0 0 0 0 0 0 0 0 0 0 0 0 0 0 0 0 0 0 0 0 0 0 0 0 0 0 0 0 0 0 0 0 0 0 0 0 0 0 0 0 0 0 0 0 0 0 0 0 0 0 0 0 0 0 0 0 0 0 0 0 0 0 0 0 0 0 0 0 0 0 0 0 0 0 0 0 0 0 0 0 0 0 0 0 0 0 0 0 0 0 0 0 0 0 0 0 0 0 0 0 0 0 0 0 0 0 0 0 0 0 0 0 0 0 0 0 0 0 0 0 0 0 0 0 0 0 0 0 0 0 0 0 0 0 0 0 0 0 0 0 0 0 0 0 0 0 0 0 0 0 0 0 0 0 0 0 0 0 0 0 0 0 0 0 0 0 0 0 0 0 0 0 0 0 0 0 0 0 0 0 0 0 0 0 0 0 0 0 0 0 0 0 0 0 0 0 0 0 0 0 0 0 0 0 0 0 0 0 0 0 0 0 0 0 0 0 0 0 0 0 0 0 0 0 0 0 0 0 0 0 0 0 0 0 0 0 0 0 0 0 0 0 0 0 0 0 0 0 0 0 0 0 0 0 0 0 0 0 0 0 0 0 0 0 0 0 0 0 0 0 0 0 0 0 0 0 0 0 0 0 0 0 0 0 0 0 0 0 0 0 0 0 0 0 0 0 0 0 0 0 0 0 0 0 0 0 0 0 0 0 0 0 0 0 0 0 0 0 0 0 0 0 0 0 0 0 0 0 0 0 0 0 0 0 0 0 0 0 0 0 0 0 0 0 0 0 0 0 0 0 0 0 0 0 0 0 0 0 0 0 0 0 0 0 0 0 0 0 0 0 0 0 0 0 0 0 0 0 0 0 0 0 0 0 0 0 0 0 0 0 0 0 0 0 0 0 0 0 0 0 0 0 0 0 0 0 0 0 0 0 0 0 0 0 0 0 0 0 0 0 0 0 0 0 0 0 0 0 0 0 0 0 0 0 0 0 0 0 0 0 0 0 0 0 0 0 0 0 0 0 0 0 0 0 0 0 0 0 0 0 0 0 0 0 0 0 0 0 0 0 0 0 0 0 0 0 0 0 0 0 0 0 0 0 0 0 0 0 0 0 0 0 0 0 0 0 0 0 0 0 0 0 0 0 0 0 0 0 0 0 0 0 0 0 0 0 0 0 0 0 0 0 0 0 0 0 0 0 0 0 0 0 0 0 0 0 0 0 0 0 0 0 0 0 0 0 0 0 0 0 0 0 0 0 0 0 0 0 0 0 0 0 0 0 0 0 0 0 0 0 0 0 0 0 0 0 0 0 0 0 0 0 0 0 0 0 0 0 0 0 0 0 0 0 0 0 0 0 0 0 0 0 0 0 0 0 0 0 0 0 0 0 0 0 0 0 0 0 0 0 0 0 0 0 0 0 0 0 0 0 0 0 0 0 0 0 0 0 0 0 0 0 0 0 0 0 0 0 0 0 0 0 0 0 0 0 0 0 0 0 0 0 0 0 0 0 0 0 0 0 0 0 0 0 0 0 0 0 0 0 0 0 0 0 0 0 0 0 0 0 0 0 0 0 0 0 0 0 0 0 0 0 0 0 0 0 0 0 0 0 0 0 0 0 0 0 0 0 0 0 0 0 0 0 0 0 0 0 0 0 0 0 0 0 0 0 0 0 0 0 0 0 0 0 0 0 0 0 0 0 0 0 0 0 0 0 0 0 0 0 0 0 0 0 0 0 0 0 0 0 0 0 0 0 0 0 0 0 0 0 0 0 0 0 0 0 0 0 0 0 0 0 0 0 0 0 0 0 0 0 0 0 0 0 0 0 0 0 0 0 0 0 0 0 0 0 0 0 0 0 0 0 0 0 0 0 0 0 0 0 0 0 0 0 0 0 0 0 0 0 0 0 0 0 0 0 0 0 0 0 0 0 0 0 0 0 0 0 0 0 0 0 0 0 0 0 0 0 0 0 0 0 0 0 0 0 0 0 0 0 0 0 0 0 0 0 0 0 0 0 0 0 0 0 0 0 0 0 0 0 0 0 0 0 0 0 0 0 0 0 0 0 0 0 0 0 0 0 0 0 0 0 0 0 0 0 0 0 0 0 0 0 0 0 0 0 0 0 0 0 0 0 0 0 0 0 0 0 0 0 0 0 0 0 0 0 0 0 0 0 0 0 0 0 0 0 0 0 0 0 0 0 0 0 0 0 0 0 0 0 0 0 0 0 0 0 0 0 0 0 0 0 0 0 0 0 0 0 0 0 0 0 0 0 0 0 0 0 0 0 0 0 0 0 0 0 0 0 0 0 0 0 0 0 0 0 0 0 0 0 0 0 0 0 0 0 0 0 0 0 0 0 0 0 0 0 0 0 0 0 0 0 0 0 0 0 0 0 0 0 0 0 0 0 0 0 0 0 0 0 0 0 0 0 0 0 0 0 0 0 0 0 0 0 0 0 0 0 0 0 0 0 0 0 0 0 0 0 0 0 0 0 0 0 0 0 0 0 0 0 0 0 0 0 0 0 0 0 0 0 0 0 0 0 0 0 0 0 0 0 0 0 0 0 0 0 0 0 0 0 0 0 0 0 0 0 0 0 0 0 0 0 0 0 0 0 0 0 0 0 0 0 0 0 0 0 0 0 0 0 0 0 0 0 0 0 0 0 0 0 0 0 0 0 0 0 0 0 0 0 0 0 0 0 0 0 0 0 0 0 0 0 0 0 0 0 0 0 0 0 0 0 0 0 0 0 0 0 0 0 0 0 0 0 0 0 0 0 0 0 0 0 0 0 0 0 0 0 0 0 0 0 0 0 0 0 0 0 0 0 0 0 0 0 0 0 0 0 0 0 0 0 0 0 0 0 0 0 0 0 0 0 0 0 0 0 0 0 0 0 0 0 0 0 0 0 0 0 0 0 0 0 0 0 0 0 0 0 0 0 0 0 0 0 0 0 0 0 0 0 0 0 0 0 0 0 0 0 0 0 0 0 0 0 0 0 0 0 0 0 0 0 0 0 0 0 0 0 0 0 0 0 0 0 0 0 0 0 0 0 0 0 0 0 0 0 0 0 0 0 0 0 0 0 0 0 0 0 0 0 0 0 0 0 0 0 0 0 0 0 0 0 0 0 0 0 0 0 0 0 0 0 0 0 0 0 0 0 0 0 0 0 0 0 0 0 0 0 0 0 0 0 0 0 0 0 0 0 0 0 0 0 0 0 0 0 0 0 0 0 0 0 0 0 0 0 0 0 0 0 0 0 0 0 0 0 0 0 0 0 0 0 0 0 0 0 0 0 0 0 0 0 0 0 0 0 0 0 0 0 0 0 0 0 0 0 0 0 0 0 0 0 0 0 0 0 0 0 0 0 0 0 0 0 0 0 0 0 0 0 0 0 0 0 0 0 0 0 0 0 0 0 0 0 0 0 0 0 0 0 0 0 0 0 0 0 0 0 0 0 0 0 0 0 0 0 0 0 0 0 0 0 0 0 0 0 0 0 0 0 0 0 0 0 0 0 0 0 0 0 0 0 0 0 0 0 0 0 0 0 0 0 0 0 0 0 0 0 0 0 0 0 0 0 0 0 0 0 0 0 0 0 0 0 0 0 0 0 0 0 0 0 0 0 0 0 0 0 0 0 0 0 0 0 0 0 0 0 0 0 0 0 0 0 0 0 0 0 0 0 0 0 0 0 0 0 0 0 0 0 0 0 0 0 0 0 0 0 0 0 0 0 0 0 0 0 0 0 0 0 0 0 0 0 0 0 0 0 0 0 0 0 0 0 0 0 0 0 0 0 0 0 0 0 0 0 0 0 0 0 0 0 0 0 0 0 0 0 0 0 0 0 0 0 0 0 0 0 0 0 0 0 0 0 0 0 0 0 0 0 0 0 0 0 0 0 0 0 0 0 0 0 0 0 0 0 0 0 0 0 0 0 0 0 0 0 0 0 0 0 0 0 0 0 0 0 0 0 0 0 0 0 0 0 0 0 0 0 0 0 0 0 0 0 0 0 0 0 0 0 0 0 0 0 0 0 0 0 0 0 0 0 0 0 0 0 0 0 0 0 0 0 0 0 0 0 0 0 0 0 0 0 0 0 0 0 0 0 0 0 0 0 0 0 0 0 0 0 0 0 0 0 0 0 0 0 0 0 0 0 0 0 0 0 0 0 0 0 0 0 0 0 0 0 0 0 0 0 0 0 0 0 0 0 0 0 0 0 0 0 0 0 0 0 0 0 0 0 0 0 0 0 0 0 0 0 0 0 0 0 0 0 0 0 0 0 0 0 0 0 0 0 0 0 0 0 0 0 0 0 0 0 0 0 0 0 0 0 0 0 0 0 0 0 0 0 0 0 0 0 0 0 0 0 0 0 0 0 0 0 0 0 0 0 0 0 0 0 0 0 0 0 0 0 0 0 0 0 0 0 0 0 0 0 0 0 0 0 0 0 0 0 0 0 0 0 0 0 0 0 0 0 0 0 0 0 0 0 0 0 0 0 0 0 0 0 0 0 0 0 0 0 0 0 0 0 0 0 0 0 0 0 0 0 0 0 0 0 0 0 0 0 0 0 0 0 0 0 0 0 0 0 0 0 0 0 0 0 0 0 0 0 