5000
1 2
1 3
2 4
3 5
5 6
4 7
6 8
8 9
8 10
10 11
9 12
11 13
7 14
13 15
12 16
14 17
15 18
16 19
18 20
19 21
20 22
17 23
21 24
24 25
23 26
26 27
22 28
25 29
27 30
28 31
31 32
30 33
32 34
33 35
34 36
35 37
37 38
38 39
36 40
40 41
39 42
29 43
42 44
44 45
42 46
46 47
41 48
47 49
49 50
45 51
43 52
51 53
48 54
52 55
53 56
54 57
55 58
57 59
58 60
56 61
60 62
59 63
63 64
61 65
50 66
65 67
62 68
67 69
68 70
70 71
69 72
71 73
72 74
66 75
75 76
73 77
76 78
77 79
74 80
79 81
81 82
82 83
80 84
78 85
64 86
86 87
87 88
85 89
86 90
88 91
84 92
89 93
83 94
76 95
92 96
91 97
96 98
94 99
90 100
100 101
99 102
101 103
97 104
103 105
104 106
95 107
86 108
106 109
105 110
108 111
110 112
98 113
93 114
113 115
107 116
109 117
116 118
118 119
117 120
115 121
114 122
102 123
120 124
122 125
123 126
121 127
111 128
124 129
126 130
119 131
129 132
124 133
113 134
130 135
134 136
127 137
136 138
131 139
139 140
138 141
135 142
141 143
142 144
139 145
139 146
140 147
146 148
143 149
148 150
150 151
128 152
149 153
137 154
152 155
144 156
154 157
112 158
124 159
125 160
156 161
158 162
159 163
145 164
133 165
147 166
132 167
166 168
160 169
163 170
151 171
155 172
161 173
172 174
157 175
175 176
165 177
168 178
177 179
179 180
153 181
171 182
179 183
182 184
184 185
167 186
185 187
181 188
165 189
178 190
187 191
177 192
189 193
183 194
169 195
180 196
193 197
196 198
192 199
179 200
170 201
162 202
188 203
173 204
202 205
204 206
202 207
198 208
207 209
206 210
201 211
208 212
211 213
197 214
191 215
212 216
214 217
216 218
203 219
210 220
174 221
176 222
220 223
220 224
217 225
218 226
194 227
213 228
225 229
225 230
227 231
215 232
195 233
226 234
199 235
231 236
205 237
224 238
201 239
209 240
239 241
236 242
232 243
228 244
200 245
219 246
233 247
230 248
243 249
246 250
234 251
164 252
250 253
233 254
238 255
235 256
237 257
223 258
190 259
253 260
251 261
247 262
262 263
252 264
235 265
217 266
263 267
240 268
266 269
217 270
229 271
242 272
241 273
264 274
244 275
270 276
258 277
257 278
249 279
264 280
278 281
279 282
275 283
267 284
282 285
283 286
286 287
271 288
256 289
260 290
280 291
250 292
276 293
287 294
273 295
293 296
270 297
284 298
292 299
293 300
290 301
281 302
269 303
294 304
296 305
288 306
255 307
277 308
297 309
254 310
301 311
268 312
304 313
291 314
310 315
248 316
308 317
317 318
316 319
302 320
259 321
300 322
285 323
312 324
319 325
300 326
315 327
326 328
245 329
328 330
314 331
331 332
222 333
327 334
186 335
325 336
298 337
333 338
274 339
265 340
309 341
257 342
324 343
337 344
334 345
327 346
340 347
221 348
339 349
303 350
320 351
295 352
341 353
241 354
330 355
355 356
311 357
276 358
317 359
342 360
343 361
347 362
332 363
299 364
345 365
318 366
305 367
354 368
356 369
357 370
359 371
370 372
365 373
346 374
289 375
364 376
368 377
306 378
375 379
353 380
347 381
363 382
380 383
374 384
369 385
366 386
352 387
336 388
360 389
378 390
367 391
329 392
351 393
348 394
390 395
395 396
320 397
379 398
261 399
387 400
398 401
399 402
384 403
403 404
344 405
307 406
313 407
401 408
321 409
383 410
338 411
322 412
376 413
393 414
404 415
391 416
380 417
385 418
371 419
382 420
350 421
417 422
373 423
335 424
394 425
396 426
272 427
422 428
381 429
427 430
323 431
409 432
418 433
388 434
360 435
400 436
417 437
413 438
338 439
430 440
411 441
424 442
432 443
386 444
376 445
412 446
445 447
446 448
377 449
358 450
349 451
435 452
449 453
361 454
446 455
419 456
372 457
450 458
406 459
407 460
455 461
402 462
459 463
431 464
426 465
421 466
415 467
436 468
414 469
464 470
411 471
408 472
461 473
468 474
448 475
441 476
458 477
462 478
467 479
410 480
475 481
439 482
471 483
478 484
480 485
451 486
484 487
447 488
485 489
483 490
355 491
466 492
444 493
457 494
423 495
481 496
486 497
497 498
452 499
362 500
490 501
489 502
495 503
405 504
422 505
470 506
477 507
505 508
503 509
491 510
482 511
491 512
504 513
426 514
454 515
472 516
469 517
492 518
516 519
456 520
490 521
514 522
507 523
465 524
496 525
488 526
524 527
519 528
416 529
521 530
497 531
526 532
531 533
501 534
461 535
515 536
533 537
503 538
413 539
474 540
420 541
541 542
502 543
530 544
500 545
512 546
389 547
547 548
517 549
522 550
433 551
428 552
518 553
460 554
511 555
425 556
528 557
555 558
494 559
525 560
493 561
545 562
538 563
443 564
543 565
523 566
548 567
503 568
561 569
397 570
550 571
479 572
571 573
442 574
487 575
564 576
453 577
486 578
573 579
437 580
574 581
539 582
544 583
532 584
556 585
576 586
510 587
546 588
566 589
463 590
513 591
542 592
440 593
592 594
591 595
582 596
499 597
597 598
588 599
511 600
558 601
535 602
602 603
586 604
537 605
392 606
554 607
534 608
567 609
553 610
558 611
578 612
493 613
589 614
610 615
520 616
540 617
579 618
559 619
429 620
604 621
473 622
558 623
536 624
560 625
552 626
625 627
583 628
621 629
590 630
620 631
596 632
557 633
599 634
569 635
506 636
598 637
551 638
570 639
575 640
585 641
637 642
576 643
509 644
631 645
644 646
568 647
615 648
593 649
612 650
635 651
434 652
627 653
637 654
641 655
595 656
652 657
639 658
572 659
580 660
657 661
661 662
654 663
647 664
538 665
656 666
655 667
606 668
648 669
665 670
643 671
618 672
581 673
623 674
671 675
632 676
613 677
668 678
651 679
679 680
680 681
508 682
529 683
633 684
608 685
665 686
600 687
629 688
676 689
594 690
476 691
607 692
498 693
634 694
662 695
669 696
693 697
628 698
611 699
659 700
638 701
649 702
673 703
667 704
666 705
688 706
682 707
630 708
605 709
660 710
664 711
707 712
677 713
647 714
695 715
702 716
713 717
710 718
717 719
663 720
601 721
701 722
689 723
706 724
670 725
650 726
716 727
722 728
727 729
637 730
697 731
626 732
721 733
692 734
723 735
728 736
731 737
712 738
603 739
720 740
737 741
619 742
640 743
725 744
715 745
714 746
669 747
694 748
575 749
624 750
747 751
438 752
703 753
744 754
609 755
681 756
738 757
756 758
658 759
711 760
755 761
620 762
735 763
645 764
740 765
671 766
696 767
675 768
695 769
691 770
742 771
752 772
739 773
577 774
734 775
761 776
730 777
777 778
698 779
672 780
726 781
629 782
753 783
769 784
527 785
768 786
771 787
753 788
587 789
704 790
764 791
765 792
790 793
686 794
565 795
780 796
684 797
774 798
793 799
562 800
785 801
759 802
729 803
796 804
786 805
787 806
782 807
798 808
699 809
779 810
762 811
776 812
743 813
799 814
746 815
804 816
786 817
805 818
705 819
683 820
810 821
642 822
817 823
820 824
757 825
700 826
750 827
616 828
719 829
732 830
827 831
636 832
674 833
749 834
825 835
796 836
709 837
828 838
795 839
800 840
824 841
821 842
794 843
815 844
685 845
825 846
839 847
646 848
783 849
760 850
812 851
830 852
806 853
617 854
834 855
838 856
690 857
792 858
801 859
849 860
807 861
775 862
741 863
858 864
751 865
822 866
857 867
846 868
724 869
831 870
860 871
837 872
842 873
614 874
727 875
851 876
584 877
803 878
836 879
770 880
736 881
832 882
852 883
867 884
771 885
870 886
843 887
823 888
789 889
718 890
772 891
863 892
758 893
835 894
763 895
797 896
784 897
809 898
897 899
895 900
872 901
622 902
881 903
891 904
802 905
549 906
873 907
664 908
880 909
905 910
856 911
908 912
754 913
865 914
845 915
813 916
853 917
855 918
789 919
814 920
904 921
877 922
890 923
912 924
913 925
907 926
923 927
908 928
917 929
875 930
887 931
906 932
889 933
919 934
847 935
894 936
833 937
924 938
874 939
922 940
788 941
791 942
926 943
861 944
882 945
822 946
914 947
884 948
903 949
653 950
930 951
931 952
946 953
876 954
948 955
951 956
954 957
899 958
900 959
933 960
934 961
901 962
869 963
883 964
781 965
929 966
952 967
840 968
898 969
965 970
920 971
956 972
874 973
915 974
932 975
647 976
968 977
745 978
748 979
970 980
970 981
955 982
829 983
935 984
940 985
962 986
976 987
910 988
930 989
878 990
978 991
687 992
773 993
980 994
958 995
984 996
868 997
975 998
963 999
994 1000
999 1001
943 1002
927 1003
726 1004
945 1005
997 1006
942 1007
678 1008
854 1009
942 1010
918 1011
998 1012
964 1013
943 1014
906 1015
996 1016
983 1017
967 1018
982 1019
947 1020
916 1021
1011 1022
896 1023
886 1024
871 1025
1009 1026
953 1027
1010 1028
1012 1029
1017 1030
1029 1031
969 1032
999 1033
957 1034
935 1035
893 1036
1004 1037
909 1038
1034 1039
902 1040
1032 1041
911 1042
1003 1043
1021 1044
937 1045
1000 1046
974 1047
908 1048
1024 1049
971 1050
936 1051
1045 1052
988 1053
939 1054
816 1055
1025 1056
1001 1057
1043 1058
1005 1059
944 1060
1013 1061
941 1062
767 1063
973 1064
1023 1065
1027 1066
1031 1067
1008 1068
1062 1069
1037 1070
1048 1071
1063 1072
987 1073
1020 1074
960 1075
1053 1076
892 1077
1002 1078
885 1079
938 1080
1057 1081
990 1082
1021 1083
1064 1084
1049 1085
888 1086
928 1087
1044 1088
1077 1089
1056 1090
1050 1091
1033 1092
1052 1093
850 1094
1041 1095
1060 1096
1007 1097
1087 1098
1088 1099
961 1100
1085 1101
1081 1102
1082 1103
1068 1104
985 1105
1026 1106
844 1107
1006 1108
862 1109
989 1110
766 1111
1040 1112
1065 1113
1106 1114
1008 1115
1105 1116
1095 1117
1110 1118
886 1119
1038 1120
1120 1121
1100 1122
922 1123
1036 1124
841 1125
708 1126
1014 1127
866 1128
1090 1129
1046 1130
1102 1131
991 1132
950 1133
563 1134
1075 1135
1015 1136
1039 1137
1074 1138
1089 1139
1109 1140
1103 1141
1119 1142
922 1143
1111 1144
1069 1145
979 1146
1130 1147
1078 1148
1143 1149
1086 1150
1141 1151
1070 1152
949 1153
992 1154
1142 1155
826 1156
1136 1157
1051 1158
1099 1159
1030 1160
1156 1161
819 1162
1077 1163
1094 1164
1128 1165
1157 1166
1150 1167
1117 1168
1123 1169
879 1170
1125 1171
1083 1172
1041 1173
1016 1174
1028 1175
1063 1176
1171 1177
977 1178
925 1179
1059 1180
1113 1181
1061 1182
848 1183
1054 1184
1138 1185
1159 1186
1158 1187
1092 1188
1132 1189
1093 1190
1170 1191
1019 1192
1181 1193
1055 1194
1084 1195
1115 1196
1135 1197
1182 1198
1104 1199
1022 1200
1154 1201
1178 1202
1188 1203
959 1204
1185 1205
1164 1206
921 1207
1202 1208
1195 1209
1042 1210
908 1211
1034 1212
1013 1213
1212 1214
993 1215
1146 1216
1071 1217
1187 1218
1179 1219
1218 1220
1097 1221
1079 1222
1215 1223
818 1224
1191 1225
909 1226
1133 1227
1194 1228
1035 1229
1166 1230
1225 1231
1098 1232
1163 1233
942 1234
981 1235
1217 1236
1193 1237
1234 1238
1152 1239
1192 1240
733 1241
1096 1242
1235 1243
864 1244
1165 1245
1153 1246
1112 1247
1176 1248
1172 1249
1208 1250
1156 1251
1221 1252
1185 1253
822 1254
1155 1255
1160 1256
1197 1257
1169 1258
1114 1259
1219 1260
1201 1261
1260 1262
1246 1263
1121 1264
1122 1265
1167 1266
1215 1267
1203 1268
1183 1269
1162 1270
1067 1271
1207 1272
1266 1273
1232 1274
1261 1275
1131 1276
1129 1277
1134 1278
1144 1279
1278 1280
1091 1281
1213 1282
1250 1283
1270 1284
1238 1285
1175 1286
1242 1287
986 1288
1145 1289
1206 1290
1233 1291
1072 1292
1255 1293
1267 1294
1239 1295
1140 1296
1295 1297
1262 1298
1059 1299
1276 1300
1252 1301
1236 1302
1277 1303
1101 1304
1280 1305
1263 1306
1268 1307
1168 1308
1047 1309
778 1310
1199 1311
1288 1312
1273 1313
1127 1314
1211 1315
1307 1316
1227 1317
1058 1318
1223 1319
1272 1320
1317 1321
1238 1322
1198 1323
1303 1324
1284 1325
1222 1326
1294 1327
1244 1328
1310 1329
1258 1330
1245 1331
1211 1332
1247 1333
1306 1334
1304 1335
1290 1336
1293 1337
1332 1338
1108 1339
1248 1340
1329 1341
1251 1342
1333 1343
1314 1344
1127 1345
1000 1346
1249 1347
1301 1348
1231 1349
859 1350
1282 1351
1186 1352
1342 1353
1340 1354
1349 1355
1322 1356
972 1357
1274 1358
1080 1359
1338 1360
1319 1361
1348 1362
1265 1363
1149 1364
1184 1365
1283 1366
1285 1367
1360 1368
1305 1369
1299 1370
1220 1371
1334 1372
1350 1373
1253 1374
1126 1375
1366 1376
1228 1377
1331 1378
1289 1379
1369 1380
1259 1381
1370 1382
1204 1383
1286 1384
1269 1385
1273 1386
1271 1387
1196 1388
1300 1389
1368 1390
1324 1391
1209 1392
1257 1393
1378 1394
1177 1395
1344 1396
1264 1397
1216 1398
1385 1399
995 1400
1346 1401
1313 1402
1327 1403
1292 1404
1018 1405
1351 1406
1312 1407
1391 1408
1379 1409
1277 1410
1372 1411
1358 1412
1410 1413
1394 1414
1066 1415
1131 1416
1383 1417
1287 1418
1386 1419
1396 1420
1148 1421
1371 1422
1390 1423
808 1424
1298 1425
1326 1426
1354 1427
1426 1428
1254 1429
1405 1430
1161 1431
1398 1432
1376 1433
1240 1434
1359 1435
1406 1436
1435 1437
1375 1438
1302 1439
1428 1440
1419 1441
1389 1442
1414 1443
1432 1444
1442 1445
1139 1446
1388 1447
1328 1448
1297 1449
1335 1450
1309 1451
1377 1452
1431 1453
1147 1454
1224 1455
1381 1456
1402 1457
1408 1458
1365 1459
1457 1460
1441 1461
1345 1462
1434 1463
1437 1464
1339 1465
1256 1466
811 1467
1384 1468
1400 1469
1415 1470
1438 1471
1363 1472
1409 1473
1387 1474
1466 1475
1399 1476
1464 1477
1374 1478
1243 1479
1357 1480
1389 1481
1339 1482
1482 1483
1174 1484
966 1485
1364 1486
1479 1487
1435 1488
1470 1489
1382 1490
1448 1491
1489 1492
1467 1493
1460 1494
1421 1495
1395 1496
1226 1497
1454 1498
1205 1499
1230 1500
1308 1501
1422 1502
1402 1503
1461 1504
1362 1505
1404 1506
1411 1507
1474 1508
1469 1509
1475 1510
1107 1511
1458 1512
1496 1513
1356 1514
1200 1515
1492 1516
1487 1517
1430 1518
1498 1519
1433 1520
1488 1521
1173 1522
1367 1523
1416 1524
1397 1525
1427 1526
1403 1527
1468 1528
1456 1529
1073 1530
1493 1531
1522 1532
1413 1533
1457 1534
1531 1535
1507 1536
1478 1537
1513 1538
1455 1539
1525 1540
1534 1541
1494 1542
1189 1543
1190 1544
1451 1545
1465 1546
1259 1547
1311 1548
1473 1549
1538 1550
1516 1551
1549 1552
1542 1553
1417 1554
1546 1555
1116 1556
1485 1557
1462 1558
1472 1559
1540 1560
1316 1561
1424 1562
1524 1563
1541 1564
1523 1565
1490 1566
1484 1567
1347 1568
1336 1569
1536 1570
1563 1571
1491 1572
1279 1573
1550 1574
1446 1575
1536 1576
1429 1577
1417 1578
1476 1579
1520 1580
1425 1581
1517 1582
1413 1583
1447 1584
1420 1585
1393 1586
1449 1587
1296 1588
1562 1589
1372 1590
1392 1591
1320 1592
1443 1593
1573 1594
1559 1595
1450 1596
1337 1597
1330 1598
1323 1599
1556 1600
1547 1601
1527 1602
1595 1603
1499 1604
1497 1605
1557 1606
1526 1607
1545 1608
1555 1609
1504 1610
1593 1611
1566 1612
1568 1613
1561 1614
1571 1615
1614 1616
1594 1617
1076 1618
1586 1619
1440 1620
1452 1621
1532 1622
1570 1623
1518 1624
1545 1625
1569 1626
1418 1627
1530 1628
1612 1629
1584 1630
1063 1631
1626 1632
1505 1633
1607 1634
1616 1635
1401 1636
1515 1637
1237 1638
1601 1639
1624 1640
1611 1641
1458 1642
1615 1643
1639 1644
1511 1645
1560 1646
1210 1647
1642 1648
1353 1649
1647 1650
1621 1651
1599 1652
1407 1653
1602 1654
1380 1655
1650 1656
1644 1657
1641 1658
1315 1659
1634 1660
1583 1661
1553 1662
1591 1663
1596 1664
1578 1665
1567 1666
1241 1667
1558 1668
1659 1669
1520 1670
1661 1671
1668 1672
1551 1673
1576 1674
1605 1675
1580 1676
1627 1677
1676 1678
1234 1679
1604 1680
1674 1681
1281 1682
1648 1683
1321 1684
1453 1685
1670 1686
1571 1687
1685 1688
1681 1689
1617 1690
1289 1691
1512 1692
1529 1693
1574 1694
1671 1695
1694 1696
1653 1697
1645 1698
1682 1699
1693 1700
1683 1701
1677 1702
1657 1703
1564 1704
1341 1705
1598 1706
1501 1707
1436 1708
1503 1709
1635 1710
1495 1711
1660 1712
1700 1713
1697 1714
1638 1715
1672 1716
1696 1717
1688 1718
1574 1719
1592 1720
1698 1721
1663 1722
1118 1723
1720 1724
1640 1725
1502 1726
1606 1727
1714 1728
1701 1729
1655 1730
1628 1731
1633 1732
1480 1733
1613 1734
1180 1735
1632 1736
1581 1737
1600 1738
1717 1739
1588 1740
1637 1741
1506 1742
1740 1743
1508 1744
1669 1745
1412 1746
1643 1747
1716 1748
1463 1749
1619 1750
1577 1751
1582 1752
1704 1753
1618 1754
1631 1755
1590 1756
1718 1757
1665 1758
1732 1759
1731 1760
1756 1761
1724 1762
1758 1763
1343 1764
1630 1765
1742 1766
1673 1767
1589 1768
1746 1769
1754 1770
1738 1771
1771 1772
1579 1773
1728 1774
1691 1775
1318 1776
1692 1777
1745 1778
1703 1779
1710 1780
1727 1781
1680 1782
1652 1783
1214 1784
1730 1785
1189 1786
1537 1787
1678 1788
1749 1789
1610 1790
1763 1791
1453 1792
1792 1793
1741 1794
1765 1795
1471 1796
1750 1797
1748 1798
1340 1799
1667 1800
1423 1801
1597 1802
1717 1803
1797 1804
1777 1805
1587 1806
1533 1807
1726 1808
1477 1809
1733 1810
1735 1811
1793 1812
1712 1813
1699 1814
1721 1815
1813 1816
1623 1817
1755 1818
1679 1819
1723 1820
1773 1821
1096 1822
1423 1823
1554 1824
1747 1825
1612 1826
1460 1827
1444 1828
1787 1829
1708 1830
1819 1831
1828 1832
1439 1833
1654 1834
1808 1835
1825 1836
1782 1837
1229 1838
1510 1839
1800 1840
1751 1841
1137 1842
1769 1843
1802 1844
1609 1845
1766 1846
1780 1847
1760 1848
1821 1849
1803 1850
1373 1851
1798 1852
1509 1853
1789 1854
1603 1855
1829 1856
1151 1857
1845 1858
1629 1859
1807 1860
1823 1861
1565 1862
1845 1863
1620 1864
1709 1865
1820 1866
1622 1867
1713 1868
1772 1869
1651 1870
1706 1871
1585 1872
1833 1873
1702 1874
1809 1875
1844 1876
1636 1877
1815 1878
1761 1879
1779 1880
1662 1881
1325 1882
1572 1883
1795 1884
1799 1885
1841 1886
1794 1887
1887 1888
1646 1889
1736 1890
1725 1891
1890 1892
1692 1893
1853 1894
1581 1895
1882 1896
1459 1897
1788 1898
1812 1899
1811 1900
1355 1901
1849 1902
1900 1903
1826 1904
1842 1905
1847 1906
1851 1907
1649 1908
1827 1909
1599 1910
1864 1911
1874 1912
1715 1913
1864 1914
1359 1915
1483 1916
1764 1917
1684 1918
1759 1919
1884 1920
1883 1921
1879 1922
1675 1923
1486 1924
1872 1925
1925 1926
1877 1927
1873 1928
1924 1929
1784 1930
1810 1931
1785 1932
1768 1933
1908 1934
1666 1935
1757 1936
1776 1937
1854 1938
1656 1939
1544 1940
1692 1941
1926 1942
1791 1943
1934 1944
1658 1945
1837 1946
1867 1947
1291 1948
1835 1949
1836 1950
1689 1951
1935 1952
1783 1953
1786 1954
1850 1955
1361 1956
1796 1957
1886 1958
1881 1959
1625 1960
1761 1961
1743 1962
1535 1963
1940 1964
1866 1965
1928 1966
1941 1967
1939 1968
1804 1969
1861 1970
1933 1971
1839 1972
1870 1973
1906 1974
1830 1975
1968 1976
1860 1977
1975 1978
1687 1979
1897 1980
1561 1981
1915 1982
1951 1983
1846 1984
1927 1985
1551 1986
1695 1987
1956 1988
1987 1989
1901 1990
1986 1991
1848 1992
1719 1993
1840 1994
1899 1995
1891 1996
1953 1997
1822 1998
1938 1999
1816 2000
1907 2001
1990 2002
1996 2003
1895 2004
1892 2005
1999 2006
1481 2007
1945 2008
1865 2009
1942 2010
1519 2011
1876 2012
1975 2013
1971 2014
1856 2015
1846 2016
1998 2017
1944 2018
1954 2019
1967 2020
1810 2021
1962 2022
2003 2023
1985 2024
1781 2025
1984 2026
1974 2027
1747 2028
1919 2029
1862 2030
1885 2031
1898 2032
1817 2033
2009 2034
2023 2035
1915 2036
1863 2037
2016 2038
1992 2039
1707 2040
1752 2041
1980 2042
1952 2043
2027 2044
1958 2045
1857 2046
2035 2047
1894 2048
1608 2049
1994 2050
1705 2051
1166 2052
1805 2053
1767 2054
1737 2055
2051 2056
2026 2057
1814 2058
1528 2059
1981 2060
1744 2061
2058 2062
1931 2063
1930 2064
2001 2065
2021 2066
1753 2067
2015 2068
1389 2069
2025 2070
1929 2071
2054 2072
1869 2073
1500 2074
2041 2075
1855 2076
1824 2077
1352 2078
1548 2079
2000 2080
2007 2081
2040 2082
1982 2083
2030 2084
2032 2085
2037 2086
1960 2087
2024 2088
1920 2089
2043 2090
1539 2091
1521 2092
1976 2093
1711 2094
1729 2095
1543 2096
1514 2097
1831 2098
2063 2099
2082 2100
2075 2101
1918 2102
2010 2103
1979 2104
2055 2105
2064 2106
1965 2107
1859 2108
2048 2109
1957 2110
1966 2111
2057 2112
2019 2113
2045 2114
2031 2115
1889 2116
1939 2117
2060 2118
2088 2119
1964 2120
2081 2121
2068 2122
1843 2123
1932 2124
1818 2125
1914 2126
2082 2127
1950 2128
1858 2129
2076 2130
2008 2131
1978 2132
1921 2133
2111 2134
2022 2135
2105 2136
2006 2137
2097 2138
2119 2139
2059 2140
2078 2141
1911 2142
2034 2143
1995 2144
1722 2145
2039 2146
1989 2147
1963 2148
2139 2149
1910 2150
1970 2151
2135 2152
1948 2153
2011 2154
1868 2155
2066 2156
2056 2157
1917 2158
2153 2159
1624 2160
2080 2161
2097 2162
2136 2163
2146 2164
2141 2165
1903 2166
1994 2167
2018 2168
1806 2169
1790 2170
1778 2171
2110 2172
2107 2173
2118 2174
2052 2175
2133 2176
2160 2177
2137 2178
1959 2179
2142 2180
2125 2181
1902 2182
2113 2183
2152 2184
2100 2185
2085 2186
2067 2187
2117 2188
2127 2189
2050 2190
2153 2191
2017 2192
1972 2193
2060 2194
1909 2195
2182 2196
2103 2197
2166 2198
1943 2199
1445 2200
2130 2201
2134 2202
2042 2203
2156 2204
2095 2205
2074 2206
1275 2207
2188 2208
2070 2209
2020 2210
2194 2211
2002 2212
1932 2213
2200 2214
1893 2215
2061 2216
2129 2217
2123 2218
1946 2219
2214 2220
2174 2221
2211 2222
1496 2223
2210 2224
2200 2225
2128 2226
2189 2227
1770 2228
2209 2229
2089 2230
2056 2231
2023 2232
2132 2233
2071 2234
2175 2235
2149 2236
2164 2237
2232 2238
2117 2239
1838 2240
1832 2241
2114 2242
2038 2243
2239 2244
1664 2245
2228 2246
2222 2247
2168 2248
2046 2249
2093 2250
2170 2251
2247 2252
2106 2253
2138 2254
2241 2255
1739 2256
1686 2257
2223 2258
2197 2259
2143 2260
1734 2261
2104 2262
2163 2263
1973 2264
2053 2265
2013 2266
2225 2267
2205 2268
2249 2269
2062 2270
2218 2271
1991 2272
2264 2273
2258 2274
2101 2275
2183 2276
2194 2277
2237 2278
2102 2279
1898 2280
2084 2281
1905 2282
2151 2283
2235 2284
1124 2285
2282 2286
2216 2287
2033 2288
2131 2289
2158 2290
1762 2291
2180 2292
2224 2293
2193 2294
2028 2295
1852 2296
2291 2297
2121 2298
1913 2299
2269 2300
2208 2301
2262 2302
2165 2303
2004 2304
2029 2305
2199 2306
2204 2307
2212 2308
2005 2309
2221 2310
2270 2311
2234 2312
2145 2313
2245 2314
2219 2315
2265 2316
2159 2317
2159 2318
2289 2319
2144 2320
2276 2321
2250 2322
2190 2323
2281 2324
2318 2325
2177 2326
2277 2327
2257 2328
1878 2329
2099 2330
2098 2331
2307 2332
2290 2333
2251 2334
2086 2335
2305 2336
2266 2337
2292 2338
2254 2339
2164 2340
2330 2341
2326 2342
2252 2343
2171 2344
2260 2345
2196 2346
2243 2347
2301 2348
2244 2349
2317 2350
2320 2351
2288 2352
2179 2353
2273 2354
2087 2355
2354 2356
2236 2357
2203 2358
2299 2359
1774 2360
2178 2361
2205 2362
1922 2363
2322 2364
2300 2365
2116 2366
2032 2367
2211 2368
1961 2369
1690 2370
1997 2371
2323 2372
2310 2373
2248 2374
2077 2375
2321 2376
2325 2377
2144 2378
2010 2379
1904 2380
2213 2381
1912 2382
2226 2383
2255 2384
2144 2385
2380 2386
2227 2387
2372 2388
1955 2389
2285 2390
2185 2391
2303 2392
2360 2393
2309 2394
2012 2395
2294 2396
2362 2397
2231 2398
2383 2399
2238 2400
2324 2401
2172 2402
2398 2403
2355 2404
2220 2405
2159 2406
2331 2407
2309 2408
2192 2409
2387 2410
2124 2411
2128 2412
2335 2413
2403 2414
2406 2415
2375 2416
2268 2417
2289 2418
2352 2419
2333 2420
2312 2421
1729 2422
2120 2423
2150 2424
2408 2425
2373 2426
2349 2427
2377 2428
2346 2429
2097 2430
2215 2431
2314 2432
2402 2433
2417 2434
2283 2435
2353 2436
2376 2437
2366 2438
2436 2439
2049 2440
2389 2441
2401 2442
1937 2443
2411 2444
2328 2445
2332 2446
2014 2447
2047 2448
2313 2449
2358 2450
2363 2451
2140 2452
2361 2453
2275 2454
2176 2455
2010 2456
1965 2457
2429 2458
2381 2459
2372 2460
2452 2461
2286 2462
2217 2463
2338 2464
2207 2465
2445 2466
2438 2467
1834 2468
2453 2469
2459 2470
2469 2471
2452 2472
2419 2473
2336 2474
2413 2475
2466 2476
2422 2477
2351 2478
2477 2479
2344 2480
2443 2481
2465 2482
2423 2483
2121 2484
1880 2485
2278 2486
2085 2487
2122 2488
2431 2489
2425 2490
2444 2491
2368 2492
2428 2493
2464 2494
2112 2495
2440 2496
2490 2497
2259 2498
2388 2499
2420 2500
2470 2501
1575 2502
2256 2503
2489 2504
2458 2505
1837 2506
2224 2507
2427 2508
2462 2509
2253 2510
2069 2511
2441 2512
2262 2513
2359 2514
2512 2515
2126 2516
2492 2517
2195 2518
2486 2519
2378 2520
2161 2521
2198 2522
2394 2523
2374 2524
2202 2525
2263 2526
2522 2527
2367 2528
2526 2529
2449 2530
2296 2531
2508 2532
2385 2533
2451 2534
2386 2535
2157 2536
2483 2537
2340 2538
1988 2539
2415 2540
2480 2541
2079 2542
2473 2543
2343 2544
2463 2545
1983 2546
2364 2547
2270 2548
2154 2549
2530 2550
2544 2551
2274 2552
2246 2553
2503 2554
1552 2555
2551 2556
2295 2557
2036 2558
2439 2559
2187 2560
1947 2561
2507 2562
2460 2563
2404 2564
2293 2565
2447 2566
2233 2567
2357 2568
2450 2569
2495 2570
2414 2571
2482 2572
2516 2573
2392 2574
2334 2575
2424 2576
2418 2577
2437 2578
2577 2579
2517 2580
2475 2581
2115 2582
2397 2583
2485 2584
2541 2585
2206 2586
2509 2587
2583 2588
2329 2589
2407 2590
2585 2591
2416 2592
2365 2593
2201 2594
2525 2595
2484 2596
2539 2597
2560 2598
2565 2599
2599 2600
2580 2601
2531 2602
2298 2603
2586 2604
2384 2605
2442 2606
2596 2607
1888 2608
2461 2609
2569 2610
2600 2611
2546 2612
2609 2613
2520 2614
2499 2615
2534 2616
2097 2617
2553 2618
2504 2619
2572 2620
2487 2621
2430 2622
2065 2623
1896 2624
2515 2625
2615 2626
2337 2627
2230 2628
2167 2629
1875 2630
2611 2631
2606 2632
2379 2633
1969 2634
2391 2635
1916 2636
2538 2637
2608 2638
2448 2639
2272 2640
2536 2641
2545 2642
2562 2643
2573 2644
2491 2645
2498 2646
2633 2647
2393 2648
2523 2649
2548 2650
2594 2651
2311 2652
2496 2653
2155 2654
2576 2655
2405 2656
2092 2657
2007 2658
2100 2659
2173 2660
2540 2661
2632 2662
2590 2663
2612 2664
2555 2665
2174 2666
2630 2667
2390 2668
2544 2669
2044 2670
2073 2671
2456 2672
2109 2673
2626 2674
2601 2675
2568 2676
2426 2677
2627 2678
2660 2679
2412 2680
2634 2681
2506 2682
2674 2683
2542 2684
2645 2685
2557 2686
2304 2687
2186 2688
2369 2689
2570 2690
1949 2691
2665 2692
2072 2693
2564 2694
2327 2695
2610 2696
2579 2697
2679 2698
2533 2699
2659 2700
2434 2701
2527 2702
2664 2703
2342 2704
2621 2705
2582 2706
2481 2707
2702 2708
2433 2709
2571 2710
2614 2711
2312 2712
1672 2713
2682 2714
2595 2715
2704 2716
2689 2717
2592 2718
2618 2719
2620 2720
2284 2721
2556 2722
2409 2723
2446 2724
2587 2725
2719 2726
2602 2727
2617 2728
2705 2729
2675 2730
2655 2731
2623 2732
2681 2733
2395 2734
2262 2735
2662 2736
2283 2737
1977 2738
2718 2739
2497 2740
2511 2741
2356 2742
2514 2743
2261 2744
2316 2745
2652 2746
2654 2747
2684 2748
2239 2749
2736 2750
2672 2751
2721 2752
2752 2753
2191 2754
2711 2755
2239 2756
2184 2757
2656 2758
2552 2759
2500 2760
1923 2761
2558 2762
2731 2763
2663 2764
2454 2765
1801 2766
2715 2767
2279 2768
2468 2769
2745 2770
2543 2771
2738 2772
2747 2773
2725 2774
2532 2775
2770 2776
2751 2777
2722 2778
2267 2779
2229 2780
2630 2781
2561 2782
2763 2783
2653 2784
2632 2785
2695 2786
2559 2787
2591 2788
2432 2789
2756 2790
2726 2791
2733 2792
2494 2793
2478 2794
2457 2795
2536 2796
2769 2797
2635 2798
2699 2799
2410 2800
2589 2801
2700 2802
2667 2803
2604 2804
2348 2805
2345 2806
2421 2807
2730 2808
2206 2809
2537 2810
2687 2811
2162 2812
2371 2813
2649 2814
2639 2815
2598 2816
2640 2817
2746 2818
2670 2819
2717 2820
2805 2821
2793 2822
2811 2823
1775 2824
2788 2825
2638 2826
2575 2827
2696 2828
2683 2829
2671 2830
2666 2831
2661 2832
2625 2833
2791 2834
2690 2835
2821 2836
2790 2837
2799 2838
2768 2839
2701 2840
2479 2841
2837 2842
2740 2843
2363 2844
2820 2845
2694 2846
2802 2847
2703 2848
2708 2849
2754 2850
2832 2851
2776 2852
2584 2853
2830 2854
2574 2855
2843 2856
2813 2857
2094 2858
2396 2859
2648 2860
2856 2861
2521 2862
2822 2863
2635 2864
2691 2865
2641 2866
2781 2867
2796 2868
2240 2869
2723 2870
2762 2871
2593 2872
2728 2873
2621 2874
2766 2875
2616 2876
2624 2877
2524 2878
2876 2879
2636 2880
2860 2881
2838 2882
2753 2883
2528 2884
2759 2885
2739 2886
2872 2887
2549 2888
2706 2889
2339 2890
2341 2891
2873 2892
2736 2893
2472 2894
2853 2895
2876 2896
2826 2897
2891 2898
2563 2899
2780 2900
2792 2901
2474 2902
2848 2903
2619 2904
2874 2905
2605 2906
2686 2907
2824 2908
2692 2909
2884 2910
2628 2911
2757 2912
2785 2913
2750 2914
2898 2915
2892 2916
2096 2917
2794 2918
2907 2919
2845 2920
2871 2921
2599 2922
2287 2923
2847 2924
2878 2925
2519 2926
2579 2927
2825 2928
2902 2929
2455 2930
2774 2931
2881 2932
2920 2933
2817 2934
2727 2935
2622 2936
2677 2937
2928 2938
2814 2939
2613 2940
2554 2941
2852 2942
2924 2943
2833 2944
2818 2945
2887 2946
2319 2947
2863 2948
2713 2949
1871 2950
2090 2951
2931 2952
2529 2953
2797 2954
2782 2955
2866 2956
2729 2957
2937 2958
2642 2959
2764 2960
2435 2961
2566 2962
2535 2963
2449 2964
2771 2965
2919 2966
2929 2967
2877 2968
2897 2969
2904 2970
2938 2971
2927 2972
2954 2973
2872 2974
2816 2975
2714 2976
2271 2977
2297 2978
2968 2979
2734 2980
2921 2981
2922 2982
2505 2983
2951 2984
2842 2985
2930 2986
2651 2987
2865 2988
2518 2989
2857 2990
2858 2991
2844 2992
2835 2993
2783 2994
2990 2995
2850 2996
2867 2997
2471 2998
2712 2999
2975 3000
2801 3001
2829 3002
2647 3003
2502 3004
2501 3005
2812 3006
2709 3007
2823 3008
2870 3009
2688 3010
2986 3011
3003 3012
2998 3013
2903 3014
2992 3015
2855 3016
2966 3017
2900 3018
2982 3019
2807 3020
3000 3021
2786 3022
2989 3023
2932 3024
2890 3025
3019 3026
2893 3027
2925 3028
2963 3029
2147 3030
2985 3031
2778 3032
2994 3033
2720 3034
3015 3035
2676 3036
2956 3037
2315 3038
3005 3039
2669 3040
3019 3041
3025 3042
2991 3043
2108 3044
3006 3045
3004 3046
2886 3047
2955 3048
2939 3049
3049 3050
2658 3051
3036 3052
2749 3053
2809 3054
3034 3055
2382 3056
2908 3057
2862 3058
2959 3059
2983 3060
2888 3061
2822 3062
3043 3063
3026 3064
2861 3065
2841 3066
2981 3067
2864 3068
2909 3069
2880 3070
2779 3071
2587 3072
2846 3073
2976 3074
2784 3075
3056 3076
3059 3077
3014 3078
3069 3079
2965 3080
2971 3081
2742 3082
2804 3083
3022 3084
2646 3085
2759 3086
3038 3087
3061 3088
2901 3089
2995 3090
2879 3091
2607 3092
2839 3093
2837 3094
3077 3095
3079 3096
2631 3097
2760 3098
2980 3099
2181 3100
2982 3101
3069 3102
3035 3103
3037 3104
2306 3105
2869 3106
3058 3107
3090 3108
2943 3109
2697 3110
3088 3111
2979 3112
3073 3113
3062 3114
2904 3115
2280 3116
3050 3117
3046 3118
3076 3119
3041 3120
2772 3121
3101 3122
2882 3123
2972 3124
3066 3125
2567 3126
3012 3127
3021 3128
3016 3129
3063 3130
3103 3131
3100 3132
3118 3133
3070 3134
2302 3135
2724 3136
3110 3137
2941 3138
2933 3139
3080 3140
3130 3141
2952 3142
2678 3143
3072 3144
2895 3145
2547 3146
3133 3147
2644 3148
2650 3149
2944 3150
2984 3151
2957 3152
3098 3153
3068 3154
3089 3155
3085 3156
2819 3157
2743 3158
3095 3159
3030 3160
3010 3161
2603 3162
3123 3163
2834 3164
2960 3165
3153 3166
3125 3167
3055 3168
2242 3169
3160 3170
3164 3171
3008 3172
3053 3173
3138 3174
2969 3175
1993 3176
2308 3177
2767 3178
2510 3179
2400 3180
2913 3181
3162 3182
2984 3183
3146 3184
2906 3185
3132 3186
3057 3187
3155 3188
2973 3189
3114 3190
3106 3191
2761 3192
2530 3193
2828 3194
3108 3195
3081 3196
3172 3197
3191 3198
3150 3199
2945 3200
3143 3201
2974 3202
3112 3203
3111 3204
2798 3205
2997 3206
2083 3207
2899 3208
3187 3209
3157 3210
3203 3211
2735 3212
2885 3213
3188 3214
3167 3215
3161 3216
2643 3217
2958 3218
2680 3219
3096 3220
3219 3221
3017 3222
3178 3223
2947 3224
3109 3225
2777 3226
3142 3227
3165 3228
3176 3229
2883 3230
3194 3231
2942 3232
3126 3233
3074 3234
3023 3235
2488 3236
3042 3237
3131 3238
2851 3239
3206 3240
3213 3241
2894 3242
3122 3243
3170 3244
3243 3245
2775 3246
3207 3247
3099 3248
3051 3249
2590 3250
3190 3251
3124 3252
2917 3253
3002 3254
3083 3255
1880 3256
3129 3257
2744 3258
2961 3259
3201 3260
2889 3261
2513 3262
2806 3263
2934 3264
2827 3265
3260 3266
3265 3267
2904 3268
2854 3269
2875 3270
3204 3271
3127 3272
3244 3273
2950 3274
3230 3275
2755 3276
3137 3277
3222 3278
3257 3279
3203 3280
3210 3281
2581 3282
3248 3283
3282 3284
3258 3285
3236 3286
2831 3287
3048 3288
3013 3289
2493 3290
2940 3291
3128 3292
3024 3293
3117 3294
3272 3295
3208 3296
3217 3297
3145 3298
2637 3299
3257 3300
2693 3301
2900 3302
3290 3303
2737 3304
3224 3305
2885 3306
3263 3307
3220 3308
2948 3309
3087 3310
3144 3311
3094 3312
2710 3313
2935 3314
3249 3315
3182 3316
2949 3317
2926 3318
3296 3319
3293 3320
3318 3321
2578 3322
3259 3323
3147 3324
2912 3325
3227 3326
3278 3327
3159 3328
2836 3329
3134 3330
3317 3331
3086 3332
2911 3333
2970 3334
3121 3335
3318 3336
3299 3337
3328 3338
3018 3339
3285 3340
3297 3341
3104 3342
3251 3343
3284 3344
3229 3345
2758 3346
3299 3347
3266 3348
3235 3349
3120 3350
3175 3351
3149 3352
3060 3353
3189 3354
2347 3355
3311 3356
3262 3357
2765 3358
3276 3359
2707 3360
2715 3361
2988 3362
3071 3363
2370 3364
3234 3365
3239 3366
3113 3367
3109 3368
3291 3369
2169 3370
3245 3371
2741 3372
2685 3373
3288 3374
2993 3375
3092 3376
3334 3377
2946 3378
3232 3379
3285 3380
3368 3381
2789 3382
3316 3383
3329 3384
3330 3385
3241 3386
3342 3387
3240 3388
3254 3389
2918 3390
3140 3391
3365 3392
3180 3393
3148 3394
3047 3395
3361 3396
2550 3397
2953 3398
2585 3399
3312 3400
3300 3401
2815 3402
3025 3403
3352 3404
2910 3405
2996 3406
3238 3407
3237 3408
3273 3409
3310 3410
3349 3411
2810 3412
2698 3413
2350 3414
3375 3415
3294 3416
3405 3417
3403 3418
3039 3419
3195 3420
3363 3421
3247 3422
3102 3423
2673 3424
2800 3425
3353 3426
3093 3427
3295 3428
3102 3429
3289 3430
3075 3431
3033 3432
3214 3433
3179 3434
3045 3435
3224 3436
3168 3437
3404 3438
3398 3439
3171 3440
3355 3441
3020 3442
3420 3443
3441 3444
3225 3445
3197 3446
3324 3447
3084 3448
3335 3449
3332 3450
3082 3451
3269 3452
3382 3453
3337 3454
3302 3455
3340 3456
3237 3457
3447 3458
2999 3459
3456 3460
3372 3461
3280 3462
3325 3463
3202 3464
3444 3465
3253 3466
3379 3467
3301 3468
3031 3469
3364 3470
3371 3471
3381 3472
3054 3473
2908 3474
3151 3475
3468 3476
3210 3477
2588 3478
3407 3479
3256 3480
3226 3481
3362 3482
3406 3483
2967 3484
3416 3485
3313 3486
3268 3487
3091 3488
3104 3489
3426 3490
3446 3491
3174 3492
3487 3493
3305 3494
3418 3495
2091 3496
3314 3497
3242 3498
3032 3499
3298 3500
2796 3501
3438 3502
3392 3503
3393 3504
2916 3505
3385 3506
3346 3507
3422 3508
3433 3509
3306 3510
3430 3511
3181 3512
3320 3513
3412 3514
3512 3515
3448 3516
3514 3517
3304 3518
3215 3519
3494 3520
3445 3521
3007 3522
3200 3523
3356 3524
3207 3525
3485 3526
2859 3527
3359 3528
3253 3529
3378 3530
3507 3531
3491 3532
3511 3533
3477 3534
3135 3535
3373 3536
2960 3537
3461 3538
3097 3539
3436 3540
3327 3541
3321 3542
3116 3543
3462 3544
2800 3545
3415 3546
3454 3547
3119 3548
3166 3549
3503 3550
2732 3551
3441 3552
3216 3553
3347 3554
2962 3555
3274 3556
3360 3557
3532 3558
3289 3559
3383 3560
3339 3561
3547 3562
3520 3563
3427 3564
3440 3565
3457 3566
3308 3567
2795 3568
3435 3569
2923 3570
3154 3571
3483 3572
3475 3573
2787 3574
3279 3575
3307 3576
3196 3577
3551 3578
3298 3579
3548 3580
3450 3581
3421 3582
3426 3583
3474 3584
3292 3585
3562 3586
3442 3587
3578 3588
3584 3589
3550 3590
3552 3591
3557 3592
3580 3593
3541 3594
3489 3595
1936 3596
3459 3597
3540 3598
3136 3599
3078 3600
3470 3601
3367 3602
3559 3603
3573 3604
3040 3605
3552 3606
3542 3607
3373 3608
3544 3609
3220 3610
3591 3611
3581 3612
3449 3613
3185 3614
3453 3615
3516 3616
2773 3617
3482 3618
3152 3619
3408 3620
3499 3621
2597 3622
3490 3623
3538 3624
3231 3625
3252 3626
3615 3627
3394 3628
3480 3629
2716 3630
3568 3631
3184 3632
3543 3633
3583 3634
3397 3635
3574 3636
3431 3637
3606 3638
3633 3639
3029 3640
3351 3641
3528 3642
2148 3643
3027 3644
3515 3645
3458 3646
3585 3647
3560 3648
3617 3649
3412 3650
2763 3651
3506 3652
3531 3653
3575 3654
3399 3655
3647 3656
3287 3657
3414 3658
3428 3659
3527 3660
3522 3661
3612 3662
3589 3663
3409 3664
3354 3665
2914 3666
3599 3667
3652 3668
3653 3669
3640 3670
3498 3671
2467 3672
3554 3673
2520 3674
3577 3675
3264 3676
3662 3677
3391 3678
3545 3679
3543 3680
3483 3681
3432 3682
3505 3683
3561 3684
3549 3685
3466 3686
3643 3687
3141 3688
3370 3689
3489 3690
3607 3691
3678 3692
3666 3693
3636 3694
3210 3695
2990 3696
3366 3697
3338 3698
3668 3699
3333 3700
2748 3701
3663 3702
3469 3703
3683 3704
3388 3705
3638 3706
3390 3707
2987 3708
3419 3709
3618 3710
3424 3711
3654 3712
2905 3713
3212 3714
3519 3715
3692 3716
3358 3717
2868 3718
3579 3719
3271 3720
3706 3721
3610 3722
3401 3723
3691 3724
3683 3725
3636 3726
3488 3727
3677 3728
3376 3729
3413 3730
3486 3731
3380 3732
3563 3733
3052 3734
3709 3735
3331 3736
3322 3737
3701 3738
3670 3739
3675 3740
3619 3741
3199 3742
3295 3743
3209 3744
3681 3745
3717 3746
3723 3747
3533 3748
3396 3749
3608 3750
3634 3751
3697 3752
3719 3753
3660 3754
3495 3755
2915 3756
2953 3757
3156 3758
3682 3759
2803 3760
3464 3761
3139 3762
3739 3763
3374 3764
3629 3765
3688 3766
3400 3767
3729 3768
3745 3769
3535 3770
3736 3771
3649 3772
3721 3773
2936 3774
3312 3775
3698 3776
3669 3777
3255 3778
2712 3779
2808 3780
3280 3781
3714 3782
3530 3783
3685 3784
3768 3785
3598 3786
3676 3787
3605 3788
3601 3789
3361 3790
3509 3791
3439 3792
3275 3793
3107 3794
3632 3795
3778 3796
3576 3797
3521 3798
3451 3799
3572 3800
3620 3801
3677 3802
3539 3803
3645 3804
3772 3805
3798 3806
3525 3807
3616 3808
3619 3809
3553 3810
3789 3811
3810 3812
3001 3813
3186 3814
3115 3815
3420 3816
3807 3817
2657 3818
3460 3819
3218 3820
3425 3821
3727 3822
3246 3823
3373 3824
3357 3825
3315 3826
3517 3827
3673 3828
3767 3829
3177 3830
3656 3831
3803 3832
3492 3833
3705 3834
3319 3835
3384 3836
3586 3837
3746 3838
3613 3839
3712 3840
3804 3841
3693 3842
3303 3843
3800 3844
3163 3845
3744 3846
3817 3847
3674 3848
3740 3849
3644 3850
3838 3851
3679 3852
3631 3853
3326 3854
3761 3855
3534 3856
3758 3857
3791 3858
2903 3859
3518 3860
3780 3861
3437 3862
3796 3863
3269 3864
3603 3865
3626 3866
3463 3867
3482 3868
3842 3869
3529 3870
3604 3871
2476 3872
3785 3873
3815 3874
3600 3875
3564 3876
3689 3877
3455 3878
3348 3879
3855 3880
3476 3881
3410 3882
3843 3883
3395 3884
3597 3885
2964 3886
3205 3887
3853 3888
3672 3889
3822 3890
3831 3891
3716 3892
3569 3893
3267 3894
3369 3895
3595 3896
3718 3897
3860 3898
3878 3899
3646 3900
3809 3901
3479 3902
3766 3903
3510 3904
3870 3905
3467 3906
3341 3907
3827 3908
3566 3909
3820 3910
3667 3911
3884 3912
3850 3913
3911 3914
3452 3915
3544 3916
3873 3917
3183 3918
2990 3919
3859 3920
3443 3921
3840 3922
3389 3923
3851 3924
3509 3925
2629 3926
3754 3927
3478 3928
3434 3929
3496 3930
3924 3931
3555 3932
3898 3933
3753 3934
3270 3935
3756 3936
3481 3937
3336 3938
3794 3939
3214 3940
3756 3941
3704 3942
3648 3943
3671 3944
3721 3945
3703 3946
3942 3947
3742 3948
3899 3949
3728 3950
3417 3951
3762 3952
3921 3953
3880 3954
3912 3955
3344 3956
3724 3957
3655 3958
3658 3959
2978 3960
3609 3961
3952 3962
3946 3963
3770 3964
3708 3965
3900 3966
3676 3967
3892 3968
3588 3969
3847 3970
3961 3971
3951 3972
3504 3973
3969 3974
3967 3975
3957 3976
3628 3977
3941 3978
3959 3979
3627 3980
3763 3981
3927 3982
3938 3983
3044 3984
3874 3985
3009 3986
3635 3987
3623 3988
3868 3989
3773 3990
3710 3991
3642 3992
3797 3993
3843 3994
3589 3995
3458 3996
3602 3997
3802 3998
3909 3999
3925 4000
3908 4001
2840 4002
3426 4003
3221 4004
3695 4005
3816 4006
3893 4007
3840 4008
3813 4009
3481 4010
3907 4011
3891 4012
3622 4013
3965 4014
3976 4015
3715 4016
3918 4017
3828 4018
3386 4019
3650 4020
3786 4021
3665 4022
3582 4023
4017 4024
3836 4025
4015 4026
3927 4027
3757 4028
3471 4029
3904 4030
3995 4031
3473 4032
3923 4033
3919 4034
3696 4035
3974 4036
3829 4037
2849 4038
3733 4039
3732 4040
3387 4041
3953 4042
4004 4043
3954 4044
3991 4045
3596 4046
3661 4047
3849 4048
3667 4049
3869 4050
3132 4051
3193 4052
3824 4053
3841 4054
4038 4055
3641 4056
3943 4057
3381 4058
3981 4059
3832 4060
3812 4061
3592 4062
3169 4063
4007 4064
3497 4065
4048 4066
4060 4067
3937 4068
3508 4069
3805 4070
4003 4071
3901 4072
3323 4073
3992 4074
3852 4075
3067 4076
3814 4077
3726 4078
3707 4079
3500 4080
4032 4081
3760 4082
3839 4083
4018 4084
4057 4085
3934 4086
4046 4087
3565 4088
4014 4089
3857 4090
4011 4091
3750 4092
3971 4093
3875 4094
3493 4095
3465 4096
3929 4097
3783 4098
4082 4099
3411 4100
4013 4101
3826 4102
3954 4103
3478 4104
3501 4105
3567 4106
3281 4107
3848 4108
3823 4109
3818 4110
3639 4111
4072 4112
4084 4113
3779 4114
4073 4115
4022 4116
4001 4117
3833 4118
4100 4119
3571 4120
3158 4121
3947 4122
3930 4123
3759 4124
3734 4125
3774 4126
3657 4127
4071 4128
4023 4129
3484 4130
3502 4131
3819 4132
3940 4133
3472 4134
4047 4135
4086 4136
4062 4137
3864 4138
3986 4139
3830 4140
2946 4141
3970 4142
3962 4143
3973 4144
3793 4145
3377 4146
4101 4147
4037 4148
3958 4149
3105 4150
4055 4151
3977 4152
3771 4153
4070 4154
4138 4155
4092 4156
2895 4157
4121 4158
3722 4159
2399 4160
3064 4161
3690 4162
3573 4163
3906 4164
3853 4165
4000 4166
4102 4167
4167 4168
4015 4169
4068 4170
3979 4171
3700 4172
3948 4173
4093 4174
3920 4175
3261 4176
4095 4177
3837 4178
3065 4179
3932 4180
3950 4181
3587 4182
4010 4183
3735 4184
4183 4185
3795 4186
4075 4187
4080 4188
3651 4189
4123 4190
3764 4191
4117 4192
3980 4193
4058 4194
3983 4195
3494 4196
3963 4197
4021 4198
4006 4199
3885 4200
3982 4201
4187 4202
3776 4203
4113 4204
3876 4205
4035 4206
4043 4207
3782 4208
3950 4209
4144 4210
4106 4211
4132 4212
4030 4213
3659 4214
4008 4215
3228 4216
3423 4217
3854 4218
4051 4219
4176 4220
3028 4221
3916 4222
3523 4223
4210 4224
3630 4225
4205 4226
4054 4227
4063 4228
3537 4229
4146 4230
4222 4231
3996 4232
4141 4233
4061 4234
3713 4235
4033 4236
3999 4237
4168 4238
4020 4239
4130 4240
4116 4241
3812 4242
3935 4243
4154 4244
3933 4245
4026 4246
3614 4247
2510 4248
4031 4249
3223 4250
4040 4251
3808 4252
3684 4253
3944 4254
4248 4255
4103 4256
3611 4257
3867 4258
3801 4259
3871 4260
4034 4261
3536 4262
4087 4263
4077 4264
3926 4265
4122 4266
4090 4267
4217 4268
4050 4269
3784 4270
4264 4271
3590 4272
4270 4273
4168 4274
4199 4275
4250 4276
4239 4277
4137 4278
4153 4279
4115 4280
4066 4281
4242 4282
3702 4283
3862 4284
4034 4285
4157 4286
3593 4287
4120 4288
4193 4289
3781 4290
4146 4291
4219 4292
4019 4293
2977 4294
4140 4295
4290 4296
3902 4297
3343 4298
3955 4299
3283 4300
4177 4301
3513 4302
3711 4303
4257 4304
4269 4305
3686 4306
3625 4307
4229 4308
4265 4309
4272 4310
4012 4311
3895 4312
3751 4313
4262 4314
4309 4315
4143 4316
4288 4317
4151 4318
4156 4319
3741 4320
4049 4321
4041 4322
3861 4323
4128 4324
4091 4325
4100 4326
4253 4327
4296 4328
4141 4329
3699 4330
4085 4331
4182 4332
4180 4333
4207 4334
4148 4335
3945 4336
4232 4337
3792 4338
4336 4339
4234 4340
4039 4341
4310 4342
4150 4343
3402 4344
4273 4345
4114 4346
4338 4347
3850 4348
4161 4349
4274 4350
3594 4351
3198 4352
4134 4353
3883 4354
3350 4355
3570 4356
4331 4357
3978 4358
3309 4359
3534 4360
4341 4361
4230 4362
4214 4363
4065 4364
4345 4365
4262 4366
4201 4367
4087 4368
3973 4369
4225 4370
3865 4371
3821 4372
4340 4373
4042 4374
4092 4375
4351 4376
4191 4377
4323 4378
4235 4379
4169 4380
4343 4381
3664 4382
4109 4383
4266 4384
3889 4385
4329 4386
4346 4387
4315 4388
3730 4389
4358 4390
4300 4391
4332 4392
4346 4393
4350 4394
3752 4395
4166 4396
4283 4397
4098 4398
4295 4399
3787 4400
4369 4401
4181 4402
4390 4403
4317 4404
4192 4405
3277 4406
4301 4407
4372 4408
4222 4409
4097 4410
4292 4411
4224 4412
3524 4413
3872 4414
4245 4415
4342 4416
4012 4417
4197 4418
4386 4419
3286 4420
4375 4421
3894 4422
3848 4423
4025 4424
4215 4425
4396 4426
3881 4427
4259 4428
4233 4429
4281 4430
4412 4431
3856 4432
4287 4433
3192 4434
4431 4435
4374 4436
4279 4437
4139 4438
4392 4439
4188 4440
4430 4441
4344 4442
3834 4443
4088 4444
4442 4445
4438 4446
4362 4447
4316 4448
3788 4449
4409 4450
4136 4451
4036 4452
4449 4453
3949 4454
4441 4455
4208 4456
4172 4457
4452 4458
3621 4459
4451 4460
4401 4461
4414 4462
4382 4463
4053 4464
4159 4465
4165 4466
4211 4467
4427 4468
3998 4469
3990 4470
3748 4471
4081 4472
4079 4473
4028 4474
4127 4475
4373 4476
4354 4477
4142 4478
4356 4479
2668 4480
4477 4481
4291 4482
4255 4483
3738 4484
4027 4485
3877 4486
4195 4487
4428 4488
4220 4489
3866 4490
4044 4491
4179 4492
4398 4493
4275 4494
3806 4495
4432 4496
4400 4497
4407 4498
4293 4499
4135 4500
4152 4501
4189 4502
4325 4503
4108 4504
4468 4505
4100 4506
3900 4507
4486 4508
4435 4509
4415 4510
4133 4511
4500 4512
4411 4513
4218 4514
4096 4515
4472 4516
4507 4517
4285 4518
4152 4519
4394 4520
3886 4521
4474 4522
4365 4523
4271 4524
3917 4525
4204 4526
4328 4527
4289 4528
4298 4529
4515 4530
4341 4531
4002 4532
3881 4533
4368 4534
4249 4535
4353 4536
4150 4537
3765 4538
4318 4539
4199 4540
4534 4541
4423 4542
4352 4543
3694 4544
4260 4545
4231 4546
3897 4547
4228 4548
4277 4549
4466 4550
4190 4551
4500 4552
4479 4553
4518 4554
4366 4555
4397 4556
4421 4557
4476 4558
4557 4559
3846 4560
3913 4561
4378 4562
4391 4563
3888 4564
3775 4565
4427 4566
4333 4567
3972 4568
4496 4569
4426 4570
4320 4571
4447 4572
4502 4573
4473 4574
4531 4575
4164 4576
4456 4577
3931 4578
4508 4579
4216 4580
4227 4581
4505 4582
4239 4583
4313 4584
4541 4585
4570 4586
4093 4587
4458 4588
4516 4589
4545 4590
3250 4591
4330 4592
4349 4593
4574 4594
4170 4595
3749 4596
3956 4597
4559 4598
3755 4599
4337 4600
3968 4601
3890 4602
4560 4603
4445 4604
4581 4605
4577 4606
4173 4607
4561 4608
4348 4609
4603 4610
4454 4611
4367 4612
3774 4613
4602 4614
4241 4615
4571 4616
4609 4617
4481 4618
4429 4619
4555 4620
4613 4621
3720 4622
4462 4623
4363 4624
4487 4625
3993 4626
3882 4627
4240 4628
3731 4629
4099 4630
4612 4631
4392 4632
4131 4633
4313 4634
4364 4635
4566 4636
4491 4637
4357 4638
4543 4639
4268 4640
4440 4641
3637 4642
3777 4643
4604 4644
4503 4645
4512 4646
4608 4647
4327 4648
4579 4649
4610 4650
4261 4651
4600 4652
4194 4653
4624 4654
4526 4655
4606 4656
4644 4657
3429 4658
4417 4659
4472 4660
4185 4661
4280 4662
4575 4663
4203 4664
4584 4665
4621 4666
4223 4667
4548 4668
4564 4669
4174 4670
4581 4671
4620 4672
4470 4673
4334 4674
4444 4675
4490 4676
4149 4677
4598 4678
4651 4679
3914 4680
4493 4681
4646 4682
4677 4683
4563 4684
3755 4685
4638 4686
4518 4687
4347 4688
4387 4689
4238 4690
4339 4691
4455 4692
4546 4693
3546 4694
4605 4695
3975 4696
4488 4697
4129 4698
4416 4699
4425 4700
4694 4701
4492 4702
4029 4703
4370 4704
4688 4705
4691 4706
4227 4707
4321 4708
3903 4709
4419 4710
4580 4711
3737 4712
4244 4713
4119 4714
4005 4715
4314 4716
4247 4717
4586 4718
4458 4719
4589 4720
4504 4721
4110 4722
4307 4723
3556 4724
4212 4725
4467 4726
3985 4727
4611 4728
4263 4729
4709 4730
4652 4731
4357 4732
4069 4733
4703 4734
4669 4735
3978 4736
4286 4737
4721 4738
4594 4739
2896 4740
4664 4741
4463 4742
4635 4743
3590 4744
4547 4745
4254 4746
4720 4747
4446 4748
4196 4749
4612 4750
4666 4751
3687 4752
4517 4753
4650 4754
4716 4755
4399 4756
3966 4757
4145 4758
4385 4759
4667 4760
4693 4761
4701 4762
4530 4763
4052 4764
4324 4765
4582 4766
4727 4767
4200 4768
4267 4769
4597 4770
4704 4771
4544 4772
4304 4773
4637 4774
4016 4775
4471 4776
4750 4777
4536 4778
4111 4779
3984 4780
4611 4781
4495 4782
3846 4783
4698 4784
4209 4785
4764 4786
4202 4787
4738 4788
4184 4789
4755 4790
4549 4791
4534 4792
4417 4793
4478 4794
4591 4795
4443 4796
4686 4797
4376 4798
4639 4799
4243 4800
4418 4801
4742 4802
4393 4803
4791 4804
4793 4805
4782 4806
4572 4807
4616 4808
3862 4809
4655 4810
4252 4811
4377 4812
4632 4813
4725 4814
3448 4815
4256 4816
3896 4817
4565 4818
4628 4819
4578 4820
4634 4821
4623 4822
4590 4823
4514 4824
4749 4825
4807 4826
4505 4827
4733 4828
4436 4829
4789 4830
4806 4831
4532 4832
4758 4833
4528 4834
4186 4835
4622 4836
4741 4837
3747 4838
4682 4839
4453 4840
4658 4841
4776 4842
4509 4843
4788 4844
4809 4845
3743 4846
3666 4847
3825 4848
4395 4849
4685 4850
4595 4851
4630 4852
4384 4853
4434 4854
4785 4855
4796 4856
3725 4857
4480 4858
4667 4859
4759 4860
4506 4861
4424 4862
4805 4863
4745 4864
4853 4865
3211 4866
4558 4867
4700 4868
4794 4869
4489 4870
4814 4871
4240 4872
3820 4873
4303 4874
4619 4875
4804 4876
4413 4877
4404 4878
4569 4879
4635 4880
4783 4881
3989 4882
4767 4883
4825 4884
4497 4885
4680 4886
4870 4887
4868 4888
4542 4889
4631 4890
4751 4891
3939 4892
4787 4893
4746 4894
4629 4895
4802 4896
4861 4897
4538 4898
4740 4899
3463 4900
4537 4901
4893 4902
4469 4903
4206 4904
3925 4905
4779 4906
4626 4907
4846 4908
4498 4909
3936 4910
4905 4911
4879 4912
4586 4913
4297 4914
4851 4915
4627 4916
4714 4917
4712 4918
4607 4919
4294 4920
4770 4921
4713 4922
4900 4923
4236 4924
4906 4925
4780 4926
4484 4927
4919 4928
4400 4929
3799 4930
4522 4931
4803 4932
4513 4933
4777 4934
4889 4935
4916 4936
4833 4937
4576 4938
4675 4939
4876 4940
4676 4941
4511 4942
4765 4943
4707 4944
4024 4945
4600 4946
4625 4947
4175 4948
4125 4949
4661 4950
4858 4951
4308 4952
3624 4953
4389 4954
4907 4955
4744 4956
4932 4957
4922 4958
4690 4959
4857 4960
4657 4961
4895 4962
4405 4963
4933 4964
4521 4965
4950 4966
4766 4967
4816 4968
4963 4969
4823 4970
4753 4971
4743 4972
4901 4973
4083 4974
4800 4975
4699 4976
3201 4977
4748 4978
4781 4979
4762 4980
4953 4981
4938 4982
4928 4983
4226 4984
4735 4985
4837 4986
4974 4987
4674 4988
4403 4989
4659 4990
4784 4991
4967 4992
4535 4993
3790 4994
4812 4995
4821 4996
4947 4997
4464 4998
4722 4999
4633 5000
0 0 0 0 0 0 0 0 0 0 0 0 0 0 0 0 0 0 0 0 0 0 0 0 0 0 0 0 0 0 0 0 0 0 0 0 0 0 0 0 0 0 0 0 0 0 0 0 0 0 0 0 0 0 0 0 0 0 0 0 0 0 0 0 0 0 0 0 0 0 0 0 0 0 0 0 0 0 0 0 0 0 0 0 0 0 0 0 0 0 0 0 0 0 0 0 0 0 0 0 0 0 0 0 0 0 0 0 0 0 0 0 0 0 0 0 0 0 0 0 0 0 0 0 0 0 0 0 0 0 0 0 0 0 0 0 0 0 0 0 0 0 0 0 0 0 0 0 0 0 0 0 0 0 0 0 0 0 0 0 0 0 0 0 0 0 0 0 0 0 0 0 0 0 0 0 0 0 0 0 0 0 0 0 0 0 0 0 0 0 0 0 0 0 0 0 0 0 0 0 0 0 0 0 0 0 0 0 0 0 0 0 0 0 0 0 0 0 0 0 0 0 0 0 0 0 0 0 0 0 0 0 0 0 0 0 0 0 0 0 0 0 0 0 0 0 0 0 0 0 0 0 0 0 0 0 0 0 0 0 0 0 0 0 0 0 0 0 0 0 0 0 0 0 0 0 0 0 0 0 0 0 0 0 0 0 0 0 0 0 0 0 0 0 0 0 0 0 0 0 0 0 0 0 0 0 0 0 0 0 0 0 0 0 0 0 0 0 0 0 0 0 0 0 0 0 0 0 0 0 0 0 0 0 0 0 0 0 0 0 0 0 0 0 0 0 0 0 0 0 0 0 0 0 0 0 0 0 0 0 0 0 0 0 0 0 0 0 0 0 0 0 0 0 0 0 0 0 0 0 0 0 0 0 0 0 0 0 0 0 0 0 0 0 0 0 0 0 0 0 0 0 0 0 0 0 0 0 0 0 0 0 0 0 0 0 0 0 0 0 0 0 0 0 0 0 0 0 0 0 0 0 0 0 0 0 0 0 0 0 0 0 0 0 0 0 0 0 0 0 0 0 0 0 0 0 0 0 0 0 0 0 0 0 0 0 0 0 0 0 0 0 0 0 0 0 0 0 0 0 0 0 0 0 0 0 0 0 0 0 0 0 0 0 0 0 0 0 0 0 0 0 0 0 0 0 0 0 0 0 0 0 0 0 0 0 0 0 0 0 0 0 0 0 0 0 0 0 0 0 0 0 0 0 0 0 0 0 0 0 0 0 0 0 0 0 0 0 0 0 0 0 0 0 0 0 0 0 0 0 0 0 0 0 0 0 0 0 0 0 0 0 0 0 0 0 0 0 0 0 0 0 0 0 0 0 0 0 0 0 0 0 0 0 0 0 0 0 0 0 0 0 0 0 0 0 0 0 0 0 0 0 0 0 0 0 0 0 0 0 0 0 0 0 0 0 0 0 0 0 0 0 0 0 0 0 0 0 0 0 0 0 0 0 0 0 0 0 0 0 0 0 0 0 0 0 0 0 0 0 0 0 0 0 0 0 0 0 0 0 0 0 0 0 0 0 0 0 0 0 0 0 0 0 0 0 0 0 0 0 0 0 0 0 0 0 0 0 0 0 0 0 0 0 0 0 0 0 0 0 0 0 0 0 0 0 0 0 0 0 0 0 0 0 0 0 0 0 0 0 0 0 0 0 0 0 0 0 0 0 0 0 0 0 0 0 0 0 0 0 0 0 0 0 0 0 0 0 0 0 0 0 0 0 0 0 0 0 0 0 0 0 0 0 0 0 0 0 0 0 0 0 0 0 0 0 0 0 0 0 0 0 0 0 0 0 0 0 0 0 0 0 0 0 0 0 0 0 0 0 0 0 0 0 0 0 0 0 0 0 0 0 0 0 0 0 0 0 0 0 0 0 0 0 0 0 0 0 0 0 0 0 0 0 0 0 0 0 0 0 0 0 0 0 0 0 0 0 0 0 0 0 0 0 0 0 0 0 0 0 0 0 0 0 0 0 0 0 0 0 0 0 0 0 0 0 0 0 0 0 0 0 0 0 0 0 0 0 0 0 0 0 0 0 0 0 0 0 0 0 0 0 0 0 0 0 0 0 0 0 0 0 0 0 0 0 0 0 0 0 0 0 0 0 0 0 0 0 0 0 0 0 0 0 0 0 0 0 0 0 0 0 0 0 0 0 0 0 0 0 0 0 0 0 0 0 0 0 0 0 0 0 0 0 0 0 0 0 0 0 0 0 0 0 0 0 0 0 0 0 0 0 0 0 0 0 0 0 0 0 0 0 0 0 0 0 0 0 0 0 0 0 0 0 0 0 0 0 0 0 0 0 0 0 0 0 0 0 0 0 0 0 0 0 0 0 0 0 0 0 0 0 0 0 0 0 0 0 0 0 0 0 0 0 0 0 0 0 0 0 0 0 0 0 0 0 0 0 0 0 0 0 0 0 0 0 0 0 0 0 0 0 0 0 0 0 0 0 0 0 0 0 0 0 0 0 0 0 0 0 0 0 0 0 0 0 0 0 0 0 0 0 0 0 0 0 0 0 0 0 0 0 0 0 0 0 0 0 0 0 0 0 0 0 0 0 0 0 0 0 0 0 0 0 0 0 0 0 0 0 0 0 0 0 0 0 0 0 0 0 0 0 0 0 0 0 0 0 0 0 0 0 0 0 0 0 0 0 0 0 0 0 0 0 0 0 0 0 0 0 0 0 0 0 0 0 0 0 0 0 0 0 0 0 0 0 0 0 0 0 0 0 0 0 0 0 0 0 0 0 0 0 0 0 0 0 0 0 0 0 0 0 0 0 0 0 0 0 0 0 0 0 0 0 0 0 0 0 0 0 0 0 0 0 0 0 0 0 0 0 0 0 0 0 0 0 0 0 0 0 0 0 0 0 0 0 0 0 0 0 0 0 0 0 0 0 0 0 0 0 0 0 0 0 0 0 0 0 0 0 0 0 0 0 0 0 0 0 0 0 0 0 0 0 0 0 0 0 0 0 0 0 0 0 0 0 0 0 0 0 0 0 0 0 0 0 0 0 0 0 0 0 0 0 0 0 0 0 0 0 0 0 0 0 0 0 0 0 0 0 0 0 0 0 0 0 0 0 0 0 0 0 0 0 0 0 0 0 0 0 0 0 0 0 0 0 0 0 0 0 2501 0 0 0 0 0 0 0 0 0 0 0 0 0 0 0 0 0 0 0 0 0 0 0 0 0 0 0 0 0 0 0 0 0 0 0 0 0 0 0 0 0 0 0 0 0 0 0 0 0 0 0 0 0 0 0 0 0 0 0 0 0 0 0 0 0 0 0 0 0 0 0 0 0 0 0 0 0 0 0 0 0 0 0 0 0 0 0 0 0 0 0 0 0 0 0 0 0 0 0 0 0 0 0 0 0 0 0 0 0 0 0 0 0 0 0 0 0 0 0 0 0 0 0 0 0 0 0 0 0 0 0 0 0 0 0 0 0 0 0 0 0 0 0 0 0 0 0 0 0 0 0 0 0 0 0 0 0 0 0 0 0 0 0 0 0 0 0 0 0 0 0 0 0 0 0 0 0 0 0 0 0 0 0 0 0 0 0 0 0 0 0 0 0 0 0 0 0 0 0 0 0 0 0 0 0 0 0 0 0 0 0 0 0 0 0 0 0 0 0 0 0 0 0 0 0 0 0 0 0 0 0 0 0 0 0 0 0 0 0 0 0 0 0 0 0 0 0 0 0 0 0 0 0 0 0 0 0 0 0 0 0 0 0 0 0 0 0 0 0 0 0 0 0 0 0 0 0 0 0 0 0 0 0 0 0 0 0 0 0 0 0 0 0 0 0 0 0 0 0 0 0 0 0 0 0 0 0 0 0 0 0 0 0 0 0 0 0 0 0 0 0 0 0 0 0 0 0 0 0 0 0 0 0 0 0 0 0 0 0 0 0 0 0 0 0 0 0 0 0 0 0 0 0 0 0 0 0 0 0 0 0 0 0 0 0 0 0 0 0 0 0 0 0 0 0 0 0 0 0 0 0 0 0 0 0 0 0 0 0 0 0 0 0 0 0 0 0 0 0 0 0 0 0 0 0 0 0 0 0 0 0 0 0 0 0 0 0 0 0 0 0 0 0 0 0 0 0 0 0 0 0 0 0 0 0 0 0 0 0 0 0 0 0 0 0 0 0 0 0 0 0 0 0 0 0 0 0 0 0 0 0 0 0 0 0 0 0 0 0 0 0 0 0 0 0 0 0 0 0 0 0 0 0 0 0 0 0 0 0 0 0 0 0 0 0 0 0 0 0 0 0 0 0 0 0 0 0 0 0 0 0 0 0 0 0 0 0 0 0 0 0 0 0 0 0 0 0 0 0 0 0 0 0 0 0 0 0 0 0 0 0 0 0 0 0 0 0 0 0 0 0 0 0 0 0 0 0 0 0 0 0 0 0 0 0 0 0 0 0 0 0 0 0 0 0 0 0 0 0 0 0 0 0 0 0 0 0 0 0 0 0 0 0 0 0 0 0 0 0 0 0 0 0 0 0 0 0 0 0 0 0 0 0 0 0 0 0 0 0 0 0 0 0 0 0 0 0 0 0 0 0 0 0 0 0 0 0 0 0 0 0 0 0 0 0 0 0 0 0 0 0 0 0 0 0 0 0 0 0 0 0 0 0 0 0 0 0 0 0 0 0 0 0 0 0 0 0 0 0 0 0 0 0 0 0 0 0 0 0 0 0 0 0 0 0 0 0 0 0 0 0 0 0 0 0 0 0 0 0 0 0 0 0 0 0 0 0 0 0 0 0 0 0 0 0 0 0 0 0 0 0 0 0 0 0 0 0 0 0 0 0 0 0 0 0 0 0 0 0 0 0 0 0 0 0 0 0 0 0 0 0 0 0 0 0 0 0 0 0 0 0 0 0 0 0 0 0 0 0 0 0 0 0 0 0 0 0 0 0 0 0 0 0 0 0 0 0 0 0 0 0 0 0 0 0 0 0 0 0 0 0 0 0 0 0 0 0 0 0 0 0 0 0 0 0 0 0 0 0 0 0 0 0 0 0 0 0 0 0 0 0 0 0 0 0 0 0 0 0 0 0 0 0 0 0 0 0 0 0 0 0 0 0 0 0 0 0 0 0 0 0 0 0 0 0 0 0 0 0 0 0 0 0 0 0 0 0 0 0 0 0 0 0 0 0 0 0 0 0 0 0 0 0 0 0 0 0 0 0 0 0 0 0 0 0 0 0 0 0 0 0 0 0 0 0 0 0 0 0 0 0 0 0 0 0 0 0 0 0 0 0 0 0 0 0 0 0 0 0 0 0 0 0 0 0 0 0 0 0 0 0 0 0 0 0 0 0 0 0 0 0 0 0 0 0 0 0 0 0 0 0 0 0 0 0 0 0 0 0 0 0 0 0 0 0 0 0 0 0 0 0 0 0 0 0 0 0 0 0 0 0 0 0 0 0 0 0 0 0 0 0 0 0 0 0 0 0 0 0 0 0 0 0 0 0 0 0 0 0 0 0 0 0 0 0 0 0 0 0 0 0 0 0 0 0 0 0 0 0 0 0 0 0 0 0 0 0 0 0 0 0 0 0 0 0 0 0 0 0 0 0 0 0 0 0 0 0 0 0 0 0 0 0 0 0 0 0 0 0 0 0 0 0 0 0 0 0 0 0 0 0 0 0 0 0 0 0 0 0 0 0 0 0 0 0 0 0 0 0 0 0 0 0 0 0 0 0 0 0 0 0 0 0 0 0 0 0 0 0 0 0 0 0 0 0 0 0 0 0 0 0 0 0 0 0 0 0 0 0 0 0 0 0 0 0 0 0 0 0 0 0 0 0 0 0 0 0 0 0 0 0 0 0 0 0 0 0 0 0 0 0 0 0 0 0 0 0 0 0 0 0 0 0 0 0 0 0 0 0 0 0 0 0 0 0 0 0 0 0 0 0 0 0 0 0 0 0 0 0 0 0 0 0 0 0 0 0 0 0 0 0 0 0 0 0 0 0 0 0 0 0 0 0 0 0 0 0 0 0 0 0 0 0 0 0 0 0 0 0 0 0 0 0 0 0 0 0 0 0 0 0 0 0 0 0 0 0 0 0 0 0 0 0 0 0 0 0 0 0 0 0 0 0 0 0 0 0 0 0 0 0 0 0 0 0 0 0 0 0 0 0 0 0 0 0 0 0 0 0 0 0 0 0 0 0 0 0 0 0 0 0 0 0 0 0 0 0 0 0 0 0 0 0 0 0 0 0 0 0 0 0 0 0 0 0 0 0 0 0 0 0 0 0 0 0 0 0 0 0 0 0 0 0 0 0 0 0 0 0 0 0 0 0 0 0 0 0 0 0 0 0 0 0 0 0 0 0 0 0 0 0 0 0 0 0 0 0 0 0 0 0 0 0 0 0 0 0 0 0 0 0 0 0 0 0 0 0 0 0 0 0 0 0 0 0 0 0 0 0 0 0 0 0 0 0 0 0 0 0 0 0 0 0 0 0 0 0 0 0 0 0 0 0 0 0 0 0 0 0 0 0 0 0 0 0 0 0 0 0 0 0 0 0 0 0 0 0 0 0 0 0 0 0 0 0 0 0 0 0 0 0 0 0 0 0 0 0 0 0 0 0 0 0 0 0 0 0 0 0 0 0 0 0 0 0 0 0 0 0 0 0 0 0 0 0 0 0 0 0 0 0 0 0 0 0 0 0 0 0 0 0 0 0 0 0 0 0 0 0 0 0 0 0 0 0 0 0 0 0 0 0 0 0 0 0 0 0 0 0 0 0 0 0 0 0 0 0 0 0 0 0 0 0 0 0 0 0 0 0 0 0 0 0 0 0 0 0 0 0 0 0 0 0 0 0 0 0 0 0 0 0 0 0 0 0 0 0 0 0 0 0 0 0 0 0 0 0 0 0 0 0 0 0 0 0 0 0 0 0 0 0 0 0 0 0 0 0 0 0 0 0 0 0 0 0 0 0 0 0 0 0 0 0 0 0 0 0 0 0 0 0 0 0 0 0 0 0 0 0 0 0 0 0 0 0 0 0 0 0 0 0 0 0 0 0 0 0 0 0 0 0 0 0 0 0 0 0 0 0 0 0 0 0 0 0 0 0 0 0 0 0 0 0 0 0 0 0 0 0 0 0 0 0 0 0 0 0 0 0 0 0 0 0 0 0 0 0 0 0 0 0 0 0 0 0 0 0 0 0 0 0 0 0 0 0 0 0 0 0 0 0 0 0 0 0 0 0 0 0 0 0 0 0 0 0 0 0 0 0 0 0 0 0 0 0 0 0 0 0 0 0 0 0 0 0 0 0 0 0 0 0 0 0 0 0 0 0 0 0 0 0 0 0 0 0 0 0 0 0 0 0 0 0 0 0 0 0 0 0 0 0 0 0 0 0 0 0 0 0 0 0 0 0 0 0 0 0 0 0 0 0 0 0 0 0 0 0 0 0 0 0 0 0 0 0 0 0 0 0 0 0 0 0 0 0 0 0 0 0 0 0 0 0 0 0 0 0 0 0 0 0 0 0 0 0 0 0 0 0 0 0 0 0 0 0 0 0 0 0 0 0 0 0 0 0 0 0 0 0 0 0 0 0 0 0 0 0 0 0 0 0 0 0 0 0 0 0 0 0 0 0 0 0 0 0 0 0 0 0 0 0 0 0 0 0 0 0 0 0 0 0 0 0 0 0 0 0 0 0 0 0 0 0 0 0 0 0 0 0 0 0 0 0 0 0 0 0 0 0 0 0 0 0 0 0 0 0 0 0 0 0 0 0 0 0 0 0 0 0 0 0 0 0 0 0 0 0 0 0 0 0 0 0 0 0 0 0 0 0 0 0 0 0 0 0 0 0 0 0 0 0 0 0 0 0 0 0 0 0 0 0 0 0 0 0 0 0 0 0 0 0 0 0 0 0 0 0 0 0 0 0 0 0 0 0 0 0 0 0 0 0 0 0 0 0 0 0 0 0 0 0 0 0 0 0 0 0 0 0 0 0 0 0 0 0 0 0 0 0 0 0 0 0 0 0 0 0 0 0 0 0 0 0 0 0 0 0 0 0 0 0 0 0 0 0 0 0 0 0 0 0 0 0 0 0 0 0 0 0 0 0 0 0 0 0 0 0 0 0 0 0 0 0 0 0 0 0 0 0 0 0 0 0 0 0 0 0 0 0 0 0 0 0 0 0 0 0 0 0 0 0 0 0 0 0 0 0 0 0 0 0 0 0 0 0 0 0 0 0 0 0 0 0 0 0 0 0 0 0 0 0 0 0 0 0 0 0 0 0 0 0 0 0 0 0 0 0 0 0 0 0 0 0 0 0 0 0 0 0 0 0 0 0 0 0 0 0 0 0 0 0 0 0 0 0 0 0 0 0 0 0 0 0 0 0 0 0 0 0 0 0 0 0 0 0 0 0 0 0 0 0 0 0 0 0 0 0 0 0 0 0 0 0 0 0 0 0 0 0 0 0 0 0 0 0 0 0 0 0 0 0 0 0 0 0 0 0 0 0 0 0 0 0 0 0 0 0 0 0 0 0 0 0 0 0 0 0 0 0 0 0 0 0 0 0 0 0 0 0 0 0 0 0 0 0 0 0 0 0 0 0 0 0 0 0 0 0 0 0 0 0 0 0 0 0 0 0 0 0 0 0 0 0 0 0 0 0 0 0 0 0 0 0 0 0 0 0 0 0 0 0 0 0 0 0 0 0 0 0 0 0 0 0 0 0 0 0 0 0 0 0 0 0 0 0 0 0 0 0 0 0 0 0 0 0 0 0 0 0 0 0 0 0 0 0 0 0 0 0 0 0 0 0 0 0 0 0 0 0 0 0 0 0 0 0 0 0 0 0 0 0 0 0 0 0 0 0 0 0 0 0 0 0 0 0 0 0 0 0 0 0 0 0 0 0 0 0 0 0 0 0 0 0 0 0 0 0 0 0 0 0 0 0 0 0 0 0 0 0 0 0 0 0 0 0 0 0 0 0 0 0 0 0 0 0 0 0 0 0 0 0 0 0 0 0 0 0 0 0 0 0 0 0 0 0 0 0 0 0 0 0 0 0 0 0 0 0 0 0 0 0 0 0 0 0 0 0 0 0 0 0 0 0 0 0 0 0 0 0 0 0 0 0 0 0 0 0 0 0 0 0 0 0 0 0 0 0 0 0 0 0 0 0 0 0 0 0 0 0 0 0 0 0 0 0 0 0 0 0 0 0 0 0 0 0 0 0 0 0 0 0 0 0 0 0 0 0 0 0 0 0 0 0 0 0 0 0 0 0 0 0 0 0 0 0 0 0 0 0 0 0 0 0 0 0 0 0 0 0 0 0 0 0 0 0 0 0 0 0 0 0 0 0 0 0 0 0 0 0 0 0 0 0 0 0 0 0 0 0 0 0 0 0 0 0 0 0 0 0 0 0 0 0 0 0 0 0 0 0 0 0 0 0 0 0 0 0 0 0 0 0 0 0 0 0 0 0 0 0 0 0 0 0 0 0 0 0 0 0 0 0 0 0 0 0 0 0 0 0 0 0 0 0 0 0 0 0 0 0 0 0 0 0 0 0 0 0 0 0 0 0 0 0 0 0 0 0 0 0 0 0 0 0 0 0 0 0 0 0 0 0 0 0 0 0 0 0 0 0 0 0 0 0 0 0 0 0 0 0 0 0 0 0 0 0 0 0 0 0 0 0 0 0 0 0 0 0 0 0 0 0 0 0 0 0 0 0 0 0 0 0 0 0 0 0 0 0 0 0 0 0 0 0 0 0 0 0 0 0 0 0 0 0 0 0 0 0 0 0 0 0 0 0 0 0 0 0 0 0 0 0 0 0 0 0 0 0 0 0 0 0 0 0 0 0 0 0 0 0 0 0 0 0 0 0 0 0 0 0 0 0 0 0 0 0 0 0 0 0 0 0 0 0 0 0 0 0 0 0 0 0 0 0 0 0 0 0 0 0 0 0 0 0 0 0 0 0 0 0 0 0 0 0 0 0 0 0 0 0 0 0 0 0 0 0 0 0 0 0 0 0 0 0 0 0 0 0 0 0 0 0 0 0 0 0 0 0 0 0 0 0 0 0 0 0 0 0 0 0 0 0 0 0 0 0 0 0 0 0 0 0 0 0 0 0 0 0 0 0 0 0 0 0 0 0 0 0 0 0 0 0 0 0 0 0 0 0 0 0 0 0 0 0 0 0 0 0 0 0 0 0 0 0 0 0 0 0 0 0 0 0 0 0 0 0 0 0 0 0 0 0 0 0 0 0 0 0 0 0 0 0 0 0 0 0 0 0 0 0 0 0 0 0 0 0 0 0 0 0 0 0 0 0 0 0 0 0 0 0 0 0 0 0 0 0 0 0 0 0 0 0 0 0 0 0 0 0 0 0 0 0 0 0 0 0 0 0 0 0 0 0 0 0 0 0 0 0 0 0 0 0 0 0 0 0 0 0 0 0 0 0 0 0 0 0 0 0 0 0 0 0 0 0 0 0 0 0 0 0 0 0 0 0 0 0 0 0 0 0 0 0 0 0 0 0 0 0 0 0 0 0 0 0 0 0 0 0 0 0 0 0 0 0 0 0 0 0 0 0 0 0 0 0 0 0 0 0 0 0 0 0 0 0 0 0 0 0 0 0 0 0 0 0 0 0 0 0 0 0 0 0 0 0 0 0 0 0 0 0 0 0 0 0 0 0 0 0 0 0 0 0 0 0 0 0 0 0 0 0 0 0 0 0 0 0 0 0 0 0 0 0 0 0 0 0 0 0 0 0 0 0 0 0 0 0 0 0 0 0 0 0 0 0 0 0 0 0 0 0 0 0 0 0 0 0 0 0 0 0 0 0 0 0 0 0 0 0 0 0 0 0 0 0 0 0 0 0 0 0 0 0 0 0 0 0 0 0 0 0 0 0 0 0 0 0 0 0 0 0 0 0 0 0 0 0 0 0 0 0 0 0 0 0 0 0 0 0 0 0 0 0 0 0 0 0 0 0 0 0 0 0 0 0 0 0 0 0 0 0 0 0 0 0 0 0 0 0 0 0 0 0 0 0 0 0 0 0 0 0 0 0 0 0 0 0 0 0 0 0 0 0 0 0 0 0 0 0 0 0 0 0 0 0 0 0 0 0 0 0 0 0 0 0 0 0 0 0 0 0 0 0 0 0 0 0 0 0 0 0 0 0 0 0 0 0 0 0 0 0 0 0 0 0 0 0 0 0 0 0 0 0 0 0 0 0 0 0 0 0 0 0 0 0 0 0 0 0 0 0 0 0 0 0 0 0 0 0 0 0 0 0 0 0 0 0 0 0 0 0
