5000
1 2
1 3
2 4
3 5
4 6
5 7
6 8
8 9
7 10
8 11
9 12
10 13
11 14
13 15
14 16
15 17
17 18
16 19
17 20
12 21
18 22
20 23
21 24
24 25
23 26
20 27
22 28
28 29
25 30
29 31
27 32
30 33
32 34
34 35
33 36
30 37
36 38
31 39
35 40
37 41
26 42
39 43
38 44
19 45
42 46
44 47
40 48
46 49
49 50
45 51
48 52
47 53
50 54
41 55
54 56
43 57
53 58
57 59
58 60
59 61
51 62
61 63
62 64
64 65
52 66
66 67
60 68
63 69
67 70
69 71
68 72
56 73
65 74
70 75
74 76
74 77
75 78
73 79
78 80
77 81
80 82
79 83
55 84
83 85
81 86
76 87
87 88
85 89
88 90
89 91
71 92
91 93
86 94
72 95
95 96
96 97
94 98
93 99
84 100
90 101
97 102
99 103
82 104
103 105
92 106
104 107
106 108
100 109
101 110
108 111
105 112
99 113
110 114
102 115
107 116
113 117
116 118
114 119
112 120
115 121
98 122
117 123
118 124
122 125
124 126
123 127
120 128
111 129
125 130
121 131
128 132
129 133
132 134
119 135
133 136
109 137
131 138
135 139
139 140
138 141
127 142
141 143
140 144
143 145
136 146
144 147
142 148
126 149
148 150
149 151
150 152
146 153
147 154
151 155
145 156
152 157
149 158
155 159
134 160
153 161
157 162
130 163
154 164
160 165
142 166
163 167
158 168
161 169
164 170
137 171
167 172
170 173
172 174
174 175
165 176
176 177
151 178
175 179
178 180
168 181
169 182
159 183
171 184
156 185
177 186
179 187
184 188
186 189
182 190
190 191
187 192
180 193
191 194
194 195
193 196
183 197
189 198
195 199
162 200
198 201
166 202
200 203
196 204
181 205
204 206
198 207
203 208
202 209
206 210
207 211
185 212
201 213
205 214
208 215
209 216
213 217
214 218
192 219
210 220
220 221
197 222
217 223
215 224
218 225
211 226
226 227
222 228
227 229
225 230
224 231
225 232
173 233
188 234
229 235
228 236
219 237
233 238
230 239
234 240
221 241
237 242
216 243
223 244
199 245
243 246
232 247
235 248
212 249
231 250
241 251
250 252
236 253
247 254
253 255
239 256
238 257
233 258
256 259
244 260
249 261
254 262
258 263
245 264
263 265
251 266
264 267
240 268
262 269
266 270
261 271
259 272
260 273
252 274
248 275
269 276
268 277
265 278
255 279
275 280
270 281
279 282
274 283
280 284
283 285
281 286
242 287
284 288
287 289
287 290
279 291
282 292
272 293
277 294
267 295
293 296
278 297
295 298
286 299
296 300
276 301
291 302
302 303
301 304
256 305
300 306
297 307
289 308
304 309
257 310
285 311
299 312
271 313
306 314
246 315
298 316
290 317
303 318
314 319
312 320
319 321
310 322
307 323
316 324
291 325
322 326
325 327
306 328
320 329
324 330
321 331
327 332
313 333
326 334
317 335
328 336
315 337
329 338
333 339
273 340
294 341
309 342
337 343
332 344
330 345
323 346
335 347
338 348
341 349
339 350
311 351
344 352
334 353
305 354
304 355
346 356
331 357
308 358
347 359
351 360
355 361
351 362
336 363
356 364
343 365
361 366
350 367
345 368
363 369
358 370
368 371
352 372
354 373
369 374
353 375
374 376
359 377
365 378
373 379
334 380
292 381
377 382
349 383
342 384
364 385
372 386
370 387
387 388
386 389
378 390
318 391
389 392
384 393
388 394
392 395
393 396
348 397
376 398
390 399
351 400
395 401
340 402
391 403
362 404
397 405
379 406
403 407
385 408
402 409
408 410
404 411
382 412
410 413
395 414
366 415
409 416
411 417
375 418
394 419
412 420
400 421
419 422
288 423
371 424
413 425
399 426
415 427
424 428
422 429
414 430
421 431
429 432
416 433
401 434
383 435
398 436
433 437
414 438
426 439
414 440
438 441
437 442
433 443
427 444
420 445
381 446
405 447
434 448
442 449
362 450
449 451
444 452
448 453
446 454
428 455
445 456
456 457
440 458
455 459
357 460
439 461
423 462
457 463
438 464
443 465
462 466
435 467
465 468
409 469
464 470
467 471
431 472
454 473
360 474
407 475
474 476
465 477
469 478
477 479
479 480
475 481
413 482
394 483
460 484
417 485
466 486
367 487
458 488
484 489
459 490
481 491
476 492
442 493
425 494
462 495
451 496
471 497
475 498
463 499
450 500
490 501
491 502
489 503
482 504
496 505
478 506
499 507
461 508
493 509
406 510
418 511
508 512
490 513
501 514
480 515
470 516
472 517
488 518
512 519
492 520
473 521
503 522
511 523
452 524
519 525
483 526
487 527
526 528
380 529
441 530
528 531
515 532
436 533
432 534
507 535
524 536
430 537
479 538
529 539
535 540
498 541
522 542
540 543
513 544
536 545
447 546
494 547
546 548
506 549
509 550
505 551
550 552
547 553
538 554
453 555
396 556
504 557
544 558
555 559
537 560
556 561
543 562
549 563
554 564
557 565
532 566
495 567
564 568
500 569
551 570
541 571
570 572
533 573
572 574
468 575
567 576
563 577
531 578
545 579
534 580
539 581
578 582
561 583
566 584
517 585
560 586
582 587
552 588
581 589
588 590
542 591
566 592
586 593
589 594
592 595
583 596
590 597
594 598
569 599
597 600
527 601
548 602
576 603
584 604
601 605
591 606
521 607
600 608
573 609
604 610
497 611
593 612
607 613
605 614
610 615
558 616
520 617
612 618
568 619
525 620
571 621
617 622
608 623
609 624
599 625
485 626
512 627
623 628
587 629
581 630
547 631
585 632
615 633
614 634
627 635
619 636
632 637
516 638
631 639
514 640
629 641
510 642
613 643
603 644
562 645
577 646
580 647
635 648
628 649
634 650
595 651
486 652
596 653
613 654
598 655
624 656
636 657
626 658
624 659
647 660
565 661
648 662
642 663
655 664
643 665
553 666
616 667
611 668
663 669
523 670
625 671
602 672
621 673
668 674
653 675
530 676
559 677
651 678
668 679
654 680
651 681
671 682
649 683
664 684
620 685
679 686
681 687
685 688
665 689
657 690
678 691
687 692
683 693
658 694
690 695
652 696
677 697
697 698
698 699
622 700
693 701
638 702
691 703
701 704
656 705
674 706
640 707
667 708
680 709
660 710
682 711
705 712
676 713
712 714
579 715
692 716
689 717
700 718
650 719
618 720
718 721
645 722
641 723
575 724
717 725
677 726
694 727
704 728
696 729
726 730
686 731
644 732
722 733
723 734
713 735
732 736
661 737
716 738
642 739
637 740
738 741
703 742
729 743
688 744
721 745
744 746
639 747
742 748
731 749
702 750
646 751
719 752
715 753
751 754
748 755
502 756
710 757
720 758
728 759
707 760
757 761
747 762
748 763
716 764
711 765
759 766
756 767
753 768
737 769
761 770
752 771
741 772
770 773
763 774
762 775
706 776
734 777
670 778
771 779
659 780
735 781
769 782
768 783
773 784
708 785
765 786
776 787
775 788
772 789
714 790
781 791
780 792
724 793
630 794
730 795
787 796
750 797
669 798
758 799
662 800
789 801
743 802
727 803
746 804
795 805
800 806
786 807
807 808
806 809
518 810
808 811
699 812
792 813
798 814
725 815
791 816
810 817
739 818
774 819
738 820
784 821
754 822
779 823
684 824
760 825
822 826
805 827
809 828
814 829
755 830
804 831
816 832
818 833
801 834
817 835
812 836
833 837
633 838
745 839
740 840
606 841
813 842
831 843
790 844
821 845
802 846
794 847
693 848
824 849
736 850
834 851
821 852
845 853
799 854
822 855
829 856
835 857
777 858
855 859
825 860
793 861
861 862
850 863
836 864
788 865
803 866
819 867
865 868
666 869
749 870
843 871
841 872
837 873
849 874
675 875
828 876
778 877
839 878
672 879
870 880
766 881
859 882
873 883
882 884
879 885
870 886
884 887
844 888
856 889
847 890
764 891
673 892
892 893
848 894
822 895
880 896
886 897
851 898
887 899
858 900
782 901
695 902
870 903
877 904
876 905
902 906
896 907
823 908
837 909
866 910
898 911
767 912
878 913
900 914
832 915
906 916
785 917
883 918
915 919
873 920
895 921
907 922
842 923
872 924
916 925
815 926
881 927
910 928
733 929
893 930
923 931
920 932
929 933
906 934
908 935
842 936
888 937
820 938
864 939
918 940
913 941
913 942
925 943
930 944
939 945
931 946
899 947
933 948
863 949
928 950
945 951
914 952
869 953
937 954
905 955
868 956
944 957
838 958
904 959
911 960
934 961
783 962
949 963
959 964
927 965
959 966
954 967
958 968
968 969
946 970
867 971
875 972
889 973
932 974
960 975
894 976
891 977
940 978
860 979
978 980
901 981
966 982
938 983
883 984
975 985
853 986
982 987
830 988
936 989
976 990
919 991
928 992
973 993
964 994
971 995
992 996
945 997
970 998
961 999
952 1000
977 1001
957 1002
928 1003
956 1004
897 1005
993 1006
963 1007
996 1008
979 1009
909 1010
941 1011
811 1012
990 1013
862 1014
839 1015
786 1016
924 1017
948 1018
871 1019
870 1020
942 1021
947 1022
988 1023
1022 1024
995 1025
991 1026
1024 1027
1003 1028
1027 1029
885 1030
935 1031
912 1032
1004 1033
1021 1034
994 1035
1028 1036
1035 1037
985 1038
1010 1039
1032 1040
1038 1041
1008 1042
1007 1043
1023 1044
913 1045
826 1046
1013 1047
1041 1048
1047 1049
1034 1050
797 1051
974 1052
1014 1053
997 1054
709 1055
1036 1056
926 1057
840 1058
1051 1059
1046 1060
1056 1061
857 1062
874 1063
998 1064
921 1065
1062 1066
1026 1067
1018 1068
1063 1069
999 1070
1052 1071
1055 1072
1021 1073
917 1074
1069 1075
1074 1076
1059 1077
1071 1078
1064 1079
1039 1080
1073 1081
983 1082
1065 1083
922 1084
1020 1085
1083 1086
1077 1087
1086 1088
1002 1089
1029 1090
1017 1091
1066 1092
852 1093
967 1094
953 1095
1053 1096
1088 1097
1091 1098
1070 1099
1094 1100
1025 1101
1078 1102
1087 1103
1100 1104
1076 1105
973 1106
1075 1107
1068 1108
1057 1109
1085 1110
1106 1111
1105 1112
981 1113
1007 1114
1060 1115
1066 1116
995 1117
1111 1118
1056 1119
1107 1120
1060 1121
1116 1122
1040 1123
1060 1124
1058 1125
1103 1126
1110 1127
969 1128
989 1129
1121 1130
1130 1131
1102 1132
1005 1133
1119 1134
987 1135
1101 1136
1006 1137
1079 1138
1137 1139
1061 1140
1009 1141
827 1142
1134 1143
1139 1144
943 1145
1095 1146
1141 1147
1081 1148
1031 1149
1128 1150
1095 1151
1145 1152
846 1153
1090 1154
1067 1155
1033 1156
1151 1157
1126 1158
1042 1159
1115 1160
1080 1161
1050 1162
1093 1163
1049 1164
1072 1165
1138 1166
1000 1167
1150 1168
1165 1169
962 1170
980 1171
1148 1172
1011 1173
1167 1174
1161 1175
890 1176
1030 1177
1129 1178
986 1179
950 1180
1170 1181
1097 1182
1131 1183
1163 1184
845 1185
1037 1186
1159 1187
1154 1188
1176 1189
984 1190
1016 1191
1149 1192
1043 1193
1054 1194
1175 1195
1157 1196
1193 1197
1097 1198
1188 1199
1189 1200
1182 1201
1142 1202
1200 1203
574 1204
1175 1205
1104 1206
1173 1207
865 1208
1191 1209
1147 1210
1160 1211
1084 1212
1212 1213
1205 1214
1078 1215
1185 1216
1123 1217
1194 1218
1178 1219
1012 1220
951 1221
903 1222
1219 1223
1152 1224
1216 1225
1166 1226
1211 1227
1143 1228
1209 1229
1186 1230
1108 1231
1156 1232
1164 1233
1201 1234
1177 1235
1132 1236
1171 1237
1231 1238
1228 1239
1195 1240
1217 1241
1113 1242
1223 1243
1169 1244
1233 1245
1231 1246
1159 1247
1190 1248
1239 1249
1192 1250
1089 1251
1125 1252
1237 1253
1229 1254
1114 1255
1222 1256
1184 1257
1243 1258
1250 1259
1253 1260
1244 1261
1257 1262
1235 1263
1140 1264
1238 1265
1220 1266
1259 1267
1261 1268
1133 1269
1234 1270
1214 1271
1136 1272
955 1273
1120 1274
1117 1275
1267 1276
1240 1277
1172 1278
972 1279
1044 1280
1270 1281
1015 1282
1099 1283
1181 1284
1183 1285
1263 1286
1158 1287
965 1288
1098 1289
1279 1290
1109 1291
1096 1292
1281 1293
1045 1294
1263 1295
1147 1296
1082 1297
1260 1298
1272 1299
1289 1300
1146 1301
1162 1302
1290 1303
1221 1304
1295 1305
1197 1306
1293 1307
1202 1308
1236 1309
1174 1310
1147 1311
1271 1312
1273 1313
1168 1314
1286 1315
1242 1316
1302 1317
1280 1318
1294 1319
1211 1320
1307 1321
1179 1322
1316 1323
1268 1324
1199 1325
1206 1326
1310 1327
1092 1328
1001 1329
1198 1330
1323 1331
1264 1332
1245 1333
1112 1334
1241 1335
1258 1336
796 1337
1155 1338
1298 1339
1308 1340
1249 1341
1317 1342
1320 1343
1266 1344
1215 1345
1325 1346
1207 1347
1213 1348
1347 1349
1311 1350
1342 1351
1339 1352
1265 1353
1180 1354
1348 1355
1344 1356
1246 1357
1291 1358
1275 1359
1322 1360
1297 1361
1301 1362
1153 1363
1331 1364
1335 1365
1041 1366
1226 1367
1226 1368
1307 1369
1255 1370
1122 1371
1283 1372
1361 1373
1203 1374
1256 1375
1254 1376
1216 1377
1334 1378
1187 1379
1247 1380
822 1381
1381 1382
1269 1383
1118 1384
1126 1385
1350 1386
1125 1387
1333 1388
1314 1389
1224 1390
1299 1391
1384 1392
1292 1393
1340 1394
1386 1395
1385 1396
1370 1397
1379 1398
1372 1399
1375 1400
854 1401
1352 1402
1377 1403
1367 1404
1360 1405
1388 1406
1397 1407
1326 1408
1351 1409
1394 1410
1336 1411
1287 1412
1382 1413
1355 1414
1304 1415
1309 1416
1395 1417
1353 1418
1338 1419
1387 1420
1208 1421
1377 1422
1296 1423
1135 1424
1414 1425
1337 1426
1358 1427
1417 1428
1048 1429
1284 1430
1057 1431
1423 1432
1232 1433
1277 1434
1420 1435
1341 1436
1248 1437
1404 1438
1305 1439
1433 1440
1418 1441
1218 1442
1330 1443
1318 1444
1439 1445
1435 1446
1392 1447
1317 1448
1415 1449
1405 1450
1447 1451
1204 1452
1431 1453
1427 1454
1436 1455
1210 1456
1357 1457
1412 1458
1397 1459
1391 1460
1349 1461
1446 1462
1369 1463
1354 1464
1407 1465
1437 1466
1210 1467
1441 1468
1451 1469
1406 1470
1285 1471
1403 1472
1466 1473
1425 1474
1345 1475
1144 1476
1422 1477
1396 1478
1468 1479
1411 1480
1463 1481
1306 1482
1328 1483
1356 1484
1432 1485
1455 1486
1424 1487
1313 1488
1475 1489
1473 1490
1478 1491
1428 1492
1395 1493
1368 1494
1444 1495
1460 1496
1492 1497
1419 1498
1471 1499
1477 1500
1487 1501
1363 1502
1496 1503
1442 1504
1366 1505
1485 1506
1486 1507
1252 1508
1262 1509
1371 1510
1489 1511
1393 1512
1401 1513
1400 1514
1473 1515
1461 1516
1502 1517
1465 1518
1343 1519
1474 1520
1124 1521
1450 1522
1469 1523
1507 1524
1491 1525
1443 1526
1483 1527
1364 1528
1476 1529
1276 1530
1465 1531
1309 1532
1318 1533
1456 1534
1399 1535
1453 1536
1359 1537
1458 1538
1196 1539
1454 1540
1535 1541
1429 1542
1483 1543
1481 1544
1520 1545
1524 1546
1508 1547
1494 1548
1484 1549
1447 1550
1426 1551
1444 1552
1400 1553
1468 1554
1516 1555
1521 1556
1383 1557
1498 1558
1288 1559
1227 1560
1549 1561
1514 1562
1479 1563
1476 1564
1558 1565
1565 1566
1274 1567
1564 1568
1566 1569
1547 1570
1395 1571
1554 1572
1376 1573
1570 1574
1571 1575
1541 1576
1558 1577
1572 1578
1455 1579
1548 1580
1546 1581
1541 1582
1374 1583
1490 1584
1442 1585
1408 1586
1538 1587
1539 1588
1519 1589
1556 1590
1574 1591
1517 1592
1528 1593
1569 1594
1390 1595
1559 1596
1457 1597
1596 1598
1575 1599
1550 1600
1599 1601
1536 1602
1512 1603
1251 1604
1578 1605
1402 1606
1540 1607
1346 1608
1518 1609
1580 1610
1590 1611
1587 1612
1434 1613
1588 1614
1546 1615
1608 1616
1312 1617
1577 1618
1555 1619
1315 1620
1472 1621
1573 1622
1488 1623
1440 1624
1571 1625
1552 1626
1626 1627
1627 1628
1395 1629
1445 1630
1602 1631
1426 1632
1398 1633
1621 1634
1609 1635
1634 1636
1282 1637
1586 1638
1511 1639
1381 1640
1505 1641
1529 1642
1329 1643
1614 1644
1409 1645
1595 1646
1560 1647
1610 1648
1509 1649
1449 1650
1579 1651
1613 1652
1332 1653
1623 1654
1585 1655
1561 1656
1598 1657
1193 1658
1617 1659
1615 1660
1510 1661
1658 1662
1543 1663
1612 1664
1660 1665
1493 1666
1616 1667
1467 1668
1365 1669
1459 1670
1624 1671
1645 1672
1563 1673
1362 1674
1620 1675
1673 1676
1019 1677
1527 1678
1462 1679
1321 1680
1593 1681
1525 1682
1666 1683
1655 1684
1681 1685
1591 1686
1664 1687
1581 1688
1542 1689
1631 1690
1553 1691
1597 1692
1633 1693
1501 1694
1503 1695
1534 1696
1674 1697
1622 1698
1679 1699
1697 1700
1640 1701
1647 1702
1693 1703
1648 1704
1452 1705
1692 1706
1702 1707
1172 1708
1548 1709
1694 1710
1537 1711
1499 1712
1695 1713
1589 1714
1526 1715
1682 1716
1633 1717
1416 1718
1709 1719
1506 1720
1659 1721
1604 1722
1715 1723
1544 1724
1691 1725
1720 1726
1712 1727
1433 1728
1728 1729
1303 1730
1652 1731
1497 1732
1689 1733
1726 1734
1661 1735
1278 1736
1716 1737
1413 1738
1644 1739
1629 1740
1725 1741
1722 1742
1737 1743
1567 1744
1654 1745
1721 1746
1651 1747
1127 1748
1727 1749
1699 1750
1482 1751
1632 1752
1726 1753
1583 1754
1582 1755
1470 1756
1665 1757
1704 1758
1700 1759
1708 1760
1701 1761
1734 1762
1642 1763
1641 1764
1557 1765
1725 1766
1744 1767
1650 1768
1738 1769
1730 1770
1717 1771
1676 1772
1761 1773
1710 1774
1653 1775
1767 1776
1692 1777
1763 1778
1692 1779
1410 1780
1522 1781
1637 1782
1766 1783
1324 1784
1630 1785
1760 1786
1735 1787
1611 1788
1736 1789
1319 1790
1751 1791
1667 1792
1686 1793
1696 1794
1754 1795
1500 1796
1711 1797
1785 1798
1773 1799
1729 1800
1495 1801
1800 1802
1774 1803
1663 1804
1769 1805
1706 1806
1705 1807
1719 1808
1448 1809
1532 1810
1488 1811
1776 1812
1806 1813
1765 1814
1363 1815
1684 1816
1723 1817
1797 1818
1742 1819
1628 1820
1762 1821
1646 1822
1530 1823
1607 1824
1752 1825
1421 1826
1801 1827
1617 1828
1749 1829
1513 1830
1820 1831
1801 1832
1750 1833
1817 1834
1807 1835
1746 1836
1678 1837
1703 1838
1790 1839
1533 1840
1618 1841
1389 1842
1688 1843
1825 1844
1704 1845
1822 1846
1605 1847
1833 1848
1380 1849
1844 1850
1619 1851
1787 1852
1480 1853
1816 1854
1829 1855
1683 1856
1670 1857
1606 1858
1687 1859
1718 1860
1858 1861
1783 1862
1860 1863
1778 1864
1545 1865
1813 1866
1745 1867
1835 1868
1851 1869
1863 1870
1675 1871
1859 1872
1861 1873
1821 1874
1872 1875
1635 1876
1782 1877
1868 1878
1877 1879
1662 1880
1636 1881
1649 1882
1680 1883
1708 1884
1806 1885
1625 1886
1576 1887
1815 1888
1857 1889
1438 1890
1766 1891
1887 1892
1882 1893
1772 1894
1747 1895
1811 1896
1757 1897
1601 1898
1714 1899
1792 1900
1862 1901
1831 1902
1839 1903
1875 1904
1859 1905
1780 1906
1788 1907
1856 1908
1847 1909
1902 1910
1855 1911
1834 1912
1668 1913
1758 1914
1685 1915
1898 1916
1904 1917
1373 1918
1576 1919
1908 1920
1836 1921
1891 1922
1799 1923
1464 1924
1910 1925
1656 1926
1826 1927
1920 1928
1698 1929
1777 1930
1515 1931
1850 1932
1669 1933
1781 1934
1584 1935
1660 1936
1867 1937
1798 1938
1853 1939
1731 1940
1874 1941
1914 1942
1756 1943
1827 1944
1804 1945
1896 1946
1944 1947
1852 1948
1888 1949
1947 1950
1945 1951
1948 1952
1755 1953
1531 1954
1919 1955
1603 1956
1900 1957
1917 1958
1880 1959
1841 1960
1876 1961
1748 1962
1768 1963
1925 1964
1960 1965
1878 1966
1892 1967
1895 1968
1795 1969
1818 1970
1643 1971
1918 1972
1759 1973
1940 1974
1965 1975
1958 1976
1865 1977
1909 1978
1733 1979
1783 1980
1871 1981
1522 1982
1671 1983
1732 1984
1854 1985
1968 1986
1592 1987
1816 1988
1979 1989
1906 1990
1775 1991
1823 1992
1913 1993
1504 1994
1639 1995
1939 1996
1883 1997
1832 1998
1802 1999
1997 2000
1874 2001
1657 2002
1852 2003
1960 2004
1930 2005
1894 2006
1980 2007
1991 2008
1931 2009
1907 2010
1967 2011
1300 2012
1929 2013
1848 2014
1601 2015
1732 2016
1918 2017
1954 2018
1987 2019
2012 2020
1886 2021
1974 2022
1952 2023
1994 2024
1791 2025
1985 2026
1916 2027
1924 2028
1803 2029
1771 2030
1959 2031
1978 2032
2021 2033
1979 2034
2017 2035
1845 2036
1890 2037
1889 2038
1942 2039
1953 2040
2038 2041
1920 2042
1932 2043
2041 2044
1831 2045
1866 2046
1735 2047
1840 2048
1971 2049
1225 2050
2018 2051
1753 2052
1972 2053
1893 2054
1812 2055
2054 2056
2009 2057
1951 2058
1981 2059
1905 2060
2057 2061
1884 2062
2029 2063
1948 2064
1793 2065
1903 2066
2058 2067
1923 2068
1843 2069
2032 2070
1810 2071
2040 2072
2028 2073
1789 2074
1926 2075
2026 2076
1794 2077
2034 2078
1901 2079
1740 2080
2061 2081
1938 2082
2014 2083
1993 2084
2037 2085
2036 2086
2052 2087
1937 2088
1911 2089
2001 2090
2022 2091
1724 2092
1764 2093
2039 2094
2043 2095
1845 2096
1869 2097
1915 2098
1595 2099
2049 2100
1796 2101
2095 2102
1638 2103
2030 2104
2069 2105
1930 2106
1966 2107
2016 2108
2080 2109
2083 2110
2042 2111
2007 2112
1977 2113
2077 2114
2084 2115
1936 2116
2050 2117
1741 2118
1846 2119
1881 2120
2071 2121
1989 2122
2115 2123
1677 2124
2072 2125
1976 2126
2099 2127
1922 2128
1963 2129
2051 2130
2088 2131
2113 2132
1551 2133
2126 2134
2087 2135
2074 2136
2025 2137
2023 2138
2035 2139
2138 2140
2031 2141
1562 2142
2027 2143
2136 2144
2130 2145
1763 2146
2053 2147
1934 2148
2064 2149
2112 2150
2140 2151
1999 2152
1836 2153
2059 2154
2068 2155
2132 2156
2046 2157
1927 2158
1943 2159
1837 2160
2122 2161
1964 2162
2089 2163
2107 2164
1830 2165
2044 2166
1870 2167
2148 2168
2033 2169
2060 2170
2103 2171
2047 2172
2120 2173
1921 2174
2157 2175
2066 2176
2131 2177
2176 2178
2149 2179
1996 2180
2075 2181
2156 2182
2003 2183
1600 2184
1969 2185
1707 2186
2091 2187
2101 2188
2052 2189
2090 2190
1820 2191
1990 2192
1974 2193
2191 2194
2063 2195
2150 2196
2097 2197
2160 2198
2189 2199
2137 2200
2184 2201
1784 2202
1672 2203
2170 2204
2085 2205
2001 2206
2056 2207
2199 2208
1957 2209
1993 2210
2202 2211
2203 2212
1842 2213
2207 2214
2053 2215
1786 2216
2177 2217
1982 2218
1950 2219
1941 2220
2210 2221
1824 2222
2180 2223
2153 2224
2107 2225
1929 2226
2096 2227
2142 2228
2171 2229
2146 2230
2105 2231
2079 2232
1970 2233
2211 2234
2085 2235
1897 2236
2216 2237
2228 2238
2221 2239
1828 2240
2205 2241
1814 2242
1770 2243
2223 2244
2186 2245
1327 2246
2200 2247
2187 2248
2237 2249
2179 2250
1923 2251
2190 2252
1986 2253
2123 2254
2139 2255
2201 2256
2002 2257
2073 2258
2241 2259
2255 2260
2204 2261
2048 2262
2163 2263
2094 2264
2156 2265
2104 2266
2194 2267
2217 2268
2195 2269
1983 2270
2247 2271
2024 2272
1804 2273
2267 2274
2209 2275
1488 2276
2164 2277
2263 2278
2277 2279
2222 2280
2102 2281
2117 2282
2108 2283
2186 2284
1956 2285
2218 2286
2004 2287
2092 2288
2070 2289
2086 2290
1897 2291
1933 2292
2245 2293
1961 2294
2133 2295
2271 2296
2285 2297
1879 2298
2296 2299
2143 2300
2241 2301
2147 2302
2258 2303
1430 2304
2301 2305
2254 2306
2078 2307
1973 2308
2144 2309
2224 2310
2128 2311
1899 2312
2154 2313
2226 2314
2174 2315
2248 2316
2015 2317
2316 2318
2227 2319
2293 2320
2262 2321
2304 2322
2109 2323
2295 2324
2260 2325
2082 2326
1594 2327
2011 2328
1838 2329
2219 2330
2275 2331
1743 2332
2013 2333
1974 2334
1739 2335
2196 2336
2232 2337
2279 2338
1946 2339
2159 2340
2264 2341
2212 2342
2312 2343
2287 2344
2173 2345
2118 2346
2235 2347
2006 2348
1992 2349
1949 2350
2329 2351
2338 2352
2168 2353
2098 2354
2323 2355
2152 2356
1230 2357
2298 2358
2288 2359
2272 2360
2115 2361
2309 2362
2327 2363
2218 2364
2124 2365
2151 2366
2119 2367
2125 2368
2324 2369
2008 2370
1928 2371
2259 2372
2100 2373
2229 2374
2293 2375
1523 2376
2335 2377
2236 2378
2250 2379
2369 2380
2268 2381
2363 2382
2354 2383
2185 2384
2065 2385
2273 2386
2234 2387
2243 2388
1966 2389
2141 2390
2239 2391
2306 2392
2376 2393
2067 2394
2377 2395
2385 2396
2266 2397
1988 2398
2209 2399
2351 2400
2353 2401
2349 2402
2400 2403
2394 2404
2380 2405
2127 2406
2305 2407
2382 2408
2404 2409
2399 2410
1378 2411
2055 2412
2245 2413
2299 2414
2242 2415
2010 2416
2403 2417
2276 2418
2315 2419
2249 2420
2417 2421
2375 2422
2357 2423
2362 2424
2418 2425
2000 2426
2255 2427
2342 2428
2406 2429
2365 2430
2332 2431
2320 2432
2161 2433
2331 2434
2230 2435
2233 2436
2106 2437
2397 2438
2166 2439
2405 2440
2246 2441
2269 2442
1819 2443
2274 2444
2372 2445
2334 2446
2135 2447
2046 2448
1975 2449
2424 2450
2433 2451
2401 2452
2408 2453
2390 2454
2448 2455
2381 2456
2145 2457
2121 2458
2019 2459
2328 2460
1955 2461
2391 2462
2416 2463
2129 2464
2319 2465
2062 2466
2335 2467
2292 2468
2460 2469
2340 2470
2439 2471
2193 2472
2045 2473
1623 2474
2379 2475
2001 2476
2435 2477
2295 2478
2441 2479
1935 2480
2294 2481
2463 2482
2461 2483
1808 2484
2244 2485
2337 2486
2392 2487
2339 2488
2427 2489
2409 2490
2465 2491
2453 2492
2343 2493
2419 2494
2081 2495
2399 2496
2183 2497
2407 2498
2402 2499
2344 2500
2245 2501
2383 2502
2393 2503
2462 2504
2162 2505
2472 2506
2395 2507
2426 2508
2360 2509
2480 2510
2440 2511
2314 2512
2214 2513
2346 2514
2486 2515
2492 2516
2240 2517
2452 2518
2508 2519
2410 2520
2491 2521
2280 2522
2485 2523
1568 2524
2428 2525
2167 2526
2467 2527
2444 2528
2311 2529
2158 2530
2238 2531
2474 2532
2266 2533
2414 2534
2458 2535
2450 2536
2499 2537
2209 2538
2526 2539
2438 2540
1864 2541
2178 2542
2263 2543
2270 2544
2427 2545
2114 2546
2198 2547
2521 2548
2482 2549
2110 2550
2333 2551
2421 2552
2243 2553
2164 2554
2422 2555
2197 2556
2512 2557
2555 2558
2532 2559
2468 2560
2005 2561
2515 2562
2548 2563
2265 2564
2352 2565
2539 2566
2447 2567
2542 2568
2488 2569
2566 2570
2565 2571
2530 2572
2104 2573
2330 2574
2471 2575
2573 2576
2481 2577
2038 2578
1805 2579
2283 2580
2456 2581
2489 2582
2353 2583
2501 2584
1686 2585
2508 2586
2513 2587
2278 2588
2407 2589
2500 2590
2475 2591
2307 2592
2490 2593
2506 2594
2479 2595
2477 2596
2517 2597
2503 2598
2220 2599
2457 2600
2580 2601
2188 2602
2600 2603
2459 2604
2348 2605
2560 2606
2525 2607
2593 2608
2550 2609
2603 2610
2313 2611
2413 2612
2584 2613
2589 2614
2585 2615
2321 2616
2297 2617
2310 2618
1690 2619
2386 2620
2524 2621
2134 2622
2599 2623
2358 2624
2504 2625
2502 2626
2610 2627
2594 2628
2527 2629
2609 2630
2384 2631
2483 2632
2024 2633
2388 2634
2632 2635
2291 2636
2429 2637
2480 2638
2434 2639
2356 2640
2554 2641
2568 2642
2537 2643
2445 2644
2567 2645
2366 2646
2269 2647
2613 2648
2061 2649
2493 2650
2431 2651
2628 2652
2511 2653
2261 2654
2449 2655
2111 2656
2336 2657
2286 2658
2520 2659
1995 2660
2454 2661
2651 2662
2640 2663
2347 2664
2571 2665
2566 2666
2387 2667
2574 2668
2649 2669
2631 2670
2646 2671
2629 2672
2639 2673
2580 2674
2514 2675
2373 2676
2634 2677
2464 2678
2653 2679
2534 2680
2412 2681
2656 2682
2577 2683
2396 2684
2466 2685
2616 2686
2552 2687
2442 2688
2534 2689
2302 2690
2174 2691
2426 2692
2636 2693
2389 2694
1849 2695
2643 2696
2469 2697
2076 2698
2641 2699
2617 2700
2700 2701
2213 2702
2583 2703
2702 2704
2586 2705
2637 2706
2487 2707
2597 2708
2289 2709
2549 2710
2325 2711
2709 2712
2425 2713
1912 2714
2551 2715
2541 2716
2546 2717
2192 2718
1713 2719
2578 2720
2711 2721
2498 2722
1998 2723
2624 2724
2663 2725
2660 2726
2659 2727
2543 2728
2657 2729
2622 2730
2368 2731
2582 2732
2367 2733
2569 2734
2731 2735
2612 2736
2568 2737
2398 2738
2172 2739
2710 2740
2353 2741
2480 2742
2732 2743
2303 2744
2733 2745
2544 2746
2722 2747
2721 2748
2738 2749
2505 2750
2399 2751
2727 2752
2484 2753
2496 2754
2747 2755
2715 2756
2675 2757
2734 2758
2647 2759
2359 2760
2562 2761
2635 2762
2181 2763
2569 2764
2725 2765
2596 2766
2619 2767
2116 2768
2446 2769
2420 2770
2687 2771
2557 2772
2528 2773
2370 2774
2677 2775
2719 2776
2743 2777
2322 2778
2730 2779
2581 2780
2751 2781
2664 2782
2707 2783
2607 2784
2284 2785
2781 2786
2415 2787
2762 2788
2518 2789
2696 2790
2748 2791
2411 2792
2729 2793
2561 2794
2703 2795
2768 2796
2691 2797
2645 2798
2718 2799
2591 2800
2745 2801
2720 2802
1779 2803
2432 2804
2692 2805
2665 2806
2796 2807
2494 2808
2785 2809
2701 2810
2279 2811
2020 2812
2252 2813
2598 2814
2776 2815
2714 2816
2686 2817
2436 2818
2478 2819
2770 2820
2621 2821
2712 2822
2510 2823
2682 2824
2746 2825
2739 2826
2589 2827
2361 2828
2371 2829
2345 2830
2572 2831
2633 2832
2772 2833
2498 2834
2547 2835
2688 2836
2685 2837
2671 2838
2821 2839
2832 2840
2281 2841
2813 2842
2470 2843
2826 2844
2815 2845
2791 2846
2602 2847
2611 2848
2782 2849
2831 2850
2350 2851
2693 2852
2828 2853
2690 2854
2615 2855
2792 2856
2623 2857
2854 2858
2827 2859
2676 2860
2169 2861
2674 2862
2817 2863
2840 2864
2767 2865
2507 2866
2576 2867
2830 2868
2741 2869
2698 2870
2678 2871
2669 2872
2807 2873
2779 2874
1885 2875
2812 2876
2851 2877
2716 2878
2519 2879
2626 2880
2836 2881
2808 2882
2601 2883
2860 2884
2801 2885
2531 2886
2495 2887
2554 2888
2735 2889
2618 2890
2857 2891
2783 2892
2818 2893
2795 2894
2849 2895
2848 2896
2790 2897
2716 2898
2699 2899
2878 2900
2572 2901
2753 2902
2839 2903
2451 2904
2208 2905
2786 2906
2833 2907
2516 2908
2755 2909
2895 2910
2575 2911
2830 2912
2873 2913
2798 2914
2778 2915
2820 2916
2907 2917
2902 2918
2638 2919
2841 2920
2859 2921
2727 2922
2787 2923
2804 2924
2815 2925
2558 2926
2579 2927
2251 2928
2850 2929
2797 2930
1957 2931
2430 2932
2858 2933
2355 2934
2563 2935
2916 2936
2852 2937
2876 2938
2225 2939
2670 2940
2855 2941
2900 2942
2644 2943
2308 2944
2476 2945
2903 2946
2608 2947
2913 2948
2728 2949
2736 2950
2614 2951
2706 2952
2811 2953
2814 2954
2806 2955
2845 2956
2523 2957
2891 2958
2869 2959
2853 2960
2374 2961
2800 2962
2920 2963
2940 2964
2209 2965
1809 2966
2941 2967
2620 2968
2522 2969
2742 2970
2881 2971
2969 2972
2898 2973
2957 2974
2318 2975
2564 2976
2838 2977
2789 2978
2926 2979
2805 2980
2452 2981
2887 2982
2824 2983
2975 2984
2777 2985
2793 2986
2713 2987
2925 2988
2744 2989
2979 2990
2917 2991
2867 2992
2943 2993
2858 2994
2871 2995
2759 2996
2933 2997
2754 2998
2910 2999
2756 3000
2378 3001
2994 3002
2231 3003
2886 3004
2672 3005
2536 3006
2953 3007
2753 3008
2630 3009
2981 3010
2983 3011
2512 3012
2864 3013
2093 3014
2961 3015
2922 3016
2962 3017
2890 3018
2648 3019
2844 3020
2934 3021
2661 3022
2529 3023
2754 3024
2666 3025
2909 3026
2856 3027
2253 3028
2971 3029
2991 3030
2963 3031
2946 3032
2989 3033
2924 3034
3024 3035
2689 3036
2896 3037
3005 3038
2655 3039
2764 3040
2535 3041
2362 3042
2765 3043
2570 3044
2874 3045
2901 3046
2587 3047
2904 3048
2945 3049
2673 3050
2668 3051
2875 3052
2775 3053
2443 3054
3034 3055
3025 3056
2993 3057
2916 3058
3030 3059
2927 3060
2561 3061
2973 3062
2829 3063
3038 3064
2559 3065
3061 3066
2884 3067
2915 3068
2985 3069
2512 3070
3008 3071
2848 3072
3064 3073
2861 3074
2866 3075
2888 3076
2896 3077
2749 3078
2923 3079
3050 3080
2779 3081
2879 3082
2775 3083
2834 3084
2914 3085
2999 3086
2652 3087
3083 3088
2837 3089
3007 3090
2937 3091
2774 3092
2974 3093
2697 3094
2958 3095
2590 3096
3001 3097
2847 3098
2317 3099
2987 3100
2750 3101
3043 3102
3087 3103
2769 3104
2936 3105
3029 3106
2662 3107
2538 3108
2830 3109
2694 3110
2341 3111
2642 3112
2905 3113
2846 3114
2799 3115
2893 3116
2794 3117
3036 3118
2437 3119
3060 3120
2723 3121
3016 3122
3027 3123
2605 3124
2996 3125
2953 3126
3033 3127
2766 3128
2880 3129
2797 3130
2970 3131
2986 3132
3132 3133
2658 3134
2865 3135
2978 3136
2595 3137
3086 3138
2473 3139
2931 3140
3068 3141
3062 3142
3141 3143
3092 3144
2892 3145
2752 3146
2997 3147
3099 3148
3022 3149
3090 3150
2654 3151
3010 3152
2982 3153
3140 3154
2809 3155
2921 3156
2990 3157
3081 3158
2849 3159
3075 3160
2976 3161
2604 3162
2773 3163
3011 3164
2695 3165
3161 3166
3019 3167
1962 3168
2771 3169
3076 3170
3124 3171
3136 3172
2814 3173
2883 3174
3020 3175
2760 3176
3167 3177
2819 3178
3084 3179
2822 3180
3110 3181
3079 3182
3154 3183
2300 3184
3135 3185
3016 3186
3112 3187
2592 3188
2968 3189
3147 3190
2182 3191
2966 3192
3058 3193
3070 3194
3165 3195
2206 3196
3102 3197
3129 3198
2916 3199
3180 3200
3139 3201
2780 3202
3128 3203
2717 3204
3171 3205
3130 3206
3084 3207
2757 3208
3120 3209
3146 3210
3054 3211
3185 3212
3188 3213
3065 3214
3115 3215
2661 3216
3067 3217
3175 3218
2509 3219
2879 3220
2870 3221
3172 3222
2383 3223
3055 3224
3200 3225
3054 3226
3184 3227
3006 3228
3205 3229
3100 3230
2997 3231
3021 3232
3093 3233
2841 3234
1984 3235
3002 3236
2556 3237
3098 3238
3202 3239
2952 3240
3071 3241
3236 3242
2835 3243
3143 3244
3223 3245
3094 3246
3089 3247
3148 3248
3037 3249
3039 3250
3228 3251
3049 3252
3219 3253
3244 3254
3125 3255
3045 3256
3216 3257
2257 3258
3174 3259
3253 3260
3150 3261
3224 3262
3156 3263
2761 3264
2788 3265
2847 3266
3207 3267
3048 3268
2908 3269
2758 3270
3264 3271
3173 3272
2939 3273
2995 3274
3015 3275
3035 3276
3246 3277
3131 3278
2972 3279
2994 3280
3133 3281
3229 3282
3263 3283
3242 3284
3168 3285
3267 3286
3179 3287
3278 3288
2906 3289
3072 3290
3145 3291
3256 3292
3106 3293
2737 3294
2364 3295
3069 3296
3230 3297
3187 3298
3162 3299
3113 3300
2713 3301
2784 3302
2951 3303
2885 3304
2899 3305
3162 3306
2750 3307
3023 3308
3266 3309
3269 3310
3292 3311
3281 3312
3280 3313
2816 3314
3270 3315
2955 3316
3042 3317
3199 3318
3280 3319
3047 3320
3315 3321
2704 3322
3272 3323
3101 3324
3201 3325
3309 3326
3189 3327
3326 3328
3248 3329
3189 3330
3234 3331
2872 3332
3275 3333
3097 3334
2998 3335
3126 3336
3166 3337
3210 3338
2823 3339
2868 3340
2862 3341
3250 3342
3213 3343
2956 3344
3186 3345
3138 3346
2165 3347
3257 3348
3117 3349
3003 3350
3153 3351
3295 3352
3169 3353
3301 3354
2984 3355
3300 3356
3074 3357
3044 3358
3195 3359
3238 3360
2776 3361
3319 3362
3137 3363
2912 3364
3243 3365
3017 3366
3268 3367
3255 3368
3193 3369
3250 3370
3096 3371
2928 3372
3215 3373
2705 3374
3361 3375
3311 3376
3149 3377
2729 3378
2326 3379
2911 3380
3340 3381
3339 3382
2977 3383
3240 3384
3336 3385
3203 3386
3297 3387
3240 3388
3204 3389
2988 3390
2497 3391
2947 3392
3031 3393
3155 3394
3233 3395
3335 3396
3014 3397
3088 3398
3235 3399
3085 3400
2944 3401
3041 3402
3304 3403
3259 3404
3354 3405
3324 3406
3381 3407
3226 3408
3073 3409
2964 3410
3026 3411
2894 3412
3325 3413
3078 3414
3231 3415
3397 3416
3214 3417
2763 3418
3373 3419
3396 3420
3352 3421
2965 3422
3303 3423
3209 3424
3182 3425
2882 3426
3331 3427
3191 3428
3302 3429
2533 3430
3228 3431
3108 3432
3288 3433
3192 3434
2954 3435
3028 3436
3365 3437
3251 3438
3318 3439
3389 3440
3123 3441
2863 3442
3411 3443
3403 3444
3424 3445
3437 3446
2918 3447
2667 3448
3198 3449
2919 3450
3157 3451
3277 3452
2834 3453
3310 3454
2282 3455
3282 3456
3456 3457
2606 3458
3296 3459
3313 3460
3299 3461
3409 3462
3332 3463
3422 3464
3302 3465
3357 3466
3312 3467
2994 3468
2825 3469
3095 3470
3459 3471
3105 3472
2726 3473
2588 3474
3449 3475
3144 3476
2740 3477
3316 3478
3337 3479
3329 3480
3320 3481
3448 3482
3111 3483
2810 3484
3443 3485
3408 3486
3109 3487
3417 3488
3461 3489
3196 3490
3271 3491
3181 3492
2935 3493
3412 3494
3475 3495
2679 3496
3353 3497
3176 3498
2423 3499
3142 3500
2545 3501
2948 3502
3018 3503
3123 3504
2968 3505
3469 3506
3458 3507
3486 3508
3346 3509
3114 3510
3054 3511
3503 3512
3222 3513
3306 3514
3380 3515
3479 3516
3391 3517
3349 3518
2708 3519
3377 3520
3239 3521
3519 3522
3394 3523
3116 3524
3428 3525
3080 3526
3398 3527
3502 3528
3302 3529
3444 3530
3121 3531
3438 3532
3052 3533
3471 3534
3492 3535
2929 3536
3276 3537
3447 3538
3451 3539
3487 3540
3407 3541
3032 3542
3515 3543
3279 3544
3321 3545
3440 3546
3342 3547
3504 3548
3103 3549
3538 3550
3241 3551
3374 3552
3489 3553
3293 3554
3119 3555
3496 3556
3430 3557
3525 3558
3547 3559
3507 3560
2889 3561
2942 3562
3283 3563
3368 3564
2842 3565
3245 3566
3540 3567
3477 3568
3104 3569
3370 3570
3327 3571
2256 3572
3009 3573
3208 3574
3571 3575
3401 3576
2459 3577
3170 3578
3530 3579
3500 3580
2455 3581
3000 3582
3402 3583
3557 3584
3568 3585
3159 3586
3296 3587
3290 3588
3576 3589
3163 3590
3543 3591
3508 3592
3255 3593
3593 3594
3202 3595
3210 3596
3232 3597
3387 3598
3355 3599
3134 3600
3395 3601
3178 3602
3151 3603
3221 3604
3426 3605
3307 3606
3537 3607
3238 3608
3552 3609
3351 3610
3288 3611
3262 3612
3082 3613
3275 3614
3604 3615
2938 3616
3607 3617
2992 3618
3400 3619
3211 3620
3617 3621
3498 3622
3620 3623
2959 3624
3595 3625
3390 3626
3611 3627
3561 3628
3509 3629
3548 3630
3472 3631
3367 3632
3588 3633
3392 3634
3255 3635
3581 3636
3627 3637
3029 3638
3633 3639
3598 3640
3435 3641
3284 3642
3478 3643
3573 3644
3375 3645
2598 3646
3466 3647
3416 3648
3414 3649
2967 3650
3520 3651
3468 3652
3258 3653
3648 3654
3274 3655
3314 3656
3575 3657
3425 3658
3579 3659
3533 3660
3640 3661
3630 3662
3442 3663
3655 3664
3484 3665
3550 3666
3382 3667
3661 3668
3564 3669
3260 3670
3465 3671
3536 3672
3670 3673
3582 3674
3341 3675
3652 3676
3521 3677
3346 3678
3454 3679
3122 3680
3584 3681
3666 3682
3603 3683
3516 3684
3463 3685
3363 3686
3334 3687
3550 3688
3542 3689
3206 3690
2877 3691
3549 3692
3643 3693
3350 3694
2650 3695
3378 3696
3434 3697
3066 3698
3688 3699
3249 3700
3634 3701
3574 3702
3649 3703
3698 3704
3483 3705
3600 3706
3683 3707
3499 3708
3453 3709
3362 3710
3512 3711
3344 3712
3388 3713
3533 3714
3703 3715
3328 3716
3712 3717
3715 3718
3330 3719
3560 3720
2627 3721
3305 3722
3431 3723
3467 3724
3386 3725
3294 3726
3668 3727
3697 3728
3678 3729
3450 3730
3680 3731
1873 3732
3586 3733
2950 3734
3508 3735
3237 3736
3247 3737
3696 3738
3432 3739
3625 3740
3527 3741
3605 3742
3729 3743
2930 3744
3623 3745
3554 3746
3168 3747
3518 3748
3642 3749
3265 3750
3710 3751
3433 3752
3647 3753
3546 3754
3552 3755
3278 3756
3671 3757
2843 3758
3420 3759
3741 3760
3717 3761
3691 3762
3566 3763
3760 3764
3114 3765
3626 3766
3739 3767
3040 3768
3664 3769
3569 3770
3177 3771
3460 3772
2960 3773
3624 3774
3602 3775
3317 3776
3275 3777
3462 3778
3751 3779
3677 3780
3287 3781
3470 3782
2215 3783
2107 3784
3322 3785
3619 3786
3774 3787
3707 3788
3562 3789
3526 3790
3728 3791
3689 3792
3578 3793
3091 3794
3735 3795
3775 3796
3490 3797
3769 3798
3012 3799
3685 3800
3488 3801
3754 3802
3783 3803
3059 3804
3558 3805
3577 3806
3590 3807
3758 3808
3737 3809
3714 3810
3419 3811
3632 3812
3808 3813
3812 3814
3809 3815
3706 3816
2684 3817
3681 3818
3816 3819
3225 3820
3693 3821
3572 3822
3768 3823
3651 3824
3057 3825
3722 3826
3609 3827
3376 3828
3760 3829
3822 3830
3787 3831
3639 3832
3829 3833
3379 3834
3650 3835
3798 3836
3501 3837
3384 3838
3767 3839
3480 3840
3732 3841
3799 3842
3765 3843
3817 3844
3404 3845
3833 3846
3618 3847
3832 3848
3759 3849
3801 3850
3748 3851
3673 3852
3160 3853
3814 3854
3393 3855
3753 3856
3081 3857
3592 3858
3761 3859
3804 3860
3847 3861
3705 3862
3453 3863
3795 3864
2724 3865
3616 3866
3629 3867
3495 3868
3860 3869
3763 3870
3665 3871
3789 3872
3494 3873
3510 3874
3087 3875
3802 3876
3004 3877
3653 3878
3826 3879
3832 3880
3835 3881
3838 3882
3880 3883
3347 3884
3636 3885
3738 3886
3405 3887
3656 3888
3780 3889
2616 3890
3676 3891
3358 3892
3545 3893
3687 3894
3481 3895
3690 3896
3742 3897
3883 3898
3843 3899
3830 3900
3898 3901
3610 3902
3875 3903
2803 3904
3539 3905
3778 3906
3523 3907
3719 3908
3532 3909
3846 3910
3366 3911
3752 3912
3308 3913
3866 3914
3743 3915
3850 3916
3810 3917
2932 3918
3364 3919
3556 3920
3856 3921
3638 3922
3622 3923
3872 3924
3506 3925
3338 3926
3781 3927
3771 3928
3871 3929
3220 3930
3637 3931
3845 3932
2924 3933
3876 3934
3423 3935
3721 3936
2553 3937
3899 3938
3841 3939
3937 3940
2175 3941
3922 3942
3782 3943
3333 3944
3482 3945
3849 3946
3804 3947
3493 3948
3751 3949
2897 3950
3948 3951
3842 3952
2483 3953
3570 3954
3947 3955
3621 3956
3589 3957
3826 3958
3421 3959
3924 3960
3794 3961
3056 3962
3910 3963
3733 3964
3445 3965
3660 3966
3756 3967
3903 3968
3934 3969
3844 3970
3585 3971
3190 3972
3951 3973
3580 3974
3534 3975
3429 3976
3646 3977
3563 3978
3565 3979
3640 3980
3544 3981
3791 3982
3934 3983
3944 3984
3197 3985
3740 3986
3662 3987
3911 3988
3524 3989
3837 3990
3646 3991
3464 3992
3795 3993
3686 3994
3994 3995
3927 3996
3531 3997
3969 3998
3371 3999
3107 4000
3972 4001
3820 4002
3793 4003
3939 4004
3587 4005
3674 4006
3594 4007
3955 4008
3966 4009
3887 4010
2683 4011
3886 4012
3986 4013
3918 4014
3933 4015
3960 4016
3988 4017
3941 4018
3954 4019
3713 4020
3723 4021
3505 4022
3854 4023
3956 4024
3422 4025
3889 4026
3968 4027
3796 4028
3770 4029
3473 4030
3612 4031
3926 4032
3657 4033
3609 4034
3345 4035
4020 4036
3051 4037
3998 4038
3762 4039
3931 4040
4026 4041
4006 4042
2155 4043
3614 4044
3164 4045
3888 4046
3452 4047
4037 4048
4007 4049
3733 4050
3559 4051
4034 4052
3891 4053
3288 4054
2672 4055
3708 4056
3932 4057
4053 4058
3905 4059
3896 4060
3869 4061
3692 4062
3162 4063
3286 4064
3702 4065
3867 4066
4056 4067
4022 4068
4002 4069
3821 4070
4016 4071
3704 4072
3176 4073
3859 4074
3917 4075
4012 4076
4059 4077
3716 4078
4037 4079
3635 4080
4077 4081
3884 4082
4068 4083
3919 4084
3628 4085
3654 4086
3261 4087
3053 4088
4043 4089
3700 4090
3942 4091
4008 4092
3555 4093
3997 4094
4054 4095
4074 4096
3970 4097
3608 4098
3986 4099
3298 4100
3756 4101
3959 4102
4031 4103
3289 4104
3457 4105
3890 4106
3383 4107
3920 4108
3077 4109
4085 4110
3235 4111
3734 4112
3441 4113
3987 4114
3806 4115
4014 4116
4083 4117
2949 4118
4069 4119
3892 4120
3790 4121
4070 4122
4033 4123
2980 4124
3868 4125
4093 4126
3818 4127
4107 4128
4104 4129
3682 4130
3194 4131
3541 4132
3906 4133
4097 4134
4071 4135
3615 4136
3596 4137
3474 4138
3658 4139
3833 4140
3567 4141
3857 4142
3766 4143
3802 4144
3514 4145
4091 4146
3127 4147
3864 4148
3825 4149
3477 4150
4131 4151
4119 4152
3788 4153
3894 4154
3491 4155
3807 4156
4114 4157
4046 4158
4150 4159
4061 4160
4076 4161
3980 4162
3874 4163
4155 4164
3897 4165
3940 4166
4041 4167
4000 4168
3868 4169
4095 4170
3828 4171
3535 4172
3347 4173
3853 4174
4090 4175
3973 4176
3797 4177
4094 4178
3528 4179
3553 4180
3745 4181
3776 4182
3958 4183
3641 4184
4081 4185
4168 4186
3912 4187
4181 4188
4022 4189
3861 4190
4038 4191
4009 4192
3909 4193
4100 4194
3858 4195
3694 4196
3495 4197
4171 4198
3992 4199
3645 4200
4153 4201
3953 4202
3981 4203
3839 4204
4064 4205
3943 4206
3583 4207
3967 4208
4120 4209
4148 4210
4136 4211
3356 4212
4038 4213
3908 4214
4113 4215
3921 4216
3990 4217
3212 4218
3506 4219
4075 4220
4103 4221
4163 4222
4019 4223
3974 4224
3724 4225
4082 4226
3852 4227
4186 4228
3881 4229
3827 4230
4170 4231
3285 4232
4176 4233
3517 4234
3348 4235
4001 4236
3399 4237
3878 4238
4193 4239
3792 4240
3406 4241
3851 4242
4051 4243
4205 4244
4237 4245
3439 4246
3803 4247
3410 4248
4045 4249
4206 4250
3977 4251
3991 4252
3736 4253
3952 4254
3652 4255
4058 4256
3929 4257
4198 4258
4235 4259
3971 4260
4154 4261
4092 4262
4151 4263
3158 4264
3718 4265
3675 4266
3989 4267
4145 4268
4218 4269
3667 4270
3885 4271
4230 4272
4262 4273
4133 4274
4098 4275
3323 4276
4192 4277
3773 4278
3945 4279
4040 4280
3877 4281
2290 4282
4028 4283
3639 4284
4028 4285
3136 4286
4227 4287
4260 4288
4216 4289
4084 4290
4025 4291
3413 4292
3730 4293
3786 4294
4072 4295
3834 4296
4214 4297
4194 4298
3711 4299
3925 4300
4231 4301
4039 4302
3360 4303
4253 4304
4208 4305
4124 4306
4203 4307
3554 4308
4003 4309
4048 4310
4185 4311
4223 4312
4249 4313
3996 4314
3957 4315
3962 4316
3061 4317
3731 4318
4190 4319
4127 4320
3725 4321
4024 4322
3983 4323
3855 4324
4308 4325
4311 4326
4102 4327
3805 4328
3227 4329
4162 4330
4132 4331
3900 4332
4238 4333
4295 4334
4217 4335
4329 4336
3436 4337
4062 4338
4267 4339
4304 4340
4130 4341
3752 4342
3923 4343
4000 4344
3291 4345
4194 4346
4276 4347
4210 4348
4323 4349
3978 4350
4212 4351
4269 4352
4135 4353
4274 4354
4286 4355
4243 4356
3750 4357
4052 4358
4327 4359
3964 4360
4118 4361
4353 4362
4346 4363
4360 4364
3695 4365
4307 4366
4239 4367
4018 4368
3684 4369
4316 4370
4363 4371
4326 4372
4342 4373
3979 4374
4338 4375
3746 4376
4213 4377
4356 4378
4158 4379
4223 4380
3936 4381
4215 4382
4277 4383
4271 4384
4273 4385
4310 4386
3252 4387
3913 4388
4370 4389
4369 4390
4378 4391
4101 4392
4008 4393
4243 4394
4207 4395
3372 4396
4341 4397
4152 4398
4278 4399
3873 4400
4032 4401
4191 4402
3239 4403
4156 4404
4042 4405
4288 4406
4134 4407
4148 4408
4272 4409
3727 4410
4287 4411
4268 4412
3399 4413
4294 4414
4187 4415
4397 4416
4250 4417
4226 4418
4344 4419
4115 4420
3865 4421
3063 4422
3591 4423
4067 4424
4202 4425
4232 4426
4160 4427
4096 4428
4325 4429
3744 4430
4265 4431
4228 4432
3916 4433
4049 4434
4279 4435
4282 4436
3522 4437
4086 4438
3901 4439
4023 4440
4223 4441
4251 4442
3863 4443
4361 4444
4384 4445
4280 4446
4297 4447
4200 4448
4439 4449
4340 4450
4413 4451
4251 4452
4347 4453
4367 4454
4306 4455
3928 4456
4105 4457
4321 4458
3824 4459
4232 4460
4445 4461
3779 4462
2540 4463
4030 4464
4426 4465
4324 4466
4385 4467
3286 4468
4144 4469
4315 4470
4429 4471
4244 4472
4242 4473
4180 4474
3999 4475
3963 4476
4371 4477
3823 4478
4419 4479
4261 4480
4183 4481
3752 4482
4454 4483
4389 4484
4291 4485
4407 4486
4017 4487
1729 4488
4365 4489
4441 4490
4161 4491
3631 4492
4296 4493
4351 4494
4480 4495
4063 4496
4444 4497
4406 4498
4223 4499
3818 4500
4313 4501
4469 4502
4147 4503
4394 4504
3949 4505
4387 4506
4412 4507
3217 4508
4236 4509
3669 4510
4434 4511
4060 4512
3601 4513
4197 4514
4440 4515
3785 4516
4404 4517
2625 4518
4234 4519
4149 4520
4015 4521
3427 4522
4418 4523
4450 4524
4502 4525
3699 4526
3777 4527
4358 4528
4229 4529
4121 4530
4516 4531
3827 4532
4424 4533
4505 4534
4221 4535
4125 4536
4446 4537
4417 4538
4322 4539
4127 4540
3529 4541
4390 4542
3969 4543
4393 4544
4281 4545
4425 4546
4401 4547
3328 4548
4374 4549
4524 4550
4485 4551
4541 4552
4456 4553
3709 4554
4381 4555
4005 4556
4531 4557
4142 4558
4523 4559
4466 4560
4551 4561
4372 4562
4211 4563
4319 4564
2778 4565
4532 4566
3800 4567
4201 4568
4141 4569
4057 4570
4349 4571
4159 4572
4458 4573
4511 4574
3811 4575
4481 4576
4426 4577
4507 4578
4089 4579
4543 4580
4414 4581
4411 4582
4460 4583
4422 4584
3369 4585
4172 4586
4244 4587
3062 4588
3813 4589
4335 4590
4411 4591
3613 4592
4366 4593
4555 4594
4188 4595
4571 4596
4475 4597
4298 4598
4242 4599
4421 4600
4233 4601
4337 4602
3396 4603
4167 4604
3606 4605
4088 4606
4590 4607
4460 4608
3995 4609
4128 4610
3895 4611
4375 4612
4284 4613
4566 4614
4471 4615
4577 4616
4584 4617
4596 4618
4343 4619
4576 4620
4219 4621
4222 4622
4392 4623
4515 4624
4432 4625
4522 4626
4391 4627
3749 4628
4524 4629
4526 4630
4539 4631
4558 4632
3046 4633
4588 4634
4560 4635
4492 4636
3993 4637
4409 4638
4447 4639
4501 4640
4339 4641
4174 4642
4641 4643
4590 4644
4601 4645
4449 4646
4457 4647
4066 4648
3476 4649
4079 4650
3118 4651
4462 4652
3984 4653
4529 4654
4143 4655
4373 4656
4379 4657
4559 4658
3935 4659
4441 4660
4073 4661
4355 4662
4348 4663
4302 4664
4618 4665
4585 4666
4657 4667
4199 4668
4166 4669
4663 4670
4483 4671
3218 4672
4474 4673
4626 4674
4138 4675
4609 4676
4270 4677
4637 4678
4444 4679
3396 4680
4537 4681
4536 4682
4677 4683
4586 4684
3597 4685
3273 4686
4366 4687
3840 4688
4482 4689
4140 4690
4027 4691
4126 4692
4254 4693
4486 4694
4630 4695
4129 4696
4099 4697
4506 4698
4643 4699
4698 4700
4608 4701
4612 4702
4620 4703
4461 4704
4109 4705
4321 4706
4430 4707
4646 4708
3513 4709
4285 4710
4540 4711
4345 4712
4593 4713
4669 4714
4712 4715
4554 4716
4518 4717
4255 4718
4175 4719
4648 4720
4137 4721
4491 4722
4509 4723
4410 4724
4122 4725
4178 4726
4205 4727
4638 4728
4680 4729
4681 4730
4703 4731
4240 4732
3982 4733
4483 4734
4520 4735
3757 4736
4369 4737
3938 4738
4136 4739
4487 4740
4574 4741
4565 4742
4503 4743
4163 4744
4490 4745
4280 4746
4320 4747
4301 4748
4263 4749
3726 4750
4314 4751
4634 4752
4666 4753
3976 4754
4396 4755
4013 4756
4690 4757
4589 4758
4423 4759
4556 4760
4687 4761
4581 4762
4225 4763
4479 4764
4727 4765
4388 4766
4675 4767
4444 4768
4729 4769
4667 4770
4673 4771
4624 4772
4591 4773
4767 4774
4705 4775
3950 4776
4580 4777
4627 4778
4741 4779
4667 4780
4405 4781
4768 4782
4782 4783
4223 4784
4408 4785
4617 4786
4682 4787
4561 4788
4611 4789
4642 4790
3254 4791
4715 4792
4354 4793
3961 4794
4484 4795
3961 4796
4699 4797
4514 4798
4745 4799
4587 4800
4019 4801
4568 4802
4352 4803
4177 4804
3485 4805
4791 4806
4513 4807
4499 4808
4635 4809
4521 4810
4546 4811
4775 4812
4146 4813
4535 4814
4435 4815
4599 4816
4029 4817
4448 4818
4798 4819
4631 4820
4780 4821
4068 4822
4528 4823
4819 4824
4821 4825
4415 4826
4572 4827
3920 4828
4420 4829
4788 4830
4600 4831
4204 4832
4527 4833
4700 4834
4179 4835
4341 4836
4416 4837
3990 4838
4300 4839
3879 4840
3720 4841
4787 4842
4552 4843
4801 4844
4804 4845
4708 4846
4592 4847
4464 4848
4488 4849
3833 4850
3679 4851
4794 4852
4720 4853
4671 4854
4625 4855
4489 4856
4824 4857
3747 4858
4778 4859
4710 4860
3904 4861
4754 4862
4533 4863
4762 4864
3893 4865
4846 4866
4851 4867
4731 4868
4812 4869
4830 4870
4420 4871
4331 4872
4820 4873
4760 4874
4658 4875
4579 4876
4781 4877
4468 4878
4800 4879
4763 4880
3672 4881
4833 4882
4112 4883
4264 4884
3764 4885
4636 4886
4247 4887
4182 4888
4530 4889
4697 4890
3902 4891
4887 4892
4735 4893
4815 4894
4080 4895
4197 4896
4649 4897
4438 4898
4888 4899
4746 4900
2681 4901
4402 4902
4855 4903
4895 4904
4897 4905
4687 4906
4283 4907
4195 4908
4877 4909
4716 4910
4796 4911
4906 4912
4744 4913
4718 4914
4869 4915
4328 4916
4770 4917
4605 4918
4871 4919
4493 4920
4919 4921
4691 4922
4907 4923
4918 4924
4899 4925
3946 4926
4563 4927
4278 4928
4478 4929
4157 4930
4920 4931
4655 4932
4259 4933
4707 4934
4173 4935
4929 4936
4683 4937
3551 4938
4774 4939
4815 4940
4494 4941
4833 4942
4055 4943
4534 4944
4330 4945
4892 4946
4875 4947
4189 4948
4455 4949
4562 4950
4459 4951
4437 4952
4292 4953
4562 4954
4740 4955
3848 4956
4891 4957
4944 4958
4638 4959
4868 4960
4857 4961
4728 4962
4608 4963
4927 4964
4517 4965
4936 4966
4903 4967
4035 4968
4665 4969
4629 4970
4813 4971
4500 4972
4224 4973
4117 4974
4443 4975
3819 4976
4719 4977
4318 4978
4948 4979
4111 4980
4403 4981
4885 4982
4305 4983
4914 4984
4969 4985
4954 4986
4797 4987
3418 4988
3701 4989
4751 4990
4078 4991
3663 4992
4965 4993
4779 4994
4380 4995
4078 4996
4964 4997
4958 4998
4881 4999
4376 5000
0 0 0 0 0 0 0 0 0 0 0 0 0 0 0 0 0 0 0 0 0 0 0 0 0 0 0 0 0 0 0 0 0 0 0 0 0 0 0 0 0 0 0 0 0 0 0 0 0 0 0 0 0 0 0 0 0 0 0 0 0 0 0 0 0 0 0 0 0 0 0 0 0 0 0 0 0 0 0 0 0 0 0 0 0 0 0 0 0 0 0 0 0 0 0 0 0 0 0 0 0 0 0 0 0 0 0 0 0 0 0 0 0 0 0 0 0 0 0 0 0 0 0 0 0 0 0 0 0 0 0 0 0 0 0 0 0 0 0 0 0 0 0 0 0 0 0 0 0 0 0 0 0 0 0 0 0 0 0 0 0 0 0 0 0 0 0 0 0 0 0 0 0 0 0 0 0 0 0 0 0 0 0 0 0 0 0 0 0 0 0 0 0 0 0 0 0 0 0 0 0 0 0 0 0 0 0 0 0 0 0 0 0 0 0 0 0 0 0 0 0 0 0 0 0 0 0 0 0 0 0 0 0 0 0 0 0 0 0 0 0 0 0 0 0 0 0 0 0 0 0 0 0 0 0 0 0 0 0 0 0 0 0 0 0 0 0 0 0 0 0 0 0 0 0 0 0 0 0 0 0 0 0 0 0 0 0 0 0 0 0 0 0 0 0 0 0 0 0 0 0 0 0 0 0 0 0 0 0 0 0 0 0 0 0 0 0 0 0 0 0 0 0 0 0 0 0 0 0 0 0 0 0 0 0 0 0 0 0 0 0 0 0 0 0 0 0 0 0 0 0 0 0 0 0 0 0 0 0 0 0 0 0 0 0 0 0 0 0 0 0 0 0 0 0 0 0 0 0 0 0 0 0 0 0 0 0 0 0 0 0 0 0 0 0 0 0 0 0 0 0 0 0 0 0 0 0 0 0 0 0 0 0 0 0 0 0 0 0 0 0 0 0 0 0 0 0 0 0 0 0 0 0 0 0 0 0 0 0 0 0 0 0 0 0 0 0 0 0 0 0 0 0 0 0 0 0 0 0 0 0 0 0 0 0 0 0 0 0 0 0 0 2501 0 0 0 0 0 0 0 0 0 0 0 0 0 0 0 0 0 0 0 0 0 0 0 0 0 0 0 0 0 0 0 0 0 0 0 0 0 0 0 0 0 0 0 0 0 0 0 0 0 0 0 0 0 0 0 0 0 0 0 0 0 0 0 0 0 0 0 0 0 0 0 0 0 0 0 0 0 0 0 0 0 0 0 0 0 0 0 0 0 0 0 0 0 0 0 0 0 0 0 0 0 0 0 0 0 0 0 0 0 0 0 0 0 0 0 0 0 0 0 0 0 0 0 0 0 0 0 0 0 0 0 0 0 0 0 0 0 0 0 0 0 0 0 0 0 0 0 0 0 0 0 0 0 0 0 0 0 0 0 0 0 0 0 0 0 0 0 0 0 0 0 0 0 0 0 0 0 0 0 0 0 0 0 0 0 0 0 0 0 0 0 0 0 0 0 0 0 0 0 0 0 0 0 0 0 0 0 0 0 0 0 0 0 0 0 0 0 0 0 0 0 0 0 0 0 0 0 0 0 0 0 0 0 0 0 0 0 0 0 0 0 0 0 0 0 0 0 0 0 0 0 0 0 0 0 0 0 0 0 0 0 0 0 0 0 0 0 0 0 0 0 0 0 0 0 0 0 0 0 0 0 0 0 0 0 0 0 0 0 0 0 0 0 0 0 0 0 0 0 0 0 0 0 0 0 0 0 0 0 0 0 0 0 0 0 0 0 0 0 0 0 0 0 0 0 0 0 0 0 0 0 0 0 0 0 0 0 0 0 0 0 0 0 0 0 0 0 0 0 0 0 0 0 0 0 0 0 0 0 0 0 0 0 0 0 0 0 0 0 0 0 0 0 0 0 0 0 0 0 0 0 0 0 0 0 0 0 0 0 0 0 0 0 0 0 0 0 0 0 0 0 0 0 0 0 0 0 0 0 0 0 0 0 0 0 0 0 0 0 0 0 0 0 0 0 0 0 0 0 0 0 0 0 0 0 0 0 0 0 0 0 0 0 0 0 0 0 0 0 0 0 0 0 0 0 0 0 0 0 0 0 0 0 0 0 0 0 0 0 0 0 0 0 0 0 0 0 0 0 0 0 0 0 0 0 0 0 0 0 0 0 0 0 0 0 0 0 0 0 0 0 0 0 0 0 0 0 0 0 0 0 0 0 0 0 0 0 0 0 0 0 0 0 0 0 0 0 0 0 0 0 0 0 0 0 0 0 0 0 0 0 0 0 0 0 0 0 0 0 0 0 0 0 0 0 0 0 0 0 0 0 0 0 0 0 0 0 0 0 0 0 0 0 0 0 0 0 0 0 0 0 0 0 0 0 0 0 0 0 0 0 0 0 0 0 0 0 0 0 0 0 0 0 0 0 0 0 0 0 0 0 0 0 0 0 0 0 0 0 0 0 0 0 0 0 0 0 0 0 0 0 0 0 0 0 0 0 0 0 0 0 0 0 0 0 0 0 0 0 0 0 0 0 0 0 0 0 0 0 0 0 0 0 0 0 0 0 0 0 0 0 0 0 0 0 0 0 0 0 0 0 0 0 0 0 0 0 0 0 0 0 0 0 0 0 0 0 0 0 0 0 0 0 0 0 0 0 0 0 0 0 0 0 0 0 0 0 0 0 0 0 0 0 0 0 0 0 0 0 0 0 0 0 0 0 0 0 0 0 0 0 0 0 0 0 0 0 0 0 0 0 0 0 0 0 0 0 0 0 0 0 0 0 0 0 0 0 0 0 0 0 0 0 0 0 0 0 0 0 0 0 0 0 0 0 0 0 0 0 0 0 0 0 0 0 0 0 0 0 0 0 0 0 0 0 0 0 0 0 0 0 0 0 0 0 0 0 0 0 0 0 0 0 0 0 0 0 0 0 0 0 0 0 0 0 0 0 0 0 0 0 0 0 0 0 0 0 0 0 0 0 0 0 0 0 0 0 0 0 0 0 0 0 0 0 0 0 0 0 0 0 0 0 0 0 0 0 0 0 0 0 0 0 0 0 0 0 0 0 0 0 0 0 0 0 0 0 0 0 0 0 0 0 0 0 0 0 0 0 0 0 0 0 0 0 0 0 0 0 0 0 0 0 0 0 0 0 0 0 0 0 0 0 0 0 0 0 0 0 0 0 0 0 0 0 0 0 0 0 0 0 0 0 0 0 0 0 0 0 0 0 0 0 0 0 0 0 0 0 0 0 0 0 0 0 0 0 0 0 0 0 0 0 0 0 0 0 0 0 0 0 0 0 0 0 0 0 0 0 0 0 0 0 0 0 0 0 0 0 0 0 0 0 0 0 0 0 0 0 0 0 0 0 0 0 0 0 0 0 0 0 0 0 0 0 0 0 0 0 0 0 0 0 0 0 0 0 0 0 0 0 0 0 0 0 0 0 0 0 0 0 0 0 0 0 0 0 0 0 0 0 0 0 0 0 0 0 0 0 0 0 0 0 0 0 0 0 0 0 0 0 0 0 0 0 0 0 0 0 0 0 0 0 0 0 0 0 0 0 0 0 0 0 0 0 0 0 0 0 0 0 0 0 0 0 0 0 0 0 0 0 0 0 0 0 0 0 0 0 0 0 0 0 0 0 0 0 0 0 0 0 0 0 0 0 0 0 0 0 0 0 0 0 0 0 0 0 0 0 0 0 0 0 0 0 0 0 0 0 0 0 0 0 0 0 0 0 0 0 0 0 0 0 0 0 0 0 0 0 0 0 0 0 0 0 0 0 0 0 0 0 0 0 0 0 0 0 0 0 0 0 0 0 0 0 0 0 0 0 0 0 0 0 0 0 0 0 0 0 0 0 0 0 0 0 0 0 0 0 0 0 0 0 0 0 0 0 0 0 0 0 0 0 0 0 0 0 0 0 0 0 0 0 0 0 0 0 0 0 0 0 0 0 0 0 0 0 0 0 0 0 0 0 0 0 0 0 0 0 0 0 0 0 0 0 0 0 0 0 0 0 0 0 0 0 0 0 0 0 0 0 0 0 0 0 0 0 0 0 0 0 0 0 0 0 0 0 0 0 0 0 0 0 0 0 0 0 0 0 0 0 0 0 0 0 0 0 0 0 0 0 0 0 0 0 0 0 0 0 0 0 0 0 0 0 0 0 0 0 0 0 0 0 0 0 0 0 0 0 0 0 0 0 0 0 0 0 0 0 0 0 0 0 0 0 0 0 0 0 0 0 0 0 0 0 0 0 0 0 0 0 0 0 0 0 0 0 0 0 0 0 0 0 0 0 0 0 0 0 0 0 0 0 0 0 0 0 0 0 0 0 0 0 0 0 0 0 0 0 0 0 0 0 0 0 0 0 0 0 0 0 0 0 0 0 0 0 0 0 0 0 0 0 0 0 0 0 0 0 0 0 0 0 0 0 0 0 0 0 0 0 0 0 0 0 0 0 0 0 0 0 0 0 0 0 0 0 0 0 0 0 0 0 0 0 0 0 0 0 0 0 0 0 0 0 0 0 0 0 0 0 0 0 0 0 0 0 0 0 0 0 0 0 0 0 0 0 0 0 0 0 0 0 0 0 0 0 0 0 0 0 0 0 0 0 0 0 0 0 0 0 0 0 0 0 0 0 0 0 0 0 0 0 0 0 0 0 0 0 0 0 0 0 0 0 0 0 0 0 0 0 0 0 0 0 0 0 0 0 0 0 0 0 0 0 0 0 0 0 0 0 0 0 0 0 0 0 0 0 0 0 0 0 0 0 0 0 0 0 0 0 0 0 0 0 0 0 0 0 0 0 0 0 0 0 0 0 0 0 0 0 0 0 0 0 0 0 0 0 0 0 0 0 0 0 0 0 0 0 0 0 0 0 0 0 0 0 0 0 0 0 0 0 0 0 0 0 0 0 0 0 0 0 0 0 0 0 0 0 0 0 0 0 0 0 0 0 0 0 0 0 0 0 0 0 0 0 0 0 0 0 0 0 0 0 0 0 0 0 0 0 0 0 0 0 0 0 0 0 0 0 0 0 0 0 0 0 0 0 0 0 0 0 0 0 0 0 0 0 0 0 0 0 0 0 0 0 0 0 0 0 0 0 0 0 0 0 0 0 0 0 0 0 0 0 0 0 0 0 0 0 0 0 0 0 0 0 0 0 0 0 0 0 0 0 0 0 0 0 0 0 0 0 0 0 0 0 0 0 0 0 0 0 0 0 0 0 0 0 0 0 0 0 0 0 0 0 0 0 0 0 0 0 0 0 0 0 0 0 0 0 0 0 0 0 0 0 0 0 0 0 0 0 0 0 0 0 0 0 0 0 0 0 0 0 0 0 0 0 0 0 0 0 0 0 0 0 0 0 0 0 0 0 0 0 0 0 0 0 0 0 0 0 0 0 0 0 0 0 0 0 0 0 0 0 0 0 0 0 0 0 0 0 0 0 0 0 0 0 0 0 0 0 0 0 0 0 0 0 0 0 0 0 0 0 0 0 0 0 0 0 0 0 0 0 0 0 0 0 0 0 0 0 0 0 0 0 0 0 0 0 0 0 0 0 0 0 0 0 0 0 0 0 0 0 0 0 0 0 0 0 0 0 0 0 0 0 0 0 0 0 0 0 0 0 0 0 0 0 0 0 0 0 0 0 0 0 0 0 0 0 0 0 0 0 0 0 0 0 0 0 0 0 0 0 0 0 0 0 0 0 0 0 0 0 0 0 0 0 0 0 0 0 0 0 0 0 0 0 0 0 0 0 0 0 0 0 0 0 0 0 0 0 0 0 0 0 0 0 0 0 0 0 0 0 0 0 0 0 0 0 0 0 0 0 0 0 0 0 0 0 0 0 0 0 0 0 0 0 0 0 0 0 0 0 0 0 0 0 0 0 0 0 0 0 0 0 0 0 0 0 0 0 0 0 0 0 0 0 0 0 0 0 0 0 0 0 0 0 0 0 0 0 0 0 0 0 0 0 0 0 0 0 0 0 0 0 0 0 0 0 0 0 0 0 0 0 0 0 0 0 0 0 0 0 0 0 0 0 0 0 0 0 0 0 0 0 0 0 0 0 0 0 0 0 0 0 0 0 0 0 0 0 0 0 0 0 0 0 0 0 0 0 0 0 0 0 0 0 0 0 0 0 0 0 0 0 0 0 0 0 0 0 0 0 0 0 0 0 0 0 0 0 0 0 0 0 0 0 0 0 0 0 0 0 0 0 0 0 0 0 0 0 0 0 0 0 0 0 0 0 0 0 0 0 0 0 0 0 0 0 0 0 0 0 0 0 0 0 0 0 0 0 0 0 0 0 0 0 0 0 0 0 0 0 0 0 0 0 0 0 0 0 0 0 0 0 0 0 0 0 0 0 0 0 0 0 0 0 0 0 0 0 0 0 0 0 0 0 0 0 0 0 0 0 0 0 0 0 0 0 0 0 0 0 0 0 0 0 0 0 0 0 0 0 0 0 0 0 0 0 0 0 0 0 0 0 0 0 0 0 0 0 0 0 0 0 0 0 0 0 0 0 0 0 0 0 0 0 0 0 0 0 0 0 0 0 0 0 0 0 0 0 0 0 0 0 0 0 0 0 0 0 0 0 0 0 0 0 0 0 0 0 0 0 0 0 0 0 0 0 0 0 0 0 0 0 0 0 0 0 0 0 0 0 0 0 0 0 0 0 0 0 0 0 0 0 0 0 0 0 0 0 0 0 0 0 0 0 0 0 0 0 0 0 0 0 0 0 0 0 0 0 0 0 0 0 0 0 0 0 0 0 0 0 0 0 0 0 0 0 0 0 0 0 0 0 0 0 0 0 0 0 0 0 0 0 0 0 0 0 0 0 0 0 0 0 0 0 0 0 0 0 0 0 0 0 0 0 0 0 0 0 0 0 0 0 0 0 0 0 0 0 0 0 0 0 0 0 0 0 0 0 0 0 0 0 0 0 0 0 0 0 0 0 0 0 0 0 0 0 0 0 0 0 0 0 0 0 0 0 0 0 0 0 0 0 0 0 0 0 0 0 0 0 0 0 0 0 0 0 0 0 0 0 0 0 0 0 0 0 0 0 0 0 0 0 0 0 0 0 0 0 0 0 0 0 0 0 0 0 0 0 0 0 0 0 0 0 0 0 0 0 0 0 0 0 0 0 0 0 0 0 0 0 0 0 0 0 0 0 0 0 0 0 0 0 0 0 0 0 0 0 0 0 0 0 0 0 0 0 0 0 0 0 0 0 0 0 0 0 0 0 0 0 0 0 0 0 0 0 0 0 0 0 0 0 0 0 0 0 0 0 0 0 0 0 0 0 0 0 0 0 0 0 0 0 0 0 0 0 0 0 0 0 0 0 0 0 0 0 0 0 0 0 0 0 0 0 0 0 0 0 0 0 0 0 0 0 0 0 0 0 0 0 0 0 0 0 0 0 0 0 0 0 0 0 0 0 0 0 0 0 0 0 0 0 0 0 0 0 0 0 0 0 0 0 0 0 0 0 0 0 0 0 0 0 0 0 0 0 0 0 0 0 0 0 0 0 0 0 0 0 0 0 0 0 0 0 0 0 0 0 0 0 0 0 0 0 0 0 0 0 0 0 0 0 0 0 0 0 0 0 0 0 0 0 0 0 0 0 0 0 0 0 0 0 0 0 0 0 0 0 0 0 0 0 0 0 0 0 0 0 0 0 0 0 0 0 0 0 0 0 0 0 0 0 0 0 0 0 0 0 0 0 0 0 0 0 0 0 0 0 0 0 0 0 0 0 0 0 0 0 0 0 0 0 0 0 0 0 0 0 0 0 0 0 0 0 0 0 0 0 0 0 0 0 0 0 0 0 0 0 0 0 0 0 0 0 0 0 0 0 0 0 0 0 0 0 0 0 0 0 0 0 0 0 0 0 0 0 0 0 0 0 0 0 0 0 0 0 0 0 0 0 0 0 0 0 0 0 0 0 0 0 0 0 0 0 0 0 0 0 0 0 0 0 0 0 0 0 0 0 0 0 0 0 0 0 0 0 0 0 0 0 0 0 0 0 0 0 0 0 0 0 0 0 0 0 0 0 0 0 0 0 0 0 0 0 0 0 0 0 0 0 0 0 0 0 0 0 0 0 0 0 0 0 0 0 0 0 0 0 0 0 0 0 0 0 0 0 0 0 0 0 0 0 0 0 0 0 0 0 0 0 0 0 0 0 0 0 0 0 0 0 0 0 0 0 0 0 0 0 0 0 0 0 0 0 0 0 0 0 0 0 0 0 0 0 0 0 0 0 0 0 0 0 0 0 0 0 0 0 0 0 0 0 0 0 0 0 0 0 0 0 0 0 0 0 0 0 0 0 0 0 0 0 0 0 0 0 0 0 0 0 0 0 0 0 0 0 0 0 0 0 0 0 0 0 0 0 0 0 0 0 0 0 0 0 0 0 0 0 0 0 0 0 0 0 0 0 0 0 0 0 0 0 0 0 0 0 0 0 0 0 0 0 0 0 0 0 0 0 0 0 0 0 0 0 0 0 0 0 0 0 0 0 0 0 0 0 0 0 0 0 0 0 0 0 0 0 0 0 0 0 0 0 0 0 0 0 0 0 0 0 0 0 0 0 0 0 0 0 0 0 0 0 0 0 0 0 0 0 0 0 0 0 0 0 0 0 0 0 0 0 0 0 0 0 0 0 0 0 0 0 0 0 0 0 0 0 0 0 0 0 0 0 0 0 0 0 0 0 0 0 0 0 0 0 0 0 0 0 0 0 0 0 0 0 0 0 0 0 0 0 0 0 0 0 0 0 0 0 0 0 0 0 0 0 0 0 0 0 0 0 0 0 0 0 0 0 0 0 0 0 0 0 0 0 0 0 0 0 0 0 0 0 0 0 0 0 0 0 0 0 0 0 0 0 0 0 0 0 0 0 0 0 0 0 0 0 0 0 0 0 0 0 0 0 0 0 0 0 0 0 0 0 0 0 0 0 0 0 0 0 0 0 0 0 0 0 0 0 0 0 0 0 0 0 0 0 0 0 0 0 0 0 0 0 0 0 0 0 0 0 0 0 0 0 0 0 0 0 0 0 0 0 0 0 0 0 0 0 0 0 0 0 0 0 0 0 0 0 0 0 0 0 0 0 0 0 0 0 0 0 0 0 0 0 0 0 0 0 0 0 0 0 0 0 0 0 0 0 0 0 0 0 0 0 0 0 0 0 0 0 0 0 0 0 0 0 0 0 0 0 0 0 0 0 0 0 0 0 0 0 0 0 0 0 0 0 0 0 0 0 0 0 0 0 0 0 0 0 0 0 0 0 0 0 0 0 0 0 0 0 0 0 0 0 0 0 0 0 0 0 0 0 0 0 0 0 0 0 0 0 0 0 0 0 0 0 0 0 0 0 0 0 0 0 0 0 0 0 0 0 0 0 0 0 0 0 0 0 0 0 0 0 0 0 0 0 0 0 0 0 0 0 0 0 0 0 0 0 0 0 0 0 0 0 0 0 0 0 0 0 0 0 0 0 0 0 0 0 0 0 0 0 0 0 0 0 0 0 0 0 0 0 0 0 0 0 0 0 0 0 0 0 0 0 0 0 0 0 0 0 0 0 0 0 0 0 0 0 0 0 0 0 0 0 0 0 0 0 0 0 0 0 0 0 0 0 0 0 0 0 0 0 0 0 0 0 0 0 0 0 0 0 0 0 0 0 0 0 0 0 0 0 0 0 0 0 0 0 0 0 0 0 0 0 0 0 0 0 0 0 0 0 0 0 0 0 0 0 0 0 0 0 0 0 0 0 0 0 0 0 0 0 0 0 0 0 0 0 0 0 0 0 0 0 0 0 0 0 0 0 0 0 0 0 0 0 0 0 0 0 0 0 0 0 0 0 0 0 0 0 0 0 0 0 0 0 0 0 0 0 0 0 0 0 0 0 0 0 0 0 0 0 0 0 0 0 0 0 0 0 0 0 0 0 0 0 0 0 0 0 0 0 0 0 0 0 0 0 0 0 0 0 0 0 0 0 0 0 0 0 0 0 0 0 0 0 0 0 0 0 0 0 0 0 0 0 0 0 0 0 0 0 0 0 0 0 0 0 0 0 0 0 0 0 0 0 0 0 0 0 0 0 0 0 0 0 0 0 0 0 0 0 0 0 0 0 0 0 0 0 0 0 0 0 0 0 0 0 0 0 0 0 0 0 0 0 0 0 0 0 0 0 0 0 0 0 0 0 0 0 0 0 0 0 0 0 0 0 0 0 0 0 0 0 0 0 0 0 0 0 0 0 0 0 0 0 0 0 0 0 0 0 0 0 0 0 0 0 0 0 0 0 0 0 0 0 0 0 0 0 0 0 0 0 0 0 0 0 0 0 0 0 0 0 0 0 0 0 0 0 0 0 0 0 0 0 0 0 0 0 0 0 0 0 0 0 0 0 0 0 0 0 0 0 0 0 0 0 0 0 0 0 0 0 0 0 0 0 0 0 0 0 0 0 0 0 0 0 0 0 0 0 0 0 0 0 0 0 0 0 0 0 0 0 0 0 0 0 0 0 0 0 0 0 0 0 0 0 0 0 0 0 0 0 0 0 0 0 0 0 0 0 0 0 0 0 0 0 0 0 0 0 0 0 0 0 0 0 0 0 0 0 0 0 0 0 0 0 0 0 0 0 0 0 0 0 0 0 0 0 0 0 0 0 0 0 0 0 0 0 0 0 0 0 0 0 0 0 0 0 0 0 0 0 0 0 0 0 0 0 0 0 0 0 0 0 0 0 0 0 0 0 0 0 0 0 0 0 0 0 0 0 0 0 0 0 0 0 0 0 0 0 0 0 0 0 0 0 0 0 0 0 0 0 0 0 0 0 0 0 0 0 0 0 0 0 0 0 0 0 0 0 0 0 0 0 0 0 0 0 0 0 0 0 0 0 0 0 0 0 0 0 0 0 0 0 0 0 0 0 0 0 0 0 0 0 0 0 0 0 0 0 0 0 0 0 0 0 0 0 0 0 0 0 0 0 0 0 0 0 0 0 0 0 0 0 0 0 0 0 0 0 0 0 0 0 0 0 0 0 0 0 0 0 0 0 0 0 0 0 0 0 0 0 0 0 0 0 0 0 0 0 0 0 0 0 0 0 0 0 0 0 0 0 0 0 0 0 0 0 0 0 0 0 0 0 0 0 0 0 0 0 0 0 0 0 0 0 0 0 0 0 0 0 0 0 0 0 0 0 0 0 0 0 0 0 0 0 0 0 0 0 0 0 0 0 0 0 0 0 0 0 0 0 0 0 0 0 0 0 0 0 